0
0.3533334
0.4496343
0.4696108
0.4767878
0.4837366
0.4927329
0.5037875
0.5146406
0.5257235
0.5368214
0.5479606
0.5591066
0.5703856
0.5812507
0.5923824
0.6045218
0.6233537
0.630854
0.6378232
0.6478494
0.6590368
0.6704171
0.6812629
0.6924219
0.7035919
0.7145613
0.7256966
0.7368351
0.7478718
0.759635
0.7775578
0.7845811
0.7922592
0.8035581
0.81441
0.8255841
0.8368002
0.8478314
0.859031
0.8699906
0.8810679
0.8923324
0.903465
0.9149281
0.9331905
0.9409779
0.9478157
0.9588475
0.9702957
0.9810811
0.9921761
1.003419
1.014435
1.025512
1.036765
1.047722
1.058861
1.070501
1.089676
1.097328
1.104089
1.114293
1.125655
1.136919
1.147697
1.159022
1.16993
1.180997
1.192361
1.203544
1.214254
1.226126
1.242843
1.249875
1.258814
1.270225
1.280855
1.292175
1.303316
1.31426
1.325467
1.336456
1.347653
1.358852
1.370099
1.381425
1.400059
1.407732
1.414586
1.425399
1.436511
1.447557
1.458605
1.469954
1.480978
1.492173
1.503433
1.514117
1.525323
1.536899
1.554282
1.561341
1.569843
1.580818
1.592073
1.603362
1.61431
1.625227
1.63667
1.64737
1.659018
1.669843
1.681
1.69236
1.709601
1.71709
1.72524
1.736407
1.747293
1.7586
1.769759
1.780642
1.79204
1.803266
1.814468
1.825542
1.83668
1.848227
1.865969
1.873493
1.880692
1.891901
1.902998
1.914001
1.92513
1.936196
1.947392
1.958599
1.969667
1.98073
1.991773
2.003572
2.020902
2.027789
2.036124
2.047203
2.058395
2.069505
2.080642
2.091932
2.102986
2.114172
2.125196
2.136226
2.147303
2.159013
2.176498
2.184016
2.191623
2.202956
2.213985
2.225091
2.236359
2.247237
2.258478
2.26973
2.280583
2.291666
2.302819
2.314585
2.331733
2.338844
2.347219
2.358312
2.36973
2.380785
2.39164
2.402756
2.413907
2.424991
2.436212
2.447122
2.458277
2.470115
2.487605
2.494868
2.50262
2.513983
2.524922
2.53617
2.547218
2.558342
2.56938
2.580571
2.591622
2.602666
2.613889
2.625448
2.643977
2.651605
2.65867
2.669063
2.680263
2.691355
2.702719
2.713615
2.724615
2.735832
2.746816
2.758201
2.769283
2.780775
2.797928
2.805748
2.813419
2.82471
2.835847
2.846862
2.858177
2.869263
2.88024
2.891259
2.902675
2.913518
2.924983
2.93628
2.954011
2.961393
2.968946
2.980152
2.991743
3.002281
3.013413
3.024688
3.035556
3.046927
3.058028
3.069133
3.079968
3.091928
3.110069
3.11696
3.124447
3.135913
3.146618
3.157699
3.169054
3.18018
3.1911
3.202379
3.21339
3.224663
3.235616
3.247108
3.264555
3.271516
3.280119
3.290983
3.302454
3.313607
3.324552
3.335425
3.346697
3.357687
3.368924
3.380017
3.39108
3.402743
3.421072
3.428226
3.435356
3.446522
3.457947
3.468946
3.480064
3.491172
3.502159
3.513288
3.524293
3.535417
3.546633
3.558166
3.575882
3.582835
3.590851
3.602311
3.613322
3.624264
3.635445
3.64641
3.657486
3.668793
3.679695
3.690834
3.702013
3.713759
3.730954
3.738586
3.746343
3.757782
3.768741
3.779747
3.790886
3.802092
3.813177
3.824044
3.835178
3.846605
3.857553
3.869387
3.887247
3.894969
3.901785
3.913109
3.924259
3.93546
3.946464
3.9573
3.968879
3.979538
3.990801
4.002012
4.013211
4.024682
4.042109
4.050028
4.057255
4.068622
4.079827
4.090645
4.101822
4.113028
4.124077
4.135067
4.146143
4.157316
4.168541
4.180128
4.198668
4.205654
4.213182
4.224098
4.235095
4.246253
4.257229
4.268337
4.279379
4.290647
4.301755
4.312925
4.323964
4.335552
4.35388
4.361032
4.368263
4.379433
4.390728
4.401825
4.412774
4.423857
4.435064
4.446136
4.457153
4.468338
4.479297
4.491068
4.508991
4.516782
4.523969
4.535227
4.545928
4.55707
4.568152
4.57949
4.590527
4.601595
4.612561
4.623644
4.634777
4.646402
4.664824
4.672515
4.679465
4.690489
4.701498
4.712696
4.723881
4.735006
4.746315
4.757143
4.768018
4.779242
4.790464
4.802179
4.820254
4.827587
4.83466
4.84584
4.856887
4.868265
4.879197
4.890213
4.901402
4.912707
4.923701
4.934595
4.945752
4.957515
4.975046
4.982292
4.990141
5.001604
5.012586
5.02376
5.034798
5.045722
5.056731
5.067899
5.07922
5.090086
5.101306
5.112944
5.130693
5.138098
5.14556
5.156791
5.168368
5.179122
5.190203
5.20131
5.212428
5.223632
5.234761
5.245748
5.256724
5.268562
5.285908
5.292776
5.301067
5.312404
5.3235
5.334573
5.345682
5.356641
5.367714
5.37908
5.390277
5.401059
5.412159
5.424067
5.442299
5.449592
5.456532
5.467922
5.478814
5.490236
5.500998
5.512192
5.523243
5.534514
5.545616
5.556568
5.567817
5.579618
5.597705
5.604978
5.612079
5.62345
5.63436
5.645415
5.656799
5.667515
5.678769
5.690043
5.700903
5.712211
5.72346
5.734917
5.751869
5.758802
5.76755
5.778649
5.789818
5.801158
5.812134
5.823365
5.834484
5.845309
5.856401
5.867498
5.878692
5.89033
5.90868
5.91554
5.923003
5.934175
5.9453
5.956481
5.967845
5.978833
5.989827
6.00115
6.012323
6.022952
6.034181
6.04574
6.063239
6.070474
6.078641
6.089618
6.100987
6.111829
6.122886
6.134149
6.145268
6.156623
6.167627
6.178515
6.18975
6.201593
6.218709
6.225816
6.234158
6.245077
6.256368
6.267624
6.27847
6.289715
6.300928
6.31221
6.323198
6.334347
6.345689
6.357002
6.375186
6.382431
6.38958
6.400712
6.411694
6.42305
6.434205
6.445128
6.456109
6.467425
6.478357
6.489596
6.500697
6.512144
6.529318
6.536998
6.545154
6.55608
6.567771
6.578376
6.58951
6.600573
6.61157
6.622688
6.633786
6.644982
6.655986
6.667602
6.685521
6.692639
6.700341
6.711543
6.722675
6.734001
6.744974
6.756117
6.767275
6.778132
6.789493
6.800571
6.811593
6.823366
6.841083
6.848547
6.856002
6.867242
6.878145
6.889266
6.900313
6.911483
6.922477
6.933643
6.944702
6.955837
6.967215
6.978546
6.995465
7.003023
7.011562
7.02282
7.033914
7.044795
7.056044
7.067149
7.078078
7.089374
7.100556
7.111389
7.122878
7.134266
7.151507
7.158955
7.166849
7.17814
7.189433
7.20042
7.211702
7.222825
7.233914
7.24501
7.256124
7.267198
7.2784
7.289935
7.307068
7.314809
7.32273
7.33386
7.345001
7.356076
7.367114
7.37837
7.389402
7.400694
7.411576
7.422717
7.43385
7.445488
7.462639
7.469495
7.478207
7.489457
7.50052
7.511948
7.522797
7.533884
7.545002
7.556284
7.567423
7.578421
7.589489
7.601179
7.619069
7.626263
7.633282
7.644477
7.655515
7.66674
7.677726
7.689109
7.700081
7.711007
7.722261
7.733443
7.744342
7.756055
7.772663
7.779559
7.788722
7.79987
7.811023
7.822225
7.833483
7.844313
7.855503
7.866731
7.877723
7.888747
7.90009
7.911496
7.928971
7.936422
7.9443
7.955492
7.966523
7.977799
7.988929
8.000072
8.011194
8.022239
8.03337
8.044394
8.055611
8.067364
8.084978
8.092304
8.099833
8.110993
8.122046
8.13318
8.144289
8.155407
8.166422
8.177533
8.188693
8.199814
8.210855
8.222611
8.240611
8.248197
8.255181
8.266941
8.27744
8.288749
8.299737
8.310853
8.321934
8.333162
8.344065
8.355347
8.366332
8.377804
8.39512
8.402473
8.410614
8.422211
8.43326
8.444031
8.455385
8.466253
8.477266
8.488731
8.499915
8.510636
8.52175
8.533622
8.550662
8.558435
8.566195
8.577242
8.588501
8.599785
8.610876
8.622377
8.633279
8.644407
8.65554
8.666577
8.677711
8.689424
8.707262
8.714288
8.721599
8.732855
8.743867
8.754985
8.766165
8.777303
8.788406
8.799573
8.81051
8.821641
8.832786
8.844426
8.862556
8.870054
8.877191
8.88852
8.899468
8.91042
8.921742
8.932662
8.943892
8.955096
8.966435
8.977093
8.988275
8.999966
9.017161
9.02545
9.032561
9.043706
9.055079
9.065928
9.077041
9.08811
9.099409
9.110519
9.121435
9.132494
9.143648
9.156009
9.173781
9.181159
9.188051
9.19921
9.210479
9.22158
9.232593
9.243649
9.254929
9.265827
9.276967
9.28821
9.299348
9.310939
9.328706
9.336157
9.343568
9.354733
9.365798
9.376867
9.38823
9.399408
9.410558
9.421547
9.432676
9.443557
9.454838
9.466183
9.484423
9.491291
9.499005
9.510311
9.521194
9.532332
9.543496
9.554744
9.56576
9.576806
9.587866
9.599146
9.610561
9.621689
9.639313
9.646562
9.654435
9.665644
9.676862
9.688049
9.699089
9.710316
9.721164
9.732477
9.743474
9.754846
9.765689
9.777198
9.794267
9.801826
9.81001
9.821346
9.832529
9.843611
9.854695
9.865874
9.876945
9.887997
9.899103
9.910235
9.921334
9.93294
9.950086
9.957452
9.965653
9.976976
9.988097
9.999599
10.01058
10.02171
10.03272
10.0439
10.05499
10.06624
10.07744
10.08885
10.10681
10.11464
10.12145
10.13209
10.14328
10.15444
10.16549
10.1765
10.18754
10.1989
10.20998
10.22087
10.23231
10.24369
10.26112
10.26824
10.27647
10.28777
10.29862
10.31004
10.32089
10.33199
10.34318
10.35422
10.3655
10.37647
10.38759
10.39908
10.41647
10.4233
10.43221
10.44332
10.45437
10.46537
10.47676
10.48786
10.49903
10.51002
10.52113
10.53242
10.54336
10.55494
10.57294
10.58011
10.58734
10.59846
10.60963
10.62076
10.63177
10.64294
10.65409
10.66507
10.67626
10.68742
10.6984
10.71035
10.72788
10.73483
10.7428
10.75423
10.76508
10.77618
10.7873
10.7984
10.80975
10.8208
10.83175
10.8431
10.8541
10.86559
10.88387
10.89104
10.89826
10.90979
10.92081
10.93174
10.94307
10.95419
10.96494
10.97608
10.98738
10.99827
11.00942
11.02126
11.0383
11.04508
11.05375
11.06488
11.07609
11.08719
11.09822
11.10976
11.12062
11.13164
11.14291
11.15398
11.1649
11.17666
11.19459
11.20207
11.20925
11.22074
11.23159
11.24279
11.25413
11.26484
11.27613
11.28707
11.29831
11.30942
11.32043
11.33205
11.34994
11.35718
11.36496
11.37614
11.38695
11.39809
11.40928
11.42052
11.43146
11.44283
11.4538
11.46474
11.476
11.48749
11.50505
11.51193
11.52029
11.53135
11.54248
11.55366
11.56467
11.57578
11.58717
11.59802
11.6093
11.62043
11.6314
11.64315
11.66113
11.66843
11.67569
11.6872
11.69796
11.70918
11.72032
11.73123
11.7426
11.75357
11.76452
11.77562
11.78682
11.79844
11.81608
11.82334
11.83115
11.84244
11.85356
11.86451
11.87566
11.88695
11.89785
11.90906
11.92023
11.93119
11.94249
11.95404
11.9713
11.97771
11.98703
11.99785
12.00901
12.02018
12.03129
12.04259
12.05357
12.0646
12.07578
12.0868
12.09795
12.10962
12.12741
12.13458
12.14207
12.15337
12.16436
12.17585
12.18694
12.19765
12.20904
12.22013
12.23102
12.24227
12.25343
12.2649
12.28212
12.28898
12.29766
12.30941
12.32029
12.33161
12.34228
12.35356
12.36547
12.37576
12.38662
12.39764
12.40887
12.42032
12.43842
12.44543
12.45303
12.46425
12.47561
12.48652
12.49771
12.5089
12.51974
12.53083
12.54206
12.55324
12.56423
12.57598
12.59281
12.59977
12.60861
12.61989
12.63084
12.64185
12.65299
12.66407
12.67544
12.68653
12.69742
12.70863
12.71965
12.73126
12.74888
12.75647
12.76399
12.77544
12.78631
12.79754
12.80885
12.81993
12.83092
12.84201
12.85319
12.86443
12.8754
12.88716
12.9053
12.91275
12.92016
12.93081
12.94182
12.95296
12.96397
12.97535
12.98646
12.9973
13.00863
13.01976
13.03084
13.04231
13.06245
13.06947
13.07658
13.08651
13.09744
13.10853
13.1197
13.13055
13.14165
13.15293
13.16389
13.17511
13.18631
13.19769
13.21406
13.22177
13.23054
13.24176
13.25288
13.26384
13.27525
13.28621
13.29714
13.3082
13.31936
13.33059
13.34183
13.3533
13.37109
13.37778
13.38641
13.39718
13.40827
13.41936
13.43037
13.4416
13.45286
13.46372
13.47514
13.48621
13.49703
13.5088
13.52675
13.53377
13.54142
13.55259
13.56367
13.57505
13.58587
13.59701
13.60809
13.61924
13.63034
13.64164
13.65249
13.66455
13.6822
13.68983
13.69695
13.70831
13.71943
13.73024
13.74178
13.75277
13.76364
13.77486
13.78599
13.79692
13.80817
13.81982
13.83734
13.84503
13.8524
13.86348
13.87481
13.88576
13.89682
13.90837
13.9194
13.93027
13.94163
13.95266
13.96345
13.97526
13.99181
13.99889
14.00787
14.01924
14.03008
14.0414
14.05241
14.06358
14.07479
14.08586
14.09693
14.10824
14.11927
14.13087
14.1474
14.15485
14.1635
14.17484
14.18592
14.19711
14.20849
14.21981
14.23122
14.24234
14.25341
14.26452
14.27569
14.28725
14.30479
14.3126
14.3196
14.33037
14.34139
14.35258
14.36365
14.37477
14.38586
14.39686
14.40804
14.41907
14.43017
14.44188
14.45922
14.46579
14.47472
14.48587
14.49701
14.50801
14.51927
14.53027
14.54136
14.55237
14.5636
14.57463
14.58583
14.59737
14.61493
14.6224
14.63014
14.64111
14.65222
14.66337
14.67441
14.68548
14.6966
14.70778
14.71895
14.73005
14.74105
14.75282
14.77022
14.77771
14.78559
14.79666
14.80776
14.8187
14.82988
14.84116
14.8523
14.86347
14.87449
14.88561
14.89663
14.90818
14.92674
14.93352
14.94074
14.95216
14.963
14.97427
14.98518
14.99633
15.0074
15.01879
15.02961
15.04076
15.05205
15.06362
15.08195
15.08919
15.09627
15.10749
15.11863
15.12992
15.14077
15.15209
15.16313
15.17411
15.18514
15.19622
15.20757
15.21917
15.23716
15.24421
15.25169
15.26297
15.27403
15.28499
15.29634
15.30723
15.31847
15.32953
15.34073
15.35182
15.36285
15.3745
15.39294
15.39978
15.40713
15.41844
15.42944
15.44065
15.45193
15.46297
15.47388
15.48518
15.49615
15.5072
15.51817
15.53011
15.54719
15.5551
15.56259
15.57408
15.58503
15.59617
15.60707
15.61827
15.62953
15.64075
15.65176
15.66286
15.67392
15.68566
15.70367
15.71103
15.71819
15.7294
15.74061
15.75154
15.76296
15.77408
15.78497
15.79599
15.80723
15.81808
15.82953
15.841
15.85956
15.86662
15.87354
15.8848
15.89606
15.90696
15.91811
15.92965
15.94042
15.95165
15.96277
15.97393
15.98495
15.99696
16.01406
16.02111
16.02904
16.0405
16.05163
16.06257
16.07384
16.08461
16.09571
16.10719
16.11799
16.12926
16.14043
16.15191
16.1691
16.17647
16.18452
16.19574
16.20705
16.21798
16.22906
16.24032
16.25153
16.26283
16.27387
16.28492
16.29602
16.30766
16.32577
16.33276
16.3401
16.35138
16.36256
16.37336
16.38448
16.39564
16.40687
16.41814
16.42902
16.44037
16.45121
16.46298
16.4793
16.48632
16.49557
16.50684
16.51774
16.52902
16.54031
16.55106
16.56251
16.57336
16.58472
16.59565
16.60664
16.61834
16.63736
16.64459
16.65186
16.66217
16.67345
16.68443
16.69568
16.7066
16.71782
16.72897
16.74002
16.75102
16.76211
16.7739
16.79127
16.79828
16.80661
16.8178
16.82869
16.83994
16.85108
16.86216
16.87329
16.88431
16.89538
16.90646
16.91773
16.93002
16.94847
16.95634
16.96321
16.97301
16.98418
16.9952
17.00663
17.01748
17.02857
17.03969
17.05102
17.06209
17.07323
17.08495
17.10248
17.10987
17.11771
17.12868
17.1399
17.15078
17.16222
17.17338
17.18428
17.19516
17.20663
17.2176
17.22861
17.24039
17.25761
17.26461
17.27306
17.28419
17.29535
17.30642
17.31756
17.32855
17.33962
17.35068
17.36184
17.37313
17.38413
17.39575
17.41373
17.42127
17.42886
17.43973
17.45065
17.46206
17.47331
17.48389
17.49515
17.50633
17.51745
17.52873
17.53957
17.5514
17.56991
17.57708
17.5842
17.59503
17.60624
17.61732
17.6285
17.63946
17.65072
17.6617
17.67288
17.68379
17.69517
17.70655
17.72374
17.73079
17.73954
17.75047
17.76166
17.7729
17.78389
17.7949
17.80599
17.81705
17.82862
17.83948
17.85051
17.86213
17.87949
17.88657
17.89476
17.90628
17.91709
17.92828
17.93948
17.95048
17.96165
17.97302
17.98415
17.99538
18.00634
18.01792
18.0357
18.04345
18.05082
18.06166
18.07282
18.0837
18.09484
18.10603
18.11695
18.12828
18.13929
18.15041
18.16152
18.17308
18.19046
18.19771
18.20588
18.21706
18.22818
18.23916
18.25032
18.26147
18.27253
18.28358
18.29495
18.30585
18.31689
18.329
18.34685
18.35455
18.36166
18.3726
18.38362
18.39464
18.40591
18.41682
18.42812
18.43913
18.45025
18.46137
18.47267
18.48392
18.50146
18.50847
18.51678
18.52793
18.53901
18.55001
18.56169
18.57242
18.58331
18.59456
18.60564
18.61672
18.62778
18.63956
18.65773
18.66474
18.67215
18.68331
18.69468
18.70573
18.71667
18.72808
18.73889
18.75012
18.76133
18.77253
18.78326
18.79498
18.8123
18.82008
18.82775
18.83902
18.85009
18.86124
18.87239
18.88328
18.89463
18.90582
18.91668
18.92783
18.93877
18.95034
18.96711
18.97454
18.98318
18.99458
19.00543
19.01673
19.0277
19.03913
19.05027
19.06133
19.07244
19.08368
19.09479
19.10649
19.12473
19.13205
19.13901
19.14985
19.16094
19.17214
19.18305
19.19443
19.20535
19.2164
19.2275
19.23895
19.24994
19.26137
19.27855
19.28501
19.29445
19.30539
19.31634
19.32773
19.33858
19.34966
19.36105
19.37212
19.38298
19.39433
19.40543
19.4168
19.43437
19.4416
19.44983
19.4608
19.47197
19.48304
19.49409
19.50539
19.5163
19.52748
19.53879
19.54976
19.56085
19.57244
19.59
19.59734
19.60527
19.61652
19.6274
19.63858
19.64973
19.66086
19.67185
19.68299
19.69405
19.7054
19.71657
19.72816
19.74523
19.75322
19.7606
19.77236
19.78299
19.79425
19.80533
19.81642
19.82745
19.83862
19.84987
19.86076
19.87189
19.88349
19.90142
19.90893
19.91603
19.92714
19.93827
19.94967
19.96061
19.97202
19.9826
19.99382
20.00507
20.01602
20.02709
20.0388
20.05656
20.06403
20.07156
20.08274
20.09412
20.10502
20.11601
20.12721
20.1383
20.14945
20.16045
20.17165
20.1827
20.19441
20.21302
20.2209
20.2278
20.23824
20.24917
20.26045
20.27153
20.28251
20.29378
20.30495
20.31582
20.32698
20.33807
20.34972
20.36707
20.37462
20.38258
20.39366
20.40479
20.41577
20.42685
20.43811
20.44915
20.46031
20.47144
20.4825
20.49365
20.50535
20.52308
20.53036
20.53797
20.54905
20.56045
20.57145
20.58232
20.59368
20.60481
20.61589
20.62679
20.63796
20.64906
20.66065
20.6786
20.68577
20.69342
20.70478
20.71562
20.7269
20.73789
20.74903
20.76035
20.77144
20.78227
20.79354
20.80466
20.81607
20.83413
20.84177
20.84949
20.86042
20.87135
20.88223
20.89352
20.90473
20.91555
20.92684
20.93783
20.94924
20.96
20.97173
20.98923
20.99639
21.00461
21.01549
21.02696
21.03776
21.04877
21.05999
21.07111
21.08229
21.0932
21.10456
21.11551
21.12729
21.14648
21.15384
21.16093
21.17168
21.18221
21.19354
21.20439
21.21563
21.22683
21.23791
21.24907
21.26019
21.2712
21.28268
21.29958
21.30664
21.31559
21.32675
21.3384
21.34871
21.3598
21.3709
21.38195
21.39329
21.40431
21.41541
21.4265
21.43828
21.45628
21.46342
21.47086
21.48215
21.49317
21.50418
21.51557
21.52668
21.53778
21.54861
21.55968
21.57077
21.58207
21.59369
21.61166
21.6194
21.62629
21.63747
21.64856
21.6602
21.67115
21.68181
21.69309
21.70448
21.71518
21.72651
21.73753
21.74903
21.76618
21.77307
21.78171
21.79302
21.8042
21.8151
21.82636
21.83739
21.84837
21.8597
21.87083
21.88172
21.89299
21.90474
21.92229
21.92992
21.93725
21.94854
21.95969
21.9706
21.98194
21.99307
22.0041
22.01504
22.02616
22.03745
22.04838
22.06002
22.07684
22.08401
22.09291
22.10416
22.11492
22.12619
22.13717
22.14832
22.15975
22.17067
22.18164
22.19299
22.20394
22.21549
22.23216
22.23934
22.24816
22.25953
22.27058
22.28197
22.29314
22.30453
22.3158
22.32716
22.33817
22.34914
22.3603
22.37192
22.38969
22.39703
22.40412
22.41485
22.4259
22.43723
22.44828
22.45941
22.47041
22.48171
22.49278
22.50413
22.51482
22.52699
22.5462
22.55424
22.56185
22.5703
22.58142
22.59248
22.60382
22.6148
22.6258
22.6371
22.64816
22.65912
22.67032
22.68197
22.69978
22.70708
22.71462
22.72604
22.73699
22.74801
22.75905
22.77045
22.78132
22.79259
22.80379
22.8146
22.82615
22.83737
22.85606
22.86331
22.87038
22.88143
22.89254
22.90378
22.91458
22.92602
22.93679
22.94798
22.95909
22.97029
22.98119
22.99278
23.01016
23.01708
23.02566
23.03697
23.0479
23.05924
23.07019
23.08114
23.09229
23.10343
23.11451
23.12563
23.13663
23.14834
23.16653
23.17346
23.18109
23.19236
23.20362
23.21454
23.2259
23.23662
23.24774
23.2589
23.27015
23.28102
23.29232
23.30407
23.3222
23.32979
23.33665
23.3477
23.3588
23.37009
23.3811
23.39236
23.40346
23.41435
23.42559
23.4366
23.44762
23.45927
23.47642
23.48324
23.49216
23.50327
23.51433
23.52534
23.53654
23.54778
23.55879
23.56989
23.58108
23.59218
23.6034
23.61488
23.63305
23.64008
23.64748
23.65915
23.66995
23.68082
23.692
23.70331
23.71417
23.7253
23.73666
23.74755
23.75877
23.77036
23.9809
23.99194
24.00308
24.01421
24.02524
24.03654
24.04755
24.05887
24.0698
24.08138
24.09953
24.10694
24.11405
24.12526
24.13647
24.14779
24.15858
24.16947
24.18057
24.19188
24.20283
24.21391
24.22499
24.23697
24.25466
24.26196
24.26935
24.28056
24.29203
24.3029
24.31402
24.32502
24.3363
24.34775
24.35867
24.36945
24.38053
24.39223
24.40936
24.41688
24.42492
24.43621
24.44714
24.45834
24.46934
24.48052
24.49155
24.50269
24.51389
24.5251
24.53623
24.5476
24.56598
24.57377
24.58089
24.59171
24.60274
24.61378
24.62486
24.63589
24.6471
24.65824
24.66927
24.68046
24.69149
24.70343
24.7206
24.72749
24.73595
24.74697
24.75817
24.76919
24.78061
24.79162
24.80251
24.81372
24.82471
24.83612
24.84695
24.85874
24.87704
24.88416
24.89186
24.90268
24.91362
24.92481
24.93581
24.94699
24.95818
24.96924
24.98022
24.99129
25.00259
25.01428
25.03202
25.03966
25.04681
25.05836
25.06908
25.08014
25.09126
25.10252
25.1135
25.1248
25.13616
25.14684
25.15794
25.16948
25.1874
25.19451
25.20255
25.21356
25.22455
25.23586
25.24671
25.25817
25.26919
25.28006
25.29115
25.30239
25.31339
25.32523
25.3432
25.35061
25.3577
25.36892
25.38
25.39144
25.40257
25.41361
25.42439
25.43563
25.44665
25.458
25.46911
25.48071
25.49766
25.50467
25.51324
25.52441
25.53562
25.54667
25.55795
25.56877
25.57989
25.59111
25.60236
25.61332
25.62441
25.63592
25.65358
25.66064
25.66892
25.67981
25.69106
25.70213
25.71324
25.72467
25.73567
25.74692
25.7579
25.76911
25.78011
25.79168
25.80814
25.81542
25.82462
25.83578
25.84671
25.85799
25.869
25.87998
25.89114
25.90221
25.9133
25.92447
25.93554
25.94737
25.9657
25.97348
25.98031
25.99114
26.00212
26.01329
26.02433
26.03554
26.04636
26.05749
26.06872
26.07962
26.09094
26.10254
26.121
26.12823
26.13527
26.1464
26.15746
26.16873
26.17963
26.19096
26.20205
26.21298
26.22418
26.23537
26.24634
26.25808
26.27501
26.28217
26.29097
26.30187
26.31303
26.32427
26.33508
26.34625
26.35728
26.36874
26.37943
26.39088
26.40177
26.41348
26.43066
26.43785
26.44604
26.45746
26.46879
26.47963
26.49067
26.50176
26.51311
26.52454
26.5356
26.54661
26.55784
26.56938
26.58754
26.59512
26.60262
26.61285
26.62452
26.63503
26.64611
26.65721
26.66826
26.67939
26.69059
26.70199
26.71288
26.72443
26.74203
26.74891
26.75707
26.76816
26.77936
26.79061
26.80187
26.81266
26.8238
26.83489
26.84614
26.85711
26.86824
26.87984
26.89776
26.90562
26.91325
26.92392
26.93476
26.94599
26.95715
26.96826
26.97923
26.9906
27.00145
27.01269
27.02378
27.03519
27.05203
27.0591
27.06813
27.07935
27.09031
27.10147
27.11267
27.12375
27.13467
27.14592
27.15693
27.16817
27.17922
27.19095
27.20883
27.21644
27.22352
27.23475
27.24586
27.25696
27.26798
27.27927
27.29037
27.30124
27.31261
27.32359
27.33495
27.34649
27.36408
27.37158
27.37892
27.39023
27.40135
27.41243
27.42356
27.43496
27.44584
27.45724
27.46792
27.47923
27.49023
27.50186
27.51945
27.52604
27.53463
27.546
27.55713
27.56795
27.57903
27.59015
27.60137
27.6123
27.62356
27.63447
27.64563
27.6576
27.67564
27.68289
27.68988
27.7011
27.71257
27.72352
27.73463
27.74562
27.75661
27.76773
27.77894
27.79004
27.80105
27.81288
27.83019
27.83751
27.84542
27.85665
27.86789
27.87894
27.89009
27.90121
27.91238
27.92351
27.93454
27.94542
27.95654
27.96814
27.98569
27.99275
28.00108
28.01215
28.02312
28.03452
28.04549
28.05663
28.06771
28.07905
28.09011
28.10107
28.11233
28.12378
28.14116
28.14863
28.15667
28.16798
28.17893
28.19011
28.20116
28.21234
28.22334
28.2345
28.24549
28.25663
28.26772
28.27932
28.29649
28.30376
28.31202
28.32343
28.33431
28.34585
28.357
28.3679
28.379
28.39008
28.40125
28.41239
28.42339
28.43506
28.45342
28.46083
28.46856
28.47861
28.48957
28.50084
28.51199
28.52287
28.53399
28.54559
28.55624
28.56727
28.57866
28.59015
28.60801
28.61552
28.62279
28.63387
28.64519
28.65631
28.66765
28.67869
28.68953
28.70074
28.71183
28.723
28.73403
28.74571
28.7636
28.77126
28.77838
28.78965
28.8009
28.81185
28.82281
28.83397
28.84495
28.85602
28.86737
28.87837
28.88958
28.90121
28.91863
28.92612
28.93375
28.94503
28.95606
28.96717
28.97832
28.9894
29.0005
29.01175
29.02264
29.03376
29.04495
29.05659
29.07441
29.08177
29.0892
29.10037
29.11177
29.12264
29.13393
29.14493
29.15648
29.16714
29.17833
29.18922
29.20044
29.21197
29.22846
29.23553
29.245
29.25593
29.26702
29.27835
29.28939
29.30048
29.31146
29.32251
29.33361
29.34493
29.35604
29.36744
29.38502
29.39247
29.4002
29.41149
29.42247
29.43386
29.44501
29.45631
29.46705
29.47833
29.48941
29.50053
29.51158
29.52312
29.54008
29.54688
29.55582
29.56709
29.57822
29.5892
29.60035
29.61143
29.62258
29.63371
29.64474
29.6558
29.66695
29.67879
29.69674
29.7038
29.71118
29.72231
29.73341
29.74468
29.75557
29.76674
29.77775
29.78921
29.80025
29.81133
29.82237
29.83396
29.85177
29.85881
29.86661
29.87778
29.88896
29.90006
29.91127
29.92241
29.93355
29.9444
29.9555
29.96659
29.97809
29.98965
30.00676
30.01363
30.02221
30.03339
30.04446
30.05548
30.0666
30.07772
30.08883
30.10007
30.1114
30.12223
30.1334
30.14493
30.16229
30.16893
30.17774
30.18894
30.19994
30.21134
30.22241
30.23347
30.24468
30.25577
30.26673
30.27788
30.28897
30.30071
30.31936
30.32662
30.33364
30.34448
30.35542
30.36652
30.37763
30.38894
30.39993
30.41109
30.42213
30.433
30.44474
30.45601
30.47394
30.48143
30.48849
30.49997
30.51107
30.52194
30.53316
30.54422
30.55522
30.56628
30.57743
30.5889
30.59988
30.61169
30.62983
30.63694
30.64414
30.65535
30.66636
30.67743
30.68843
30.69968
30.71082
30.72185
30.73289
30.744
30.75515
30.7667
30.78355
30.79047
30.79974
30.81106
30.82186
30.83295
30.84418
30.85505
30.8662
30.87726
30.88873
30.89942
30.91081
30.92217
30.94091
30.94821
30.95527
30.96645
30.97737
30.98827
30.99942
31.01068
31.02161
31.03277
31.04431
31.05501
31.06648
31.07796
31.09549
31.10277
31.11046
31.12184
31.13282
31.14416
31.15492
31.16625
31.17718
31.18826
31.19933
31.21079
31.22161
31.23314
31.2496
31.25669
31.26609
31.27708
31.28833
31.29933
31.31059
31.3216
31.33263
31.34377
31.35492
31.36616
31.37723
31.38866
31.40652
31.4141
31.42138
31.43257
31.44392
31.45501
31.46602
31.477
31.48807
31.49931
31.51059
31.52149
31.53257
31.54421
31.56253
31.56968
31.57706
31.58803
31.59916
31.61053
31.62146
31.63236
31.64372
31.6547
31.6659
31.67694
31.68799
31.69954
31.71653
31.7238
31.73252
31.74356
31.75462
31.76594
31.77687
31.78798
31.79939
31.81038
31.82126
31.83237
31.84361
31.85516
31.87299
31.88
31.88792
31.89898
31.91027
31.92119
31.93228
31.94364
31.95451
31.9657
31.9768
31.98783
31.99928
32.01093
32.02801
32.03574
32.04326
32.05445
32.06551
32.07668
32.08772
32.09897
32.11005
32.12107
32.13241
32.14355
32.15459
32.16602
32.18437
32.19182
32.19888
32.21031
32.22107
32.23209
32.24356
32.25439
32.26571
32.27673
32.28769
32.29883
32.3099
32.3215
32.33955
32.34701
32.35437
32.36535
32.37703
32.38787
32.39881
32.41007
32.42093
32.43242
32.44342
32.45428
32.46535
32.47699
32.49381
32.50082
32.51013
32.5213
32.53225
32.54339
32.55435
32.56573
32.57648
32.58756
32.59863
32.6099
32.62108
32.63247
32.65082
32.65864
32.66549
32.67683
32.68754
32.69865
32.70986
32.72072
32.73217
32.74303
32.75413
32.76525
32.77645
32.78801
32.80547
32.81239
32.82072
32.83205
32.84325
32.85419
32.86512
32.87638
32.88741
32.89866
32.90977
32.92072
32.93186
32.94396
32.96138
32.96913
32.97628
32.98736
32.99842
33.00977
33.02089
33.03177
33.04287
33.05398
33.06501
33.07627
33.08743
33.09882
33.11629
33.12355
33.13191
33.14305
33.15393
33.16518
33.17622
33.18724
33.19856
33.20968
33.22062
33.23173
33.24318
33.25463
33.27245
33.27964
33.28717
33.29827
33.30947
33.32049
33.33172
33.34289
33.35393
33.36488
33.37621
33.38716
33.3982
33.41013
33.42787
33.43541
33.44256
33.45385
33.46488
33.47657
33.48724
33.49858
33.50969
33.52037
33.53152
33.54285
33.5539
33.5654
33.58395
33.59084
33.5981
33.60952
33.62037
33.63161
33.64277
33.65372
33.66479
33.67595
33.68708
33.69824
33.70941
33.72107
33.73849
33.74565
33.75376
33.76487
33.77596
33.787
33.79804
33.80923
33.82048
33.83139
33.84251
33.85366
33.86462
33.8763
33.89421
33.90123
33.90905
33.92042
33.93129
33.94268
33.95366
33.96475
33.97575
33.98686
33.99805
34.00907
34.02066
34.03176
34.04871
34.0564
34.06461
34.07594
34.08684
34.098
34.10929
34.12028
34.13118
34.14256
34.15361
34.16473
34.17617
34.18729
34.20477
34.21176
34.22025
34.23143
34.24259
34.25368
34.2648
34.27618
34.28721
34.29818
34.30929
34.32045
34.33152
34.34308
34.36075
34.3685
34.37578
34.38687
34.39799
34.40911
34.42031
34.43135
34.44236
34.45343
34.46447
34.47561
34.48677
34.49845
34.51524
34.52249
34.53112
34.54228
34.55345
34.56446
34.5757
34.58667
34.5977
34.60881
34.61996
34.63108
34.64217
34.65378
34.67135
34.67878
34.68663
34.69778
34.70888
34.72024
34.73118
34.7424
34.75341
34.76462
34.77568
34.78703
34.79844
34.80967
34.82833
34.83535
34.84235
34.85336
34.8641
34.87562
34.88641
34.8976
34.90879
34.91998
34.93093
34.94188
34.95315
34.9647
34.98264
34.99045
34.99753
35.00877
35.01968
35.0307
35.04199
35.05333
35.06409
35.07537
35.08632
35.09737
35.1085
35.1202
35.13774
35.14459
35.15327
35.16403
35.17516
35.18632
35.19733
35.20882
35.2198
35.23099
35.24174
35.2532
35.26399
35.27582
35.29322
35.30061
35.30833
35.31976
35.33059
35.34204
35.35317
35.36415
35.37527
35.38633
35.3974
35.40868
35.41972
35.43121
35.44904
35.45607
35.46383
35.47519
35.48622
35.49746
35.50858
35.51945
35.53051
35.5419
35.55295
35.5639
35.57491
35.58682
35.60463
35.61168
35.61929
35.63044
35.64175
35.653
35.66371
35.67511
35.6863
35.69707
35.70839
35.71932
35.73048
35.74223
35.75945
35.76665
35.77474
35.78644
35.79707
35.8082
35.81935
35.83039
35.84148
35.85271
35.86378
35.8748
35.88611
35.89754
35.91541
35.92252
35.93064
35.94162
35.95261
35.96365
35.97477
35.9861
35.99689
36.00822
36.01928
36.03025
36.04146
36.05332
36.07064
36.07828
36.08609
36.09687
36.10822
36.11935
36.13025
36.14128
36.15289
36.16353
36.17467
36.18588
36.19682
36.20855
36.22532
36.23265
36.24134
36.25265
36.26348
36.2746
36.28596
36.29692
36.30809
36.31934
36.33015
36.34127
36.35264
36.36406
36.38192
36.38955
36.39676
36.40798
36.41904
36.43007
36.44116
36.45238
36.4633
36.47452
36.48573
36.49673
36.50801
36.51955
36.53629
36.54325
36.55268
36.5636
36.57463
36.58578
36.59658
36.60783
36.61897
36.63001
36.64104
36.6522
36.66321
36.67485
36.69254
36.69994
36.70765
36.71919
36.72996
36.74133
36.75234
36.76339
36.77451
36.78588
36.79671
36.80789
36.819
36.83059
36.84851
36.8555
36.86325
36.87436
36.88568
36.89645
36.90758
36.91872
36.93052
36.94112
36.95242
36.96307
36.97438
36.98583
37.00326
37.01026
37.01874
37.02972
37.04105
37.052
37.06304
37.07417
37.08548
37.09643
37.10761
37.11909
37.12973
37.14155
37.15907
37.16632
37.1743
37.18521
37.19648
37.20765
37.21874
37.22969
37.24095
37.25229
37.26326
37.27437
37.28525
37.29688
37.31478
37.32219
37.32955
37.34093
37.3521
37.36293
37.37432
37.38526
37.39618
37.40736
37.41862
37.42954
37.44089
37.45234
37.46979
37.47678
37.48509
37.49622
37.50729
37.51856
37.52955
37.54066
37.55189
37.56283
37.57435
37.58501
37.59626
37.60791
37.62573
37.63306
37.64055
37.65188
37.66274
37.67413
37.6851
37.69602
37.7073
37.71856
37.7294
37.74071
37.75179
37.76328
37.78083
37.78747
37.79601
37.80724
37.81829
37.82944
37.84066
37.85167
37.86267
37.87382
37.88544
37.89614
37.9071
37.91869
37.93728
37.94436
37.95206
37.96255
37.97361
37.98524
37.99598
38.00704
38.01843
38.02918
38.04058
38.0518
38.06257
38.07432
38.09137
38.09898
38.10711
38.11839
38.1292
38.14033
38.15156
38.16261
38.17372
38.18517
38.19591
38.20727
38.21829
38.22966
38.24652
38.25359
38.26242
38.27381
38.28525
38.29576
38.30689
38.31812
38.32948
38.34084
38.35209
38.36318
38.37426
38.38614
38.40354
38.41037
38.41787
38.429
38.44019
38.45143
38.46244
38.47363
38.48484
38.49588
38.5069
38.51831
38.52919
38.54089
38.55816
38.56539
38.57411
38.58492
38.59565
38.60675
38.61786
38.62899
38.64004
38.65119
38.66219
38.67365
38.68486
38.69615
38.71302
38.72029
38.7289
38.74012
38.7513
38.76246
38.77386
38.78505
38.79589
38.80712
38.81813
38.82924
38.84054
38.85199
38.86971
38.87766
38.88508
38.89583
38.90683
38.91797
38.9297
38.94033
38.95135
38.96242
38.97357
38.98507
38.9957
39.00727
39.0247
39.03149
39.04025
39.05135
39.06257
39.07341
39.08453
39.09558
39.10666
39.11792
39.12885
39.14016
39.15119
39.16279
39.18039
39.18855
39.19562
39.20683
39.21775
39.229
39.24001
39.25109
39.26241
39.27343
39.28462
39.2956
39.30662
39.31845
39.33604
39.34354
39.35088
39.36211
39.37332
39.3842
39.39532
39.40646
39.41751
39.42856
39.43989
39.45099
39.462
39.47354
39.49253
39.50007
39.50704
39.51741
39.52843
39.53981
39.55105
39.56182
39.57319
39.58453
39.59548
39.60644
39.61759
39.62928
39.64725
39.65492
39.66173
39.67301
39.68421
39.69553
39.70623
39.71738
39.7284
39.73952
39.75063
39.76178
39.77296
39.78452
39.80233
39.80941
39.81721
39.82834
39.83982
39.8508
39.86185
39.87292
39.88417
39.89505
39.90619
39.91738
39.92828
39.94016
39.95778
39.96518
39.97271
39.98383
39.99497
40.00609
40.01738
40.02851
40.03944
40.05046
40.0615
40.07281
40.08401
40.09556
40.11331
40.1209
40.12815
40.13945
40.15068
40.16151
40.17297
40.18396
40.19505
40.20608
40.21726
40.22825
40.23928
40.25104
40.26861
40.27565
40.28361
40.29486
40.30616
40.31721
40.32817
40.33921
40.35048
40.36153
40.37258
40.38394
40.39486
40.40649
40.42406
40.43134
40.43909
40.45031
40.46141
40.47274
40.48384
40.49489
40.50608
40.5173
40.52824
40.53938
40.55045
40.56212
40.57984
40.58723
40.59464
40.60577
40.6169
40.62792
40.63902
40.65024
40.66121
40.67282
40.68351
40.69461
40.70584
40.71737
40.7338
40.74103
40.75035
40.76122
40.77251
40.78346
40.79467
40.80587
40.81671
40.8281
40.83909
40.85034
40.86143
40.87293
40.89182
40.89911
40.90599
40.91671
40.92781
40.93904
40.95027
40.96133
40.97234
40.98367
40.99444
41.00566
41.01688
41.02828
41.04567
41.05376
41.0611
41.07239
41.08363
41.09468
41.10571
41.11674
41.1277
41.139
41.15014
41.16109
41.17229
41.18396
41.20222
41.20906
41.21651
41.22764
41.23893
41.25005
41.26104
41.27243
41.28341
41.29456
41.30561
41.31684
41.32769
41.33946
41.35761
41.36494
41.37195
41.38334
41.39431
41.40558
41.41679
41.42759
41.43874
41.44999
41.4609
41.47217
41.48309
41.49488
41.51191
41.51901
41.5275
41.53874
41.54994
41.56084
41.57212
41.5831
41.59412
41.60566
41.61657
41.62752
41.63872
41.65024
41.66831
41.6752
41.68288
41.69415
41.70567
41.71654
41.72739
41.73854
41.74975
41.76082
41.77182
41.78293
41.79409
41.80583
41.82441
41.83151
41.83846
41.84989
41.86081
41.87181
41.88308
41.89402
41.90532
41.91637
41.92739
41.9385
41.94963
41.96114
41.97941
41.98621
41.994
42.0052
42.01615
42.02724
42.03836
42.04972
42.06065
42.07169
42.08314
42.09422
42.10526
42.11694
42.13426
42.14172
42.14943
42.16063
42.17176
42.18285
42.19382
42.20507
42.21641
42.22721
42.23869
42.24965
42.26052
42.27214
42.28879
42.2959
42.30493
42.31611
42.32708
42.33855
42.34952
42.36065
42.37173
42.38301
42.39411
42.4053
42.41614
42.42776
42.44475
42.45214
42.46061
42.47187
42.48286
42.49419
42.5057
42.51675
42.52791
42.53899
42.55021
42.56122
42.57226
42.58397
42.60248
42.61012
42.61722
42.62692
42.63804
42.64912
42.66022
42.67144
42.68245
42.69363
42.70472
42.71605
42.72696
42.73855
42.75611
42.76292
42.77135
42.7825
42.79354
42.80474
42.81587
42.82687
42.83808
42.84928
42.86023
42.87142
42.88258
42.894
42.91263
42.91991
42.927
42.93784
42.94948
42.96011
42.97124
42.98242
42.9936
43.00466
43.01566
43.02673
43.03789
43.0497
43.06802
43.07483
43.0823
43.09348
43.1046
43.11573
43.12683
43.13804
43.1491
43.16008
43.17137
43.18262
43.19353
43.20515
43.22304
43.22992
43.23771
43.24892
43.26022
43.27128
43.28236
43.29349
43.30453
43.31583
43.32672
43.33769
43.34888
43.36045
43.37842
43.38582
43.39362
43.40462
43.41554
43.42661
43.43787
43.4492
43.45987
43.47116
43.48207
43.49352
43.50459
43.51601
43.53325
43.54095
43.54869
43.55981
43.57119
43.58228
43.59346
43.60429
43.61551
43.6265
43.63756
43.64873
43.65976
43.67147
43.68964
43.697
43.70417
43.71529
43.72663
43.73767
43.74877
43.75986
43.77105
43.78205
43.79343
43.80417
43.81553
43.827
43.84448
43.85201
43.85958
43.8711
43.88228
43.8933
43.90408
43.91532
43.92638
43.93755
43.94857
43.9599
43.97081
43.98241
44.00117
44.0089
44.01578
44.0262
44.03743
44.04875
44.05966
44.07101
44.082
44.0932
44.10415
44.11522
44.12622
44.13795
44.156
44.16316
44.17068
44.18167
44.19309
44.20403
44.21506
44.22612
44.23722
44.24861
44.25945
44.27063
44.28196
44.29346
44.31156
44.31883
44.32607
44.33716
44.34847
44.35964
44.37096
44.38183
44.39281
44.40381
44.4152
44.4265
44.4373
44.44907
44.46628
44.47336
44.48193
44.49279
44.50402
44.51524
44.52603
44.53714
44.54837
44.55935
44.57055
44.58156
44.59282
44.60434
44.62239
44.63007
44.63702
44.64812
44.65926
44.67042
44.68177
44.69275
44.70375
44.71494
44.72591
44.73721
44.74867
44.75974
44.77695
44.78382
44.79273
44.80407
44.81486
44.82591
44.83711
44.84855
44.85915
44.87063
44.8815
44.89266
44.90372
44.91553
44.93404
44.94183
44.94965
44.95937
44.97053
44.9815
44.99253
45.00372
45.0147
45.02587
45.03702
45.04799
45.05919
45.07083
45.08912
45.09672
45.10348
45.11491
45.12576
45.13713
45.14788
45.15939
45.17048
45.18132
45.1925
45.20345
45.21481
45.22645
45.24329
45.25032
45.2592
45.27022
45.28145
45.29235
45.30352
45.31472
45.32579
45.33681
45.34782
45.35909
45.37
45.38165
45.40031
45.40808
45.41494
45.42606
45.43678
45.44773
45.45895
45.4702
45.48129
45.49214
45.5038
45.51477
45.5256
45.53748
45.55488
45.56187
45.57032
45.58103
45.59235
45.60338
45.61431
45.62571
45.63667
45.64801
45.65894
45.67004
45.68111
45.69268
45.7102
45.71725
45.72544
45.73664
45.74767
45.75893
45.76999
45.78118
45.79218
45.8033
45.8144
45.82551
45.83677
45.8483
45.86662
45.87392
45.88101
45.89201
45.9032
45.91431
45.92527
45.93647
45.94761
45.9588
45.96986
45.98092
45.99201
46.00371
46.02177
46.02964
46.03725
46.04741
46.05888
46.07006
46.08078
46.09199
46.10303
46.1142
46.12535
46.13643
46.14746
46.15931
46.17627
46.18332
46.19218
46.20332
46.21418
46.22532
46.23636
46.24746
46.25861
46.26987
46.28092
46.29211
46.3032
46.31459
46.33182
46.33905
46.34739
46.35889
46.3695
46.38094
46.39208
46.40343
46.41453
46.42572
46.43701
46.44796
46.45914
46.47073
46.4882
46.49529
46.50312
46.51426
46.52534
46.53648
46.54774
46.55879
46.56974
46.58095
46.59199
46.60315
46.6142
46.6259
46.64431
46.65127
46.65843
46.66933
46.68051
46.69165
46.70269
46.71407
46.72523
46.73626
46.74721
46.7585
46.7694
46.78105
46.79818
46.80514
46.81373
46.82502
46.83609
46.84746
46.85864
46.8696
46.88036
46.89162
46.90276
46.91373
46.92477
46.93643
46.95462
46.96193
46.96923
46.98054
46.99175
47.00254
47.01379
47.02494
47.03606
47.047
47.05845
47.06958
47.0803
47.09216
47.11018
47.11778
47.12468
47.13602
47.14707
47.15839
47.16953
47.18031
47.19176
47.20286
47.21368
47.2249
47.23579
47.24738
47.2643
47.27117
47.28017
47.29157
47.30292
47.3135
47.32483
47.336
47.34682
47.35819
47.36911
47.38013
47.39149
47.40339
47.42123
47.42824
47.43573
47.44671
47.45792
47.46899
47.48005
47.49136
47.50257
47.51343
47.52462
47.5358
47.54673
47.55848
47.57646
47.58388
47.59115
47.6024
47.61331
47.62466
47.63584
47.64672
47.65816
47.6692
47.68012
47.69137
47.7025
47.71386
47.73065
47.73757
47.74682
47.75813
47.76905
47.77991
47.7911
47.8024
47.81322
47.82442
47.83547
47.84651
47.85772
47.86943
47.88768
47.89512
47.90208
47.91323
47.92432
47.93538
47.94662
47.95798
47.96896
47.97999
47.99101
48.00229
48.01318
48.02478
48.04199
48.04877
48.05772
48.06877
48.0798
48.09089
48.10199
48.1131
48.12413
48.13533
48.14642
48.15749
48.16862
48.18029
48.1988
48.20652
48.21424
48.2243
48.23557
48.24655
48.25776
48.26856
48.27976
48.29094
48.30193
48.31303
48.3241
48.33601
48.35362
48.36097
48.36847
48.37971
48.39101
48.40197
48.41295
48.42415
48.43541
48.44626
48.45744
48.46876
48.47955
48.4914
48.50931
48.5168
48.52399
48.53538
48.54622
48.55779
48.56873
48.57959
48.59066
48.60215
48.61292
48.62408
48.635
48.64679
48.6659
48.67347
48.68042
48.6909
48.70193
48.71283
48.72401
48.73508
48.74617
48.75729
48.76841
48.77943
48.79093
48.80224
48.81945
48.82685
48.83508
48.84617
48.8572
48.86845
48.87952
48.89069
48.90187
48.91272
48.92415
48.93492
48.94608
48.95788
48.97538
48.98245
48.99071
49.00174
49.01284
49.02385
49.03524
49.04603
49.05707
49.06829
49.07953
49.09063
49.10163
49.11329
49.13126
49.1386
49.14582
49.15701
49.16828
49.1793
49.19045
49.20152
49.21255
49.22376
49.23483
49.24595
49.25718
49.26878
49.28633
49.29322
49.30142
49.31253
49.32373
49.33471
49.34596
49.35704
49.36803
49.37924
49.3905
49.40155
49.41249
49.42419
49.4422
49.44963
49.45695
49.46802
49.4791
49.49043
49.50143
49.51258
49.52376
49.53467
49.54573
49.55692
49.56813
49.57959
49.59755
49.60503
49.61248
49.62372
49.63474
49.64566
49.65701
49.66806
49.67896
49.6902
49.70156
49.71236
49.72363
49.73506
49.75191
49.75887
49.76783
49.7789
49.79028
49.80118
49.81261
49.82365
49.83458
49.84563
49.85678
49.86782
49.87889
49.89075
49.90865
49.91582
49.92337
49.93442
49.94558
49.95676
49.96778
49.97889
49.99011
50.00145
50.01221
50.02351
50.03474
50.046
50.06401
50.07165
50.07878
50.09005
50.10115
50.11227
50.1234
50.13442
50.14548
50.15689
50.16779
50.1787
50.19018
50.20182
50.21941
50.22629
50.23426
50.24557
50.25658
50.26769
50.27883
50.29011
50.30115
50.31211
50.3233
50.33446
50.34534
50.35699
50.37445
50.38129
50.39002
50.40096
50.41199
50.42333
50.43429
50.44556
50.45643
50.46749
50.47855
50.49003
50.50098
50.51252
50.53007
50.53655
50.54526
50.55671
50.56742
50.57877
50.58984
50.60103
50.61217
50.62313
50.63428
50.64533
50.65644
50.6682
50.68657
50.69375
50.7008
50.71187
50.72311
50.73411
50.74516
50.75644
50.76748
50.7785
50.78963
50.80084
50.81178
50.82358
50.84122
50.84837
50.85612
50.86733
50.8786
50.89005
50.90071
50.91198
50.9233
50.93422
50.94516
50.95654
50.96723
50.97918
50.9958
51.00316
51.01168
51.02306
51.03415
51.04502
51.05643
51.06722
51.0785
51.08975
51.10063
51.11167
51.12302
51.13459
51.15225
51.15958
51.16716
51.17846
51.18956
51.20058
51.21154
51.22289
51.2339
51.24496
51.2562
51.26735
51.2784
51.28998
51.30748
51.3145
51.32283
51.33388
51.34477
51.35611
51.36725
51.37822
51.38933
51.40055
51.41142
51.42277
51.43403
51.44534
51.46217
51.46904
51.47812
51.48947
51.50044
51.51178
51.52289
51.53392
51.54503
51.55611
51.56718
51.57858
51.58948
51.60113
51.619
51.62593
51.63353
51.64487
51.65605
51.66703
51.67805
51.68924
51.70033
51.7118
51.72264
51.73375
51.7447
51.75634
51.77311
51.78014
51.7891
51.80017
51.81154
51.82236
51.83356
51.84473
51.85573
51.86689
51.878
51.88902
51.90034
51.91185
51.92995
51.9371
51.9445
51.95602
51.96677
51.97791
51.98914
52.00042
52.0114
52.02225
52.0335
52.04449
52.0558
52.06728
52.0853
52.09266
52.10014
52.11141
52.12232
52.13333
52.1445
52.15574
52.16665
52.17781
52.18893
52.20007
52.21109
52.22292
52.24016
52.24706
52.25567
52.26654
52.27766
52.28885
52.30001
52.311
52.32241
52.33326
52.34474
52.3558
52.36649
52.37832
52.39599
52.40315
52.41113
52.42244
52.43342
52.44428
52.45562
52.46656
52.47771
52.48901
52.50003
52.51113
52.52209
52.53365
52.55111
52.55901
52.5664
52.57749
52.58883
52.59979
52.61094
52.62209
52.63304
52.64431
52.65525
52.66655
52.67756
52.68927
52.70732
52.71495
52.72249
52.73299
52.74434
52.75546
52.7663
52.77777
52.78876
52.79967
52.81084
52.82206
52.83324
52.84461
52.86264
52.87007
52.87736
52.88861
52.89967
52.91077
52.92205
52.93298
52.94408
52.95531
52.96634
52.97733
52.9886
53.00023
53.01962
53.02682
53.03387
53.04444
53.0551
53.06621
53.0774
53.08866
53.09959
53.11081
53.12192
53.13282
53.14428
53.15567
53.17369
53.1812
53.18834
53.19972
53.21082
53.22189
53.23279
53.24384
53.255
53.26634
53.27719
53.28825
53.29945
53.31121
53.32959
53.33593
53.34383
53.35489
53.36611
53.37719
53.38847
53.39966
53.4106
53.42179
53.43275
53.44379
53.45485
53.46661
53.48368
53.49126
53.4996
53.51067
53.52156
53.53274
53.54383
53.55482
53.56625
53.57703
53.58837
53.59934
53.61056
53.6222
53.64045
53.64769
53.6549
53.66614
53.67712
53.68811
53.69914
53.7105
53.72158
53.73277
53.74371
53.755
53.76604
53.77766
53.79448
53.80189
53.81032
53.82168
53.83252
53.84372
53.85498
53.86604
53.87694
53.88837
53.89904
53.91045
53.92149
53.93299
53.95064
53.95778
53.9658
53.9772
53.98831
53.9991
54.01046
54.02148
54.03286
54.04379
54.05486
54.06585
54.07693
54.08859
54.10608
54.11298
54.12156
54.13262
54.14373
54.15478
54.16585
54.17685
54.18815
54.19939
54.21041
54.22142
54.23247
54.24426
54.26156
54.2687
54.27687
54.28791
54.29919
54.31036
54.32153
54.33273
54.34386
54.35488
54.366
54.37709
54.38815
54.39975
54.41795
54.42501
54.43214
54.44365
54.4547
54.46548
54.47688
54.48809
54.49892
54.51018
54.52114
54.53227
54.54356
54.555
54.57286
54.58004
54.58765
54.59876
54.61005
54.62104
54.6321
54.64315
54.65426
54.66539
54.67652
54.68776
54.69868
54.71059
54.72862
54.73602
54.7431
54.75428
54.76542
54.77646
54.78788
54.79867
54.80997
54.82142
54.83199
54.84336
54.85427
54.86584
54.88361
54.89096
54.89855
54.90983
54.92082
54.93193
54.94319
54.95441
54.96519
54.97667
54.98767
54.99855
55.00984
55.02136
55.03883
55.04578
55.05408
55.06517
55.07639
55.08755
55.0986
55.11001
55.12104
55.13188
55.14307
55.1541
55.16512
55.17744
55.19496
55.20231
55.20949
55.22104
55.23183
55.243
55.25403
55.2652
55.27636
55.28742
55.29839
55.30984
55.32089
55.33219
55.35067
55.35744
55.36514
55.37637
55.38728
55.39831
55.40995
55.42087
55.43168
55.44292
55.45385
55.46501
55.47644
55.48788
55.50551
55.51263
55.52057
55.53166
55.54277
55.55386
55.56497
55.57644
55.58715
55.59852
55.6096
55.62069
55.63165
55.64318
55.66085
55.66827
55.67596
55.68721
55.69835
55.70957
55.7205
55.73167
55.74291
55.75394
55.76521
55.77616
55.7873
55.79874
55.81691
55.82491
55.83215
55.84261
55.85385
55.86492
55.87615
55.88704
55.89808
55.9095
55.92051
55.93139
55.94272
55.95429
55.97095
55.97783
55.98695
55.99801
56.00949
56.0205
56.03168
56.04268
56.05372
56.06478
56.07615
56.08718
56.09797
56.10993
56.1276
56.13503
56.14238
56.15376
56.16465
56.17595
56.18704
56.19796
56.20932
56.22035
56.23142
56.2425
56.25356
56.2652
56.28214
56.28935
56.29808
56.30915
56.32028
56.3312
56.34261
56.35346
56.36456
56.37576
56.38677
56.39804
56.40938
56.4206
56.43864
56.44586
56.45344
56.46446
56.47581
56.48679
56.49787
56.50915
56.52004
56.5312
56.54265
56.55356
56.56441
56.57623
56.59332
56.60084
56.6089
56.62
56.63108
56.64215
56.65333
56.66435
56.67567
56.68655
56.69769
56.70911
56.71992
56.73167
56.74931
56.75617
56.76434
56.77586
56.78684
56.79783
56.80898
56.82008
56.83115
56.84232
56.8534
56.86453
56.87575
56.88733
56.90531
56.91269
56.91978
56.93097
56.94199
56.95313
56.96425
56.97536
56.98679
56.99758
57.00898
57.02002
57.0313
57.04265
57.06076
57.06812
57.07526
57.0865
57.09749
57.10862
57.11975
57.13144
57.14216
57.1531
57.16412
57.17548
57.18676
57.1982
57.21487
57.22172
57.23087
57.24207
57.2533
57.26409
57.27542
57.28635
57.29757
57.30859
57.32003
57.33079
57.34192
57.3536
57.37119
57.37876
57.38631
57.3975
57.40852
57.41978
57.43079
57.44209
57.4534
57.4642
57.47548
57.48645
57.49756
57.50916
57.52708
57.5343
57.54176
57.55313
57.5639
57.57537
57.58678
57.59756
57.60875
57.6196
57.63091
57.64194
57.65308
57.6646
57.68276
57.69022
57.69721
57.70836
57.71952
57.73051
57.7418
57.75288
57.76401
57.77507
57.7864
57.7971
57.80853
57.81992
57.83904
57.84592
57.85291
57.86381
57.87516
57.88616
57.89731
57.90847
57.91938
57.93068
57.94182
57.95292
57.9641
57.97562
57.99279
58.00006
58.00817
58.01924
58.03049
58.04157
58.05283
58.06373
58.07495
58.08593
58.09707
58.10821
58.11926
58.13086
58.14912
58.15626
58.16361
58.17493
58.18594
58.19704
58.20831
58.21945
58.2303
58.24166
58.25257
58.26363
58.27493
58.28647
58.30373
58.31062
58.31947
58.33024
58.34158
58.35265
58.36361
58.3749
58.38586
58.39689
58.40821
58.41932
58.43051
58.44193
58.45971
58.46607
58.4748
58.48606
58.4969
58.5081
58.5191
58.53035
58.54158
58.55238
58.56359
58.57508
58.58564
58.59731
58.61577
58.62345
58.63062
58.64129
58.65236
58.66341
58.67487
58.68599
58.69671
58.70811
58.71897
58.73025
58.74135
58.75281
58.77022
58.77723
58.78557
58.79664
58.80775
58.81909
58.83059
58.84116
58.85254
58.86349
58.87476
58.88577
58.89659
58.9082
58.9257
58.93351
58.94107
58.9524
58.96329
58.97451
58.98573
58.99686
59.00816
59.01918
59.03053
59.04139
59.05242
59.06405
59.08177
59.08917
59.09662
59.10778
59.11892
59.13002
59.14109
59.15226
59.16345
59.17448
59.18573
59.19664
59.20778
59.21949
59.2377
59.24531
59.25222
59.26315
59.27417
59.28551
59.29662
59.30788
59.31911
59.33006
59.34112
59.35228
59.36315
59.37492
59.39231
59.39968
59.40739
59.41872
59.42971
59.44084
59.45194
59.46302
59.47443
59.48549
59.49637
59.5075
59.51865
59.53017
59.54774
59.55484
59.563
59.57417
59.5852
59.59658
59.60754
59.61878
59.62982
59.64108
59.65199
59.66319
59.67423
59.68591
59.70427
59.71115
59.71841
59.7296
59.74097
59.75211
59.76288
59.77391
59.78512
59.79634
59.80737
59.81866
59.82984
59.84135
59.85937
59.86658
59.874
59.88532
59.8963
59.90726
59.91854
59.92957
59.94089
59.95199
59.96283
59.97422
59.98525
59.9966
60.01354
60.02042
60.02941
60.04066
60.05201
60.06277
60.07415
60.08499
60.0961
60.10715
60.11845
60.12935
60.14064
60.1522
60.16974
60.17696
60.18481
60.19594
60.20731
60.2184
60.22935
60.24076
60.25166
60.26283
60.27391
60.28507
60.29609
60.30791
60.32605
60.33353
60.34041
60.35167
60.36271
60.37369
60.38496
60.39589
60.40699
60.41828
60.42934
60.44054
60.45171
60.46316
60.48049
60.48827
60.49586
60.50737
60.51803
60.5292
60.54033
60.55153
60.56245
60.57352
60.58473
60.59586
60.60696
60.61853
60.63719
60.64476
60.6517
60.6624
60.67353
60.68467
60.69585
60.70687
60.71859
60.729
60.74022
60.75139
60.76247
60.77398
60.79073
60.79751
60.80685
60.81805
60.82903
60.8403
60.85146
60.86236
60.87379
60.88487
60.8956
60.90672
60.91807
60.93008
60.94845
60.95481
60.96228
60.97344
60.98457
60.99564
61.00686
61.01801
61.02883
61.04007
61.05129
61.06225
61.07348
61.08519
61.10281
61.1102
61.1178
61.12895
61.13994
61.1512
61.16223
61.17349
61.18463
61.19561
61.20658
61.21766
61.22892
61.24089
61.25812
61.26503
61.27337
61.28437
61.29554
61.30658
61.3177
61.32884
61.34004
61.35126
61.36212
61.37331
61.38433
61.3959
61.41397
61.42147
61.42863
61.44027
61.45115
61.46219
61.47335
61.48426
61.49535
61.50676
61.51753
61.52864
61.54004
61.55159
61.56994
61.5772
61.58468
61.59535
61.60677
61.61752
61.62863
61.63965
61.6511
61.66202
61.67325
61.68435
61.69535
61.70715
61.7241
61.73106
61.73969
61.75108
61.76187
61.77314
61.78412
61.79513
61.80641
61.81736
61.82852
61.83962
61.85069
61.86265
61.88062
61.88771
61.89509
61.90648
61.91737
61.92867
61.93959
61.9508
61.96182
61.97298
61.98403
61.9951
62.00646
62.01793
62.03475
62.0415
62.05064
62.06176
62.07326
62.08401
62.09511
62.10629
62.11743
62.12838
62.13951
62.1505
62.16168
62.17349
62.19047
62.19778
62.20614
62.21723
62.22855
62.2394
62.25064
62.26193
62.27329
62.28456
62.29577
62.30676
62.3178
62.32946
62.3474
62.35461
62.36165
62.37283
62.38379
62.39492
62.40618
62.41713
62.42827
62.43977
62.45062
62.46156
62.47291
62.48441
62.50235
62.51013
62.51725
62.52825
62.53948
62.55069
62.56149
62.57278
62.58372
62.59502
62.60607
62.61729
62.6283
62.64095
62.65979
62.66748
62.67438
62.68381
62.69489
62.70606
62.7172
62.72803
62.73925
62.75062
62.76136
62.77269
62.78361
62.79521
62.8134
62.82057
62.82803
62.83957
62.85035
62.86136
62.8726
62.88353
62.89462
62.90589
62.91684
62.92816
62.93906
62.95062
62.96799
62.97502
62.98398
62.99456
63.00586
63.01695
63.02794
63.03909
63.05018
63.06123
63.07238
63.08373
63.09452
63.10634
63.12447
63.13197
63.13885
63.15021
63.16138
63.17228
63.18341
63.19456
63.20583
63.2167
63.22792
63.23905
63.25045
63.2618
63.27918
63.28653
63.29437
63.30584
63.317
63.32772
63.33887
63.35015
63.36103
63.37249
63.38342
63.39459
63.40551
63.4172
63.43573
63.44287
63.44988
63.46099
63.47252
63.48325
63.49456
63.50554
63.51653
63.52788
63.53885
63.55003
63.56101
63.57258
63.59
63.59741
63.60541
63.61668
63.62764
63.63869
63.64996
63.66389
63.67505
63.68622
63.69727
63.7084
63.71953
63.73109
63.75282
63.76354
63.77456
63.78449
63.79432
63.80484
63.81538
63.82543
63.83527
63.87879
63.88849
63.9102
63.91789
63.92783
63.93896
63.95015
63.96118
63.9724
63.98338
63.99413
64.00522
64.01644
64.02761
64.03903
64.05657
64.06354
64.07191
64.08316
64.09441
64.10512
64.11633
64.12766
64.13892
64.1496
64.161
64.17184
64.18301
64.19456
64.21206
64.21883
64.22731
64.23846
64.24971
64.26079
64.2719
64.28328
64.2943
64.30555
64.31657
64.32763
64.33876
64.35036
64.36859
64.37595
64.38295
64.39406
64.40518
64.41624
64.42744
64.43851
64.44955
64.46068
64.47164
64.4829
64.49405
64.50546
64.5225
64.53035
64.53839
64.54948
64.5605
64.57158
64.58286
64.59406
64.60484
64.616
64.62708
64.63816
64.64934
64.66112
64.67886
64.68601
64.69369
64.70484
64.71606
64.72728
64.73819
64.74931
64.76061
64.77151
64.78269
64.79378
64.80482
64.81645
64.83406
64.84126
64.84943
64.86039
64.87174
64.88287
64.89391
64.90495
64.91586
64.92721
64.93807
64.94928
64.96055
64.97198
64.98903
64.99596
65.00469
65.01594
65.02721
65.03832
65.04972
65.06087
65.07189
65.08305
65.09404
65.10522
65.11626
65.12789
65.14599
65.15351
65.16042
65.17126
65.18253
65.19373
65.20457
65.21568
65.22686
65.23802
65.24903
65.26031
65.27139
65.28293
65.30027
65.30734
65.31588
65.32696
65.33785
65.34903
65.36027
65.37135
65.38227
65.39342
65.40451
65.41588
65.42696
65.43832
65.45587
65.46301
65.47114
65.48227
65.49348
65.50439
65.51591
65.52714
65.53806
65.54937
65.56038
65.5714
65.58248
65.59418
65.61141
65.61894
65.62682
65.63806
65.64935
65.66033
65.67142
65.68243
65.6936
65.70472
65.71584
65.72694
65.7382
65.75005
65.76768
65.77465
65.78213
65.79317
65.80431
65.81561
65.82674
65.83771
65.84876
65.86012
65.87094
65.88213
65.8931
65.90474
65.92242
65.93006
65.93754
65.94866
65.95998
65.971
65.98214
65.9931
66.00416
66.01556
66.02664
66.03756
66.04871
66.06055
66.07865
66.08604
66.09297
66.10432
66.11558
66.1268
66.13754
66.14869
66.16006
66.17104
66.18182
66.19321
66.20432
66.2158
66.23316
66.24015
66.24871
66.25965
66.27081
66.28199
66.29308
66.30399
66.31535
66.32647
66.33743
66.34855
66.35973
66.37119
66.38766
66.39486
66.40395
66.41505
66.42646
66.43745
66.44841
66.46004
66.47108
66.48214
66.49318
66.50433
66.51559
66.52731
66.54478
66.55313
66.56019
66.57085
66.58205
66.59317
66.60417
66.61531
66.62633
66.63747
66.64868
66.65974
66.67084
66.6824
66.70063
66.70795
66.71496
66.72643
66.73713
66.74851
66.75967
66.77058
66.78154
66.79264
66.80399
66.8152
66.82632
66.83761
66.85572
66.86288
66.87041
66.88152
66.89268
66.90395
66.91487
66.92602
66.93714
66.9482
66.95952
66.97048
66.98148
66.99341
67.01101
67.01794
67.02602
67.03699
67.0481
67.05939
67.07034
67.08174
67.09265
67.10377
67.11475
67.12622
67.13705
67.14877
67.1666
67.17427
67.1814
67.19255
67.2037
67.21494
67.22602
67.23696
67.24812
67.25941
67.2703
67.28136
67.29261
67.30416
67.32458
67.33202
67.33881
67.34812
67.35909
67.37019
67.38134
67.39278
67.40358
67.41463
67.42587
67.43676
67.44818
67.45962
67.47706
67.48402
67.49252
67.5034
67.51455
67.52564
67.53685
67.54792
67.55926
67.57029
67.58121
67.59229
67.60343
67.61516
67.63294
67.6403
67.64777
67.65928
67.67009
67.6813
67.69261
67.70342
67.71445
67.72585
67.73672
67.74798
67.75947
67.77055
67.78818
67.79574
67.80324
67.81457
67.82555
67.83671
67.84812
67.8591
67.87003
67.88098
67.89214
67.90327
67.91435
67.92639
67.94451
67.95168
67.95874
67.96998
67.98103
67.99242
68.00336
68.01424
68.02536
68.03651
68.04779
68.05898
68.06987
68.08144
68.09896
68.10648
68.11419
68.12551
68.13649
68.14755
68.15909
68.16988
68.18085
68.19246
68.20323
68.21436
68.22534
68.23712
68.25447
68.2622
68.26968
68.28086
68.29223
68.3031
68.31425
68.32554
68.33678
68.34819
68.35893
68.36997
68.38107
68.3927
68.41062
68.41814
68.42515
68.43669
68.44736
68.45866
68.4699
68.48086
68.49189
68.50304
68.51402
68.52519
68.53632
68.5479
68.56645
68.57337
68.58072
68.59189
68.60321
68.61417
68.62537
68.63636
68.64741
68.65873
68.66957
68.68061
68.69212
68.70349
68.72081
68.72776
68.73612
68.74726
68.75838
68.76962
68.78074
68.79169
68.80298
68.81383
68.82538
68.83644
68.84724
68.85913
68.87758
68.88562
68.89251
68.90273
68.91384
68.92516
68.93621
68.94712
68.95852
68.96947
68.9805
68.99185
69.00292
69.01434
69.03171
69.03876
69.04722
69.05848
69.06964
69.08047
69.09176
69.1027
69.1139
69.12516
69.13619
69.14713
69.15844
69.16996
69.18833
69.19564
69.20279
69.21369
69.22508
69.23615
69.24702
69.25835
69.2693
69.28033
69.29144
69.30257
69.31363
69.32546
69.34312
69.34987
69.35802
69.36936
69.38027
69.39175
69.40256
69.41356
69.42488
69.43596
69.44719
69.45803
69.46944
69.48073
69.49834
69.50529
69.51371
69.52473
69.53596
69.54688
69.55827
69.56927
69.5803
69.59144
69.60253
69.61346
69.62486
69.63631
69.65472
69.66243
69.66931
69.6801
69.69156
69.70258
69.71342
69.7249
69.73583
69.74677
69.75797
69.76942
69.78004
69.79169
69.80825
69.81524
69.82476
69.83608
69.84682
69.85787
69.86902
69.88007
69.89113
69.90241
69.91336
69.92456
69.93566
69.94734
69.96496
69.97278
69.97993
69.9912
70.00252
70.01331
70.02453
70.03573
70.04677
70.05791
70.06891
70.08
70.09122
70.10278
70.11977
70.12708
70.13561
70.1467
70.15775
70.16891
70.18015
70.19127
70.20251
70.21339
70.22435
70.23561
70.24672
70.25824
70.2757
70.28278
70.29115
70.30225
70.31323
70.3247
70.33582
70.34692
70.35806
70.3692
70.38035
70.39139
70.4025
70.41405
70.43202
70.43955
70.44648
70.45776
70.46903
70.47992
70.49084
70.50224
70.51333
70.52421
70.53529
70.54661
70.55779
70.56946
70.58702
70.59446
70.60186
70.61301
70.6242
70.63519
70.64634
70.65785
70.66862
70.67979
70.69085
70.70217
70.71319
70.72476
70.74249
70.74948
70.75761
70.76863
70.77968
70.79073
70.80202
70.81285
70.82401
70.83529
70.84619
70.85735
70.86883
70.88
70.89802
70.90512
70.91283
70.92394
70.93532
70.94648
70.95759
70.96844
70.97968
70.99069
71.00174
71.0129
71.0239
71.03579
71.05235
71.0596
71.06864
71.0798
71.09081
71.10202
71.11298
71.12399
71.13506
71.14607
71.15723
71.16837
71.17975
71.1911
71.20837
71.21613
71.2237
71.23502
71.24603
71.25726
71.26872
71.27987
71.29102
71.30216
71.31314
71.3243
71.33535
71.34732
71.36582
71.37327
71.38004
71.39038
71.40186
71.41264
71.42376
71.43502
71.44616
71.45715
71.46846
71.47945
71.49056
71.50226
71.52042
71.5279
71.53496
71.54588
71.55696
71.56831
71.57931
71.59045
71.60165
71.61254
71.62363
71.63472
71.64603
71.65747
71.67442
71.68206
71.6903
71.70145
71.71249
71.72356
71.73481
71.7458
71.75688
71.76826
71.77932
71.79029
71.80164
71.81306
71.83102
71.83826
71.84581
71.85687
71.86809
71.87919
71.89037
71.90131
71.9124
71.9235
71.93459
71.94569
71.95706
71.96848
71.98584
71.99292
72.00127
72.01233
72.02341
72.03498
72.04563
72.05683
72.06814
72.07894
72.09026
72.10128
72.11224
72.12399
72.14201
72.14969
72.15665
72.16805
72.17889
72.18996
72.20122
72.21221
72.22326
72.23471
72.2457
72.25682
72.268
72.2794
72.29634
72.30383
72.31213
72.32333
72.33475
72.34551
72.35677
72.36804
72.37885
72.38998
72.40119
72.41213
72.42351
72.43504
72.45263
72.46008
72.46756
72.47881
72.48993
72.50099
72.51201
72.52337
72.53446
72.5455
72.55644
72.5676
72.57881
72.59064
72.60783
72.61553
72.62325
72.63432
72.64572
72.65651
72.66777
72.67871
72.68988
72.70109
72.71201
72.72338
72.73432
72.74599
72.76309
72.77022
72.7786
72.78989
72.80115
72.81214
72.82339
72.83448
72.84559
72.85692
72.86777
72.87887
72.88997
72.90162
72.91948
72.92694
72.93418
72.94522
72.95641
72.9675
72.97857
72.98965
73.00089
73.01194
73.023
73.03412
73.04523
73.05682
73.07522
73.08235
73.0895
73.10073
73.11179
73.12296
73.13412
73.14517
73.15649
73.16734
73.17849
73.18953
73.20081
73.21235
73.22915
73.23612
73.24503
73.25616
73.26729
73.27835
73.28958
73.30079
73.31174
73.32278
73.33399
73.34494
73.35632
73.3677
73.38592
73.39331
73.40048
73.41159
73.42288
73.43414
73.44527
73.45605
73.46726
73.47836
73.4894
73.50078
73.51163
73.52344
73.54084
73.54845
73.556
73.56742
73.57831
73.58961
73.60059
73.61158
73.62281
73.6339
73.64481
73.65617
73.66811
73.6787
73.69633
73.70367
73.71143
73.72272
73.73373
73.74483
73.75622
73.76741
73.77827
73.78933
73.8005
73.81156
73.82275
73.83432
73.8516
73.85876
73.86736
73.87818
73.88936
73.90035
73.91152
73.9227
73.93368
73.94489
73.956
73.96719
73.97816
73.98978
74.00733
74.01414
74.02258
74.0337
74.04475
74.05607
74.06728
74.07822
74.08946
74.10052
74.11169
74.1228
74.13387
74.14535
74.16347
74.17133
74.17789
74.18916
74.20035
74.21125
74.22257
74.2336
74.24448
74.25565
74.26683
74.27792
74.28912
74.30079
74.31812
74.3253
74.33363
74.34457
74.35582
74.36692
74.37803
74.38911
74.40011
74.41113
74.42218
74.43349
74.4444
74.45628
74.47252
74.47942
74.48908
74.50018
74.51119
74.52217
74.53355
74.54469
74.5559
74.56689
74.578
74.58923
74.60021
74.61186
74.63052
74.63821
74.64526
74.6556
74.66652
74.67766
74.68877
74.69989
74.71093
74.72221
74.73319
74.74434
74.75549
74.76719
74.78458
74.79172
74.80009
74.81097
74.82206
74.83337
74.8447
74.8558
74.86664
74.87758
74.88876
74.89994
74.91088
74.92242
74.94084
74.94865
74.95562
74.9666
74.97758
74.98875
74.99986
75.01082
75.02193
75.03323
75.0442
75.05541
75.06644
75.07803
75.09618
75.10339
75.11067
75.12188
75.13335
75.14407
75.15527
75.16633
75.17735
75.18847
75.19994
75.21076
75.22187
75.23336
75.24988
75.25687
75.26635
75.2774
75.28848
75.2996
75.31065
75.32175
75.33286
75.34397
75.3552
75.36651
75.37738
75.38889
75.40668
75.41382
75.42171
75.43289
75.44387
75.4553
75.46646
75.47729
75.48855
75.49982
75.51066
75.52172
75.53291
75.54452
75.56215
75.56901
75.57721
75.58839
75.59958
75.61061
75.6217
75.63284
75.64393
75.65519
75.66627
75.67728
75.68829
75.70011
75.71713
75.72418
75.73292
75.74388
75.7552
75.7663
75.7774
75.78837
75.79951
75.81055
75.82182
75.83279
75.84383
75.85544
75.87522
75.88237
75.88933
75.89948
75.91041
75.92169
75.9328
75.94393
75.95506
75.96613
75.97728
75.98817
75.99941
76.01085
76.02799
76.035
76.04362
76.05489
76.06603
76.07697
76.08822
76.09961
76.11025
76.12133
76.13277
76.14365
76.15469
76.16634
76.18483
76.19187
76.1991
76.21024
76.22146
76.23265
76.24379
76.25471
76.26592
76.27685
76.28824
76.29932
76.31013
76.32198
76.34024
76.34759
76.35461
76.36596
76.3771
76.38807
76.39901
76.41014
76.42121
76.43252
76.44365
76.4547
76.46596
76.47731
76.49429
76.50123
76.51003
76.52114
76.53265
76.54338
76.55469
76.56563
76.57675
76.58804
76.59929
76.60999
76.62112
76.63271
76.65064
76.65765
76.66557
76.67683
76.688
76.69922
76.70998
76.72123
76.73251
76.74335
76.75459
76.76589
76.77679
76.78835
76.80565
76.81327
76.82113
76.83244
76.84354
76.85445
76.86555
76.87718
76.88776
76.89884
76.90999
76.9213
76.93225
76.94379
76.96133
76.96899
76.97684
76.98795
76.99912
77.01015
77.02121
77.03237
77.04337
77.05453
77.06572
77.07707
77.08782
77.09943
77.11647
77.12398
77.13229
77.14338
77.15446
77.1656
77.1769
77.18786
77.19897
77.20995
77.22118
77.23242
77.24356
77.25509
77.27165
77.27928
77.2877
77.29894
77.31001
77.32139
77.33286
77.344
77.35503
77.36623
77.37723
77.38834
77.39947
77.41113
77.42857
77.43607
77.44324
77.45449
77.46555
77.47667
77.48774
77.4989
77.50993
77.52102
77.5323
77.54319
77.55444
77.56617
77.58429
77.59148
77.59834
77.6096
77.62077
77.63212
77.64292
77.654
77.66505
77.67639
77.68741
77.69889
77.70948
77.7214
77.73795
77.74509
77.75383
77.76516
77.77626
77.7874
77.79839
77.80957
77.82063
77.83167
77.84288
77.85391
77.86501
77.87663
77.89466
77.90226
77.91
77.9208
77.93152
77.94289
77.9538
77.96513
77.97609
77.98712
77.99847
78.00932
78.02064
78.0322
78.04855
78.05569
78.06512
78.07604
78.08707
78.09854
78.10944
78.12063
78.13167
78.14265
78.15372
78.16505
78.17596
78.18797
78.20557
78.21252
78.22033
78.23179
78.24265
78.2536
78.2652
78.2759
78.28696
78.29823
78.30917
78.32028
78.33154
78.34301
78.36118
78.36845
78.37576
78.38689
78.39843
78.4094
78.42041
78.43158
78.44243
78.4538
78.4649
78.47595
78.48685
78.49871
78.51577
78.52258
78.53156
78.54247
78.55383
78.56479
78.57578
78.58689
78.59818
78.60935
78.62013
78.63119
78.64246
78.65411
78.67196
78.67979
78.68674
78.69793
78.70899
78.72004
78.73141
78.74249
78.75355
78.76483
78.77576
78.78693
78.79792
78.80962
78.82793
78.83517
78.84229
78.85336
78.86472
78.87563
78.88668
78.89787
78.90885
78.92014
78.93115
78.94214
78.95329
78.96483
78.98199
78.98903
78.99783
79.00883
79.0203
79.03103
79.04221
79.05321
79.0646
79.07543
79.08652
79.09771
79.10883
79.12067
79.13831
79.14584
79.15327
79.16448
79.17535
79.1865
79.19758
79.20885
79.21993
79.231
79.24213
79.2532
79.26436
79.27585
79.29363
79.30162
79.30936
79.31978
79.33106
79.342
79.35313
79.36441
79.37534
79.38648
79.39762
79.40882
79.41975
79.43139
79.44891
79.45647
79.46413
79.47531
79.48636
79.49773
79.50862
79.51972
79.53111
79.54213
79.55302
79.56416
79.57544
79.58714
79.60483
79.6121
79.61958
79.63098
79.64204
79.65294
79.66432
79.67526
79.68638
79.69742
79.70847
79.71963
79.73091
79.74236
79.75986
79.76675
79.77512
79.78667
79.79742
79.80861
79.81973
79.83099
79.842
79.85331
79.86397
79.87515
79.88693
79.89806
79.91614
79.92382
79.93108
79.94201
79.95293
79.9641
79.97501
79.98653
79.99754
80.00834
80.01985
80.03049
80.04182
80.05332
80.07171
80.07861
80.08635
80.09723
80.10837
80.11953
80.1305
80.1417
80.15266
80.16378
80.17503
80.18624
80.19713
80.20911
80.22634
80.23341
80.24151
80.25262
80.26393
80.27511
80.28619
80.29729
80.30837
80.31934
80.33055
80.34171
80.35278
80.36451
80.38216
80.38959
80.39705
80.40819
80.41917
80.43054
80.44186
80.45273
80.46374
80.47496
80.48611
80.49719
80.50832
80.51987
80.53712
80.54488
80.55245
80.56367
80.57481
80.58596
80.59715
80.60819
80.61913
80.63029
80.64127
80.65248
80.66364
80.67517
80.69349
80.70129
80.70837
80.71931
80.73039
80.74139
80.75238
80.76349
80.77454
80.78582
80.79693
80.80797
80.81907
80.83112
80.84892
80.85625
80.86337
80.87478
80.88572
80.89688
80.90795
80.91925
80.93089
80.94138
80.95251
80.96375
80.97482
80.98637
81.00392
81.01115
81.01889
81.03027
81.0415
81.0525
81.06342
81.07465
81.08565
81.09666
81.10806
81.11908
81.13023
81.1418
81.15984
81.1674
81.17442
81.18551
81.19695
81.2081
81.21881
81.23007
81.2412
81.25237
81.26325
81.2745
81.28571
81.2973
81.31535
81.32298
81.33076
81.34104
81.35242
81.36323
81.37455
81.38553
81.39648
81.40768
81.41879
81.42991
81.44106
81.45278
81.46938
81.47646
81.48531
81.49681
81.50793
81.51871
81.53004
81.54099
81.55249
81.56324
81.57431
81.58577
81.59647
81.60804
81.62585
81.6337
81.64101
81.652
81.66325
81.67441
81.68544
81.69666
81.7078
81.71892
81.73003
81.74106
81.75208
81.76366
81.78137
81.78839
81.79639
81.80781
81.81873
81.82976
81.84093
81.85197
81.86308
81.87418
81.88536
81.89648
81.90758
81.9193
81.93707
81.94414
81.95186
81.96291
81.97405
81.9852
81.99644
82.00733
82.01865
82.02982
82.04098
82.05199
82.06293
82.07479
82.09291
82.09975
82.10721
82.11866
82.12953
82.14076
82.15202
82.16283
82.17426
82.1853
82.19641
82.20731
82.21841
82.23008
82.24765
82.25462
82.26277
82.27393
82.28497
82.29611
82.30733
82.31827
82.32947
82.34064
82.35191
82.36272
82.37402
82.3857
82.40385
82.41149
82.41872
82.42948
82.44064
82.45191
82.46267
82.47395
82.48532
82.49606
82.50709
82.51846
82.52966
82.54115
82.55826
82.56561
82.57396
82.58495
82.59613
82.60709
82.61813
82.62923
82.64036
82.65149
82.66256
82.67372
82.6852
82.6964
82.71389
82.72076
82.72942
82.7406
82.75159
82.76251
82.7739
82.78515
82.79632
82.80729
82.81841
82.82947
82.84069
82.85223
82.87005
82.87741
82.88467
82.89576
82.90702
82.91807
82.92934
82.94038
82.9517
82.9624
82.97389
82.98506
82.99577
83.0077
83.02536
83.03235
83.0401
83.05138
83.0623
83.07348
83.08482
83.09576
83.1069
83.11814
83.12897
83.14016
83.15121
83.16306
83.18066
83.18819
83.19579
83.20701
83.21787
83.22893
83.24033
83.25127
83.26221
83.27345
83.28479
83.29591
83.30675
83.31832
83.33521
83.34287
83.35131
83.36221
83.37328
83.38449
83.39571
83.40688
83.41792
83.4289
83.44016
83.45126
83.46235
83.47406
83.49101
83.49802
83.50702
83.51781
83.52886
83.5402
83.55177
83.56276
83.57382
83.58493
83.59644
83.60716
83.61831
83.62988
83.64735
83.65489
83.66235
83.67352
83.68471
83.69605
83.70695
83.71799
83.72896
83.74011
83.75122
83.76233
83.77344
83.78516
83.80294
83.81072
83.8177
83.82867
83.84
83.85097
83.86203
83.87309
83.88419
83.89531
83.90643
83.91749
83.92863
83.94025
83.96077
83.96821
83.97502
83.98463
83.99525
84.00669
84.01746
84.02856
84.03971
84.05102
84.06216
84.07301
84.08434
84.09566
84.11372
84.1212
84.12847
84.13956
84.15099
84.16183
84.17308
84.18437
84.19509
84.20647
84.2174
84.22853
84.23967
84.2514
84.26832
84.27572
84.28398
84.29514
84.30627
84.31726
84.32841
84.33952
84.35101
84.362
84.37334
84.38414
84.39508
84.40698
84.42457
84.432
84.43938
84.45081
84.46164
84.47295
84.48405
84.49501
84.50629
84.51737
84.52832
84.53949
84.55064
84.5622
84.58014
84.58736
84.59489
84.60603
84.61714
84.62821
84.63932
84.65048
84.66157
84.67304
84.68396
84.69496
84.70614
84.71783
84.73523
84.74218
84.75062
84.76156
84.77258
84.78415
84.79486
84.80598
84.81714
84.82816
84.83948
84.85056
84.86192
84.87336
84.89047
84.89806
84.90588
84.91722
84.92815
84.93947
84.95081
84.96172
84.97288
84.98391
84.995
85.00618
85.01711
85.0288
85.04571
85.05302
85.06152
85.07267
85.08379
85.09509
85.10637
85.11734
85.12842
85.13962
85.15064
85.16183
85.17302
85.18462
85.20317
85.21049
85.21719
85.22803
85.23931
85.25039
85.26144
85.27237
85.28363
85.29463
85.30581
85.31682
85.32797
85.33965
85.35654
85.36404
85.3728
85.38371
85.39462
85.40576
85.41697
85.42796
85.43913
85.45042
85.46143
85.47229
85.48364
85.49527
85.51292
85.5198
85.52775
85.53911
85.55007
85.56114
85.57247
85.58345
85.59451
85.60558
85.61679
85.62784
85.63913
85.65073
85.66842
85.67576
85.68327
85.69444
85.70559
85.71671
85.72773
85.73917
85.75029
85.76117
85.77229
85.7833
85.79443
85.806
85.82389
85.83149
85.83868
85.85027
85.86103
85.87237
85.8833
85.89427
85.90548
85.91661
85.92762
85.93871
85.95007
85.96142
85.97887
85.98639
85.99453
86.0055
86.01653
86.02757
86.03911
86.05003
86.06082
86.0722
86.0831
86.09418
86.1053
86.1172
86.13421
86.14117
86.14989
86.16085
86.17204
86.18311
86.19446
86.20567
86.21693
86.2279
86.23905
86.25005
86.26112
86.27282
86.2896
86.29684
86.30566
86.31676
86.3281
86.33916
86.35028
86.36129
86.3724
86.38367
86.39464
86.40589
86.41681
86.42842
86.44607
86.45362
86.46083
86.47215
86.48322
86.49427
86.50563
86.51659
86.52756
86.53869
86.54971
86.56087
86.572
86.58388
86.60199
86.60942
86.61639
86.62721
86.63831
86.64944
86.66065
86.67171
86.68288
86.69406
86.70546
86.71609
86.72723
86.73884
86.75626
86.76311
86.77154
86.78282
86.79384
86.80514
86.81624
86.82713
86.83846
86.84944
86.8606
86.87174
86.8828
86.89431
86.91183
86.91898
86.92704
86.93856
86.94949
86.96034
86.97157
86.98282
86.99409
87.00558
87.01627
87.02737
87.03877
87.05009
87.0685
87.07574
87.08279
87.09376
87.10501
87.11613
87.12701
87.13834
87.14918
87.16027
87.17171
87.18255
87.19363
87.2055
87.22255
87.22945
87.23824
87.24921
87.26037
87.27145
87.28257
87.29386
87.30494
87.3158
87.32703
87.33824
87.34908
87.36072
87.3784
87.38578
87.39346
87.40471
87.4157
87.4269
87.43829
87.44919
87.4604
87.47161
87.48257
87.49366
87.50481
87.51697
87.53382
87.54096
87.54929
87.56027
87.57153
87.58254
87.59369
87.60473
87.61599
87.62694
87.63831
87.64928
87.66024
87.67187
87.68902
87.69655
87.70473
87.71578
87.72684
87.73837
87.74939
87.76054
87.7716
87.78285
87.79391
87.80506
87.81603
87.82764
87.84516
87.85281
87.86024
87.87144
87.88247
87.89357
87.90475
87.91588
87.92687
87.93813
87.94908
87.96014
87.97133
87.98291
88.00032
88.00764
88.01568
88.02679
88.03791
88.04906
88.06015
88.07126
88.0824
88.09351
88.10461
88.11581
88.12673
88.13837
88.15601
88.16343
88.17109
88.18221
88.19342
88.20457
88.21572
88.22662
88.23769
88.24889
88.25995
88.27112
88.28234
88.294
88.31215
88.31956
88.32664
88.33759
88.34872
88.35974
88.37113
88.38191
88.39326
88.40446
88.41541
88.42646
88.43745
88.44916
88.46623
88.47344
88.48225
88.49299
88.5045
88.51537
88.52645
88.53754
88.54855
88.55964
88.57076
88.58209
88.59315
88.60495
88.62394
88.63188
88.63863
88.64847
88.65968
88.67065
88.68182
88.6932
88.70402
88.71531
88.7262
88.7373
88.74849
88.76005
88.77695
88.78349
88.79295
88.80392
88.81517
88.82634
88.83723
88.84832
88.85949
88.87082
88.88171
88.89292
88.9041
88.91562
88.93346
88.94106
88.94827
88.95943
88.97073
88.98167
88.99284
89.00407
89.01512
89.02609
89.0372
89.04832
89.05944
89.07132
89.08952
89.09691
89.10381
89.11498
89.12611
89.13716
89.14818
89.15927
89.17062
89.18153
89.19266
89.20398
89.21497
89.22662
89.24399
89.251
89.25954
89.2704
89.28146
89.29264
89.30384
89.3149
89.32604
89.33706
89.34811
89.35938
89.37089
89.38195
89.40012
89.4078
89.41522
89.42595
89.43701
89.44801
89.45933
89.4707
89.48131
89.49252
89.50392
89.51491
89.52584
89.5377
89.55484
89.56195
89.5706
89.58142
89.5929
89.6037
89.61469
89.62593
89.63705
89.64806
89.6591
89.6702
89.68131
89.69299
89.71024
89.71799
89.72571
89.73683
89.74792
89.75935
89.77045
89.78167
89.79272
89.80391
89.81499
89.82622
89.83727
89.84884
89.86705
89.87424
89.88112
89.89256
89.90343
89.91451
89.92561
89.93669
89.94777
89.95905
89.97018
89.98109
89.99224
90.00415
90.0211
90.02808
90.03699
90.04793
90.05923
90.07001
90.08128
90.09229
90.10361
90.11443
90.12589
90.13696
90.14774
90.15961
90.17738
90.18488
90.19208
90.20354
90.21441
90.22555
90.23669
90.24764
90.25906
90.27019
90.28097
90.29205
90.30341
90.31483
90.33172
90.33871
90.34765
90.35902
90.37028
90.38096
90.39234
90.40333
90.41432
90.42561
90.43703
90.44792
90.459
90.47072
90.4877
90.49491
90.50317
90.51441
90.5255
90.53671
90.54796
90.55901
90.57025
90.58138
90.59238
90.60355
90.61465
90.62642
90.64394
90.65125
90.65864
90.66972
90.68081
90.69225
90.70325
90.71458
90.72536
90.73655
90.74751
90.75877
90.76985
90.7813
90.79829
90.80534
90.81447
90.82526
90.83658
90.84744
90.85861
90.8699
90.88084
90.89189
90.90304
90.91442
90.92514
90.9369
90.9548
90.962
90.96951
90.98077
90.99188
91.00298
91.01402
91.02516
91.03621
91.0473
91.05831
91.06985
91.08092
91.09245
91.11072
91.11851
91.12542
91.13641
91.14725
91.15862
91.16979
91.18053
91.19209
91.2029
91.2139
91.22507
91.23631
91.24764
91.26462
91.2719
91.28062
91.2918
91.30285
91.31377
91.32526
91.33642
91.34725
91.3584
91.36936
91.38064
91.39165
91.40331
91.42162
91.42883
91.43594
91.44712
91.45854
91.4695
91.48077
91.49162
91.50266
91.5137
91.52482
91.53607
91.54707
91.55888
91.57607
91.5835
91.59164
91.60258
91.61367
91.62483
91.63589
91.64714
91.65841
91.66933
91.6803
91.69154
91.70277
91.7142
91.73121
91.73826
91.74687
91.75824
91.76921
91.78025
91.79176
91.8027
91.81386
91.82535
91.8363
91.84736
91.85841
91.87014
91.88821
91.89546
91.90253
91.91356
91.9249
91.93579
91.94691
91.95808
91.9691
91.98034
91.99136
92.00241
92.01343
92.02508
92.04245
92.04967
92.05791
92.06923
92.08032
92.09143
92.10242
92.11352
92.12471
92.13579
92.14674
92.15802
92.16909
92.18068
92.19862
92.20628
92.21333
92.22456
92.23568
92.24664
92.25782
92.26907
92.28014
92.29111
92.30221
92.31329
92.32446
92.33604
92.35343
92.36105
92.3688
92.3801
92.39107
92.40215
92.4136
92.42467
92.43583
92.44678
92.45763
92.46903
92.47997
92.49154
92.50861
92.51569
92.52461
92.53556
92.54649
92.55758
92.56898
92.58017
92.59129
92.60239
92.6137
92.62491
92.63588
92.64736
92.66619
92.67412
92.68088
92.69089
92.70219
92.71338
92.72437
92.73546
92.74664
92.75761
92.7689
92.77979
92.79099
92.80269
92.82064
92.82769
92.83521
92.84665
92.85745
92.86868
92.87997
92.89101
92.90197
92.91318
92.9242
92.93527
92.94643
92.95794
92.97512
92.98193
92.99078
93.00201
93.01315
93.02425
93.03538
93.04633
93.05751
93.06853
93.0798
93.09089
93.10191
93.11339
93.13177
93.13911
93.14629
93.15749
93.16858
93.17979
93.19077
93.20185
93.21284
93.22424
93.23521
93.24651
93.25724
93.26897
93.28619
93.2932
93.30188
93.31305
93.32394
93.33502
93.3462
93.35733
93.36852
93.37963
93.39069
93.40175
93.41292
93.42438
93.44219
93.4498
93.45724
93.46841
93.47964
93.49096
93.50184
93.51277
93.52391
93.53528
93.54638
93.55733
93.56853
93.58004
93.59792
93.60514
93.6126
93.62384
93.63516
93.64626
93.65726
93.66829
93.6796
93.69061
93.70178
93.71278
93.72376
93.73566
93.7526
93.75982
93.76846
93.77962
93.79042
93.80149
93.81259
93.82413
93.83511
93.84622
93.85693
93.86837
93.87937
93.89098
93.90859
93.91608
93.92374
93.93473
93.9461
93.9571
93.96834
93.9793
93.99043
94.00159
94.01269
94.02396
94.03487
94.04664
94.06375
94.0707
94.07927
94.09052
94.10144
94.11279
94.12381
94.1348
94.14592
94.15725
94.16809
94.17921
94.19052
94.20195
94.21954
94.22659
94.23476
94.24606
94.25684
94.26814
94.2793
94.29042
94.30148
94.31255
94.32375
94.33526
94.34609
94.35753
94.37542
94.38281
94.38999
94.40123
94.41226
94.42367
94.43485
94.4457
94.45678
94.46818
94.47897
94.49023
94.50138
94.51298
94.53151
94.53879
94.54566
94.55667
94.56803
94.57907
94.59013
94.60123
94.61214
94.62326
94.63435
94.64552
94.65659
94.66817
94.68619
94.69334
94.70103
94.71217
94.72327
94.73438
94.74577
94.75668
94.76785
94.77898
94.78995
94.80093
94.81209
94.82387
94.8413
94.84873
94.85646
94.868
94.87881
94.88993
94.90092
94.91216
94.92346
94.93431
94.94556
94.95656
94.96754
94.97931
94.99648
95.00409
95.01216
95.02322
95.03433
95.04549
95.05651
95.06773
95.07904
95.09017
95.1013
95.11224
95.12334
95.13485
95.15219
95.15916
95.1678
95.17893
95.18995
95.20125
95.21249
95.2236
95.23457
95.24567
95.25694
95.26803
95.27908
95.2907
95.30807
95.31513
95.3233
95.33453
95.34564
95.3567
95.36786
95.3789
95.38994
95.40118
95.41221
95.42322
95.43451
95.44601
95.46311
95.47038
95.47909
95.49013
95.50102
95.51218
95.52333
95.53449
95.54552
95.55663
95.56793
95.57896
95.58999
95.60164
95.62046
95.62805
95.63486
95.645
95.65611
95.66726
95.67838
95.68942
95.70058
95.7117
95.72275
95.73409
95.74487
95.75691
95.77357
95.78056
95.78959
95.80053
95.8116
95.82312
95.83416
95.84487
95.85619
95.86723
95.87836
95.88999
95.9008
95.91201
95.93027
95.938
95.94489
95.95628
95.96704
95.9781
95.98936
96.00044
96.01144
96.02259
96.03382
96.04494
96.05616
96.0677
96.08525
96.09293
96.10024
96.11151
96.12257
96.13377
96.14471
96.15591
96.16709
96.17801
96.18929
96.20032
96.21147
96.22318
96.24061
96.24754
96.25591
96.26694
96.27805
96.28926
96.30033
96.31148
96.32276
96.33386
96.34482
96.35588
96.367
96.37852
96.39596
96.40331
96.41138
96.42236
96.43351
96.4449
96.45602
96.46721
96.4781
96.48939
96.50053
96.51166
96.5226
96.53417
96.55075
96.55777
96.56698
96.57809
96.5892
96.60067
96.61191
96.62294
96.63393
96.64497
96.65614
96.66716
96.67835
96.68997
96.70796
96.71553
96.72247
96.73341
96.74445
96.75586
96.76709
96.77774
96.78901
96.79993
96.81116
96.82234
96.83336
96.84528
96.86237
96.86938
96.87778
96.889
96.90015
96.911
96.92233
96.9332
96.9443
96.95579
96.96685
96.97768
96.9888
97.00031
97.01705
97.02398
97.03321
97.04427
97.0555
97.06645
97.07796
97.08901
97.10008
97.11128
97.1223
97.13374
97.14455
97.15625
97.17347
97.18093
97.18903
97.20007
97.2114
97.22263
97.23381
97.24477
97.25585
97.26694
97.27806
97.28911
97.30025
97.31197
97.33006
97.33721
97.34412
97.35548
97.36667
97.37746
97.38885
97.40004
97.41076
97.42203
97.43305
97.44404
97.45535
97.46681
97.48404
97.49104
97.49958
97.51091
97.52186
97.53294
97.54412
97.55537
97.56625
97.57743
97.58852
97.59975
97.6107
97.62228
97.64062
97.64762
97.65514
97.66631
97.67742
97.68846
97.69959
97.71059
97.72192
97.73284
97.7439
97.75533
97.76637
97.77776
97.79468
97.80267
97.81053
97.82185
97.83294
97.84398
97.85499
97.8662
97.87724
97.88849
97.89956
97.91057
97.92161
97.93385
97.95112
97.9586
97.96598
97.97723
97.98855
97.99943
98.01064
98.02154
98.03283
98.04374
98.05499
98.066
98.07714
98.08877
98.10692
98.11429
98.12149
98.13289
98.14375
98.15498
98.16611
98.1771
98.18842
98.19941
98.21037
98.22148
98.23289
98.24435
98.26213
98.26975
98.27692
98.28815
98.29921
98.3104
98.32167
98.33279
98.34363
98.35498
98.36612
98.37699
98.38811
98.3998
98.41631
98.42327
98.43316
98.44359
98.45489
98.46593
98.47692
98.48823
98.49915
98.5104
98.52135
98.53264
98.54362
98.55524
98.57245
98.58006
98.58822
98.5993
98.61014
98.62152
98.63282
98.64399
98.6551
98.66617
98.67737
98.68859
98.69987
98.71118
98.72868
98.73587
98.74373
98.75497
98.76608
98.77709
98.78831
98.7993
98.81036
98.8215
98.83263
98.84373
98.85502
98.86658
98.8839
98.89155
98.89927
98.91048
98.92154
98.93256
98.94369
98.95477
98.966
98.97695
98.98815
98.99931
99.01025
99.0219
99.03954
99.0463
99.05461
99.06575
99.07693
99.08812
99.09917
99.11014
99.12136
99.13241
99.14345
99.1545
99.16566
99.17725
99.19475
99.20165
99.21013
99.22125
99.23244
99.24342
99.25446
99.26563
99.27683
99.28819
99.29895
99.31003
99.32123
99.33289
99.35051
99.35809
99.36532
99.37643
99.38763
99.39866
99.4099
99.4212
99.43209
99.44311
99.45425
99.46547
99.47643
99.48803
99.50571
99.51254
99.52092
99.53198
99.54309
99.55415
99.56541
99.57643
99.58749
99.59863
99.60976
99.621
99.63196
99.64367
99.66122
99.66846
99.67652
99.6875
99.69862
99.70979
99.72095
99.73217
99.74313
99.75424
99.7654
99.77649
99.7878
99.79922
99.81702
99.82433
99.83173
99.8429
99.85436
99.86545
99.8766
99.88731
99.89857
99.90958
99.9207
99.93172
99.94292
99.95451
99.97134
99.97847
99.98722
99.99847
100.0096
100.0207
100.0317
100.0428
100.0539
100.0654
100.0764
100.0873
100.0986
100.11
100.128
100.1354
100.1427
100.1539
100.1652
100.1761
100.1872
100.1985
100.2093
100.2205
100.2317
100.2427
100.254
100.2654
100.2829
100.2899
100.2982
100.3094
100.3206
100.3316
100.3427
100.354
100.3651
100.3759
100.3871
100.3983
100.4095
100.4213
100.4407
100.4476
100.4546
100.4649
100.476
100.4871
100.4983
100.5094
100.5204
100.5318
100.5426
100.5537
100.5649
100.577
100.595
100.6023
100.6093
100.6204
100.6314
100.6426
100.6535
100.6647
100.676
100.687
100.698
100.7092
100.7203
100.7319
100.7497
100.7573
100.7646
100.7759
100.7869
100.7981
100.8092
100.8202
100.8316
100.8427
100.8535
100.865
100.876
100.8873
100.9054
100.913
100.9201
100.9314
100.9423
100.9534
100.9647
100.9757
100.9867
100.9979
101.0091
101.0201
101.0315
101.0428
101.0611
101.0683
101.0756
101.0868
101.0983
101.1092
101.1203
101.1312
101.1423
101.1533
101.1645
101.176
101.1868
101.1983
101.215
101.222
101.231
101.2421
101.2534
101.2647
101.2757
101.2866
101.2979
101.3089
101.32
101.3315
101.3422
101.3538
101.3708
101.3784
101.3865
101.3978
101.409
101.4201
101.4314
101.4427
101.4538
101.465
101.4761
101.4873
101.4984
101.5101
101.5279
101.5355
101.5427
101.5532
101.5642
101.5756
101.5866
101.5977
101.6087
101.6198
101.6309
101.6423
101.6533
101.6648
101.6829
101.6902
101.6974
101.7089
101.7197
101.731
101.7424
101.753
101.7642
101.7756
101.7864
101.7974
101.8087
101.8202
101.8383
101.8455
101.853
101.8641
101.8752
101.8863
101.8975
101.9089
101.9196
101.931
101.9421
101.9531
101.964
101.9761
101.9931
102.0006
102.0084
102.0197
102.0308
102.0422
102.0529
102.0641
102.0756
102.0864
102.0973
102.1084
102.1197
102.1313
102.1484
102.1556
102.1643
102.1752
102.1863
102.1973
102.2087
102.22
102.2311
102.2422
102.2534
102.2644
102.2756
102.2871
102.3041
102.312
102.3199
102.3311
102.3421
102.3536
102.3646
102.3755
102.3867
102.398
102.4089
102.42
102.4311
102.4427
102.4599
102.4665
102.4755
102.4866
102.4978
102.5088
102.52
102.5312
102.5423
102.5533
102.5644
102.5755
102.5867
102.5982
102.6164
102.6237
102.6307
102.6417
102.6526
102.6639
102.675
102.6859
102.6972
102.7083
102.7195
102.7303
102.7418
102.7531
102.7703
102.7773
102.7862
102.797
102.8082
102.8193
102.8303
102.8415
102.8525
102.8636
102.8749
102.886
102.897
102.9087
102.9269
102.9345
102.9414
102.9526
102.9637
102.9749
102.9858
102.9971
103.0081
103.0191
103.0303
103.0415
103.0525
103.0644
103.0818
103.0894
103.0968
103.108
103.1191
103.1302
103.1413
103.1523
103.1637
103.1748
103.1857
103.1969
103.208
103.2197
103.2362
103.2432
103.2524
103.2636
103.2747
103.2857
103.2967
103.3081
103.3192
103.3302
103.3413
103.3524
103.3634
103.3752
103.3929
103.3998
103.4079
103.4191
103.43
103.4413
103.4523
103.4637
103.4747
103.4856
103.4966
103.5079
103.5192
103.5305
103.5478
103.5556
103.5633
103.5745
103.5855
103.5966
103.6079
103.6191
103.6301
103.6412
103.6523
103.6633
103.6747
103.6863
103.704
103.7113
103.7188
103.73
103.7412
103.7523
103.7631
103.7744
103.7856
103.7965
103.8077
103.8188
103.83
103.8414
103.8595
103.8656
103.8741
103.8856
103.8965
103.9076
103.9187
103.9302
103.9413
103.952
103.9634
103.9744
103.9855
103.9969
104.0144
104.0214
104.0301
104.041
104.052
104.063
104.0741
104.0853
104.0962
104.1077
104.1187
104.1296
104.1407
104.1527
104.1702
104.1776
104.1853
104.1963
104.2076
104.2186
104.2297
104.2407
104.2518
104.2629
104.2741
104.2853
104.2963
104.3079
104.3258
104.3333
104.3406
104.3518
104.3629
104.3742
104.385
104.3963
104.4076
104.4187
104.4295
104.4406
104.4519
104.4634
104.4806
104.4876
104.4961
104.5073
104.5183
104.5294
104.5408
104.5518
104.563
104.5741
104.585
104.5962
104.6072
104.6189
104.6374
104.6443
104.6518
104.6627
104.6738
104.6852
104.696
104.7073
104.7185
104.7295
104.7404
104.7516
104.7627
104.7745
104.7911
104.7976
104.8074
104.8186
104.8294
104.8405
104.8516
104.8629
104.8737
104.8855
104.896
104.9071
104.9184
104.9305
104.9482
104.9554
104.9625
104.9737
104.9848
104.9958
105.0074
105.0182
105.0291
105.0407
105.0515
105.0627
105.0739
105.0854
105.1028
105.1103
105.118
105.1291
105.1408
105.1516
105.1625
105.1736
105.1849
105.1957
105.2069
105.2182
105.2294
105.2409
105.258
105.2649
105.2738
105.2849
105.296
105.3069
105.3182
105.3293
105.3404
105.352
105.363
105.3739
105.3849
105.3966
105.4142
105.4213
105.4291
105.4405
105.4519
105.4626
105.4738
105.4847
105.4958
105.507
105.518
105.5293
105.5404
105.5522
105.5702
105.5777
105.5844
105.5957
105.6067
105.618
105.6289
105.64
105.6518
105.6623
105.6735
105.6844
105.6959
105.7073
105.7245
105.7322
105.7399
105.7513
105.7623
105.7733
105.7847
105.7956
105.8069
105.8178
105.8288
105.8399
105.8512
105.8628
105.8804
105.889
105.8959
105.9069
105.9178
105.929
105.9404
105.9513
105.9621
105.9735
105.9847
105.9955
106.0067
106.0184
106.0354
106.0423
106.0512
106.0622
106.0733
106.0846
106.0956
106.1065
106.1177
106.1288
106.1401
106.1509
106.162
106.1736
106.1916
106.1989
106.2064
106.2179
106.2287
106.2398
106.251
106.2619
106.273
106.2843
106.2954
106.3066
106.3175
106.3291
106.3468
106.3536
106.3618
106.3733
106.3842
106.3953
106.4064
106.4174
106.4285
106.4401
106.4508
106.4618
106.4731
106.4847
106.5042
106.5112
106.5183
106.5284
106.5396
106.5509
106.562
106.5731
106.584
106.5953
106.6065
106.6173
106.6284
106.64
106.6587
106.6657
106.6727
106.6843
106.6952
106.7064
106.7174
106.7283
106.7395
106.7508
106.7619
106.773
106.7841
106.7956
106.8162
106.8236
106.8307
106.8394
106.8507
106.8617
106.8728
106.884
106.8949
106.9063
106.9174
106.9283
106.9395
106.9511
106.9684
106.9753
106.9839
106.9949
107.0062
107.0172
107.0285
107.0393
107.0507
107.0617
107.073
107.084
107.0948
107.1067
107.1248
107.1324
107.1394
107.1505
107.1615
107.1726
107.1839
107.195
107.2062
107.2173
107.2282
107.2394
107.2503
107.2621
107.2789
107.2861
107.2948
107.3061
107.3171
107.3281
107.3395
107.3504
107.3613
107.3724
107.3839
107.3947
107.4059
107.4177
107.4362
107.4441
107.451
107.4614
107.4726
107.4836
107.4948
107.5058
107.517
107.5282
107.5392
107.5505
107.5613
107.5732
107.5912
107.5986
107.6057
107.6167
107.6279
107.639
107.6503
107.6612
107.6725
107.6836
107.6948
107.7059
107.7168
107.7283
107.7454
107.7522
107.7613
107.7723
107.7836
107.7946
107.806
107.8171
107.8279
107.8391
107.8503
107.8612
107.8724
107.884
107.9019
107.9092
107.9165
107.9277
107.9389
107.9501
107.9613
107.9726
107.9836
107.9944
108.0057
108.017
108.0276
108.0394
108.057
108.0649
108.0722
108.0835
108.0943
108.1057
108.1168
108.1278
108.1389
108.15
108.161
108.1721
108.1832
108.1948
108.2115
108.2185
108.2275
108.2391
108.2502
108.261
108.2723
108.2833
108.2944
108.3054
108.3166
108.3277
108.3387
108.3507
108.3704
108.3773
108.3843
108.3942
108.4057
108.4167
108.4275
108.4387
108.4497
108.461
108.4722
108.4833
108.4942
108.506
108.5236
108.5306
108.5385
108.5499
108.5607
108.5719
108.5833
108.5941
108.6054
108.6163
108.6276
108.6385
108.6496
108.6616
108.6799
108.6868
108.694
108.7055
108.7165
108.7273
108.7386
108.7496
108.7608
108.7718
108.7829
108.7941
108.8051
108.8169
108.8346
108.8421
108.8497
108.8607
108.8718
108.883
108.8939
108.9051
108.9161
108.9272
108.9387
108.9499
108.9607
108.9723
108.9889
108.9965
109.0053
109.0163
109.0272
109.0383
109.0496
109.0607
109.0716
109.0829
109.0939
109.1052
109.1161
109.1276
109.1458
109.153
109.1608
109.172
109.1828
109.1938
109.2049
109.2163
109.2272
109.2385
109.2496
109.2607
109.2716
109.2833
109.3
109.307
109.3159
109.3271
109.3384
109.3494
109.3606
109.3717
109.3827
109.3937
109.4048
109.416
109.427
109.4388
109.4563
109.4643
109.4721
109.4827
109.4936
109.5051
109.5161
109.5271
109.5382
109.5493
109.5607
109.5716
109.5828
109.5946
109.6126
109.62
109.6271
109.638
109.6491
109.6604
109.6714
109.6827
109.6935
109.7046
109.716
109.7269
109.738
109.7497
109.7673
109.7742
109.7824
109.7934
109.8047
109.816
109.8268
109.8379
109.8493
109.8601
109.8713
109.8826
109.8938
109.9053
109.9238
109.9312
109.938
109.9492
109.9601
109.9712
109.9824
109.9934
110.0044
110.0159
110.0268
110.0379
110.049
110.0606
110.078
110.085
110.0933
110.1047
110.1157
110.1268
110.1381
110.1492
110.1601
110.1713
110.1823
110.1934
110.2046
110.216
110.2328
110.2399
110.249
110.2601
110.2712
110.2823
110.2933
110.3044
110.3158
110.3271
110.3381
110.3493
110.3603
110.3721
110.3894
110.3968
110.4047
110.4158
110.4269
110.4381
110.4492
110.4602
110.4713
110.4825
110.4935
110.5047
110.5159
110.5274
110.5441
110.5515
110.5602
110.5713
110.5825
110.5935
110.6049
110.6158
110.6273
110.638
110.6496
110.6606
110.6714
110.683
110.7014
110.7084
110.7153
110.7265
110.7375
110.7488
110.7598
110.7711
110.7824
110.793
110.8041
110.8153
110.8263
110.8379
110.8555
110.8632
110.8707
110.882
110.8929
110.9042
110.9154
110.9264
110.9373
110.9488
110.9597
110.9707
110.9818
110.9934
111.0106
111.0184
111.0262
111.0375
111.0488
111.0595
111.0707
111.0818
111.093
111.1042
111.1154
111.1263
111.1375
111.1491
111.1673
111.1741
111.1816
111.1928
111.2039
111.215
111.2261
111.2373
111.2485
111.2597
111.2707
111.2818
111.293
111.3045
111.3236
111.3312
111.3379
111.3483
111.3594
111.3706
111.3817
111.3927
111.4039
111.415
111.4261
111.4372
111.4483
111.4599
111.4781
111.4853
111.4927
111.504
111.5149
111.5264
111.5372
111.5482
111.5592
111.5708
111.5815
111.5926
111.6038
111.6155
111.6329
111.64
111.6482
111.6592
111.6703
111.6816
111.6925
111.7039
111.7149
111.7259
111.737
111.7484
111.7593
111.7709
111.7878
111.7953
111.8035
111.8148
111.8261
111.8369
111.8483
111.8595
111.8706
111.8819
111.8928
111.9043
111.9151
111.9267
111.9449
111.952
111.959
111.9704
111.9813
111.9924
112.0035
112.0149
112.0257
112.0368
112.0482
112.0591
112.0701
112.082
112.0994
112.1069
112.1145
112.1257
112.1368
112.1482
112.1591
112.1702
112.1813
112.1924
112.204
112.2149
112.2258
112.2375
112.2547
112.2616
112.2702
112.2812
112.2922
112.3034
112.3147
112.3257
112.3369
112.3481
112.3592
112.3703
112.3812
112.3929
112.4106
112.418
112.4256
112.4368
112.4479
112.4589
112.4703
112.4812
112.4922
112.5034
112.5146
112.5256
112.5368
112.5485
112.5666
112.5737
112.5809
112.5921
112.6033
112.6144
112.6255
112.6365
112.6476
112.6587
112.6702
112.6812
112.6921
112.7037
112.7214
112.7283
112.7364
112.7479
112.7586
112.7702
112.7812
112.7921
112.8032
112.8143
112.8254
112.8364
112.8477
112.8592
112.8773
112.8843
112.8919
112.9032
112.9143
112.9252
112.9364
112.9475
112.9586
112.9697
112.9809
112.992
113.0032
113.015
113.0324
113.0393
113.0475
113.0585
113.0699
113.0809
113.0918
113.103
113.1142
113.1252
113.1364
113.1476
113.1585
113.1704
113.1883
113.1957
113.2029
113.2142
113.2251
113.2364
113.2475
113.2585
113.2697
113.2807
113.2917
113.303
113.314
113.3256
113.3433
113.3507
113.3584
113.3698
113.3807
113.3917
113.4029
113.4141
113.425
113.4366
113.4477
113.4585
113.4696
113.481
113.4983
113.5054
113.5139
113.5252
113.5363
113.5472
113.5583
113.5696
113.5807
113.5917
113.603
113.6141
113.6251
113.6366
113.654
113.6613
113.6696
113.6806
113.6917
113.703
113.7144
113.7254
113.7365
113.7477
113.7587
113.77
113.781
113.7926
113.8104
113.8176
113.8248
113.8361
113.847
113.8584
113.8694
113.8805
113.8914
113.9027
113.9138
113.9249
113.9362
113.9474
113.9642
113.9712
113.9804
113.9914
114.0026
114.0137
114.0249
114.036
114.0473
114.058
114.0692
114.0802
114.0914
114.1032
114.1206
114.128
114.1357
114.1471
114.1581
114.1693
114.1804
114.1917
114.2026
114.2138
114.2248
114.236
114.247
114.2586
114.2762
114.284
114.2916
114.3027
114.3138
114.3249
114.3359
114.3473
114.3581
114.3693
114.3803
114.3914
114.4025
114.4142
114.4311
114.4382
114.4469
114.4581
114.4691
114.4803
114.4914
114.5025
114.5138
114.5248
114.536
114.5471
114.5581
114.5696
114.5886
114.5962
114.6033
114.6134
114.6244
114.6355
114.6467
114.6577
114.6689
114.6801
114.6912
114.7021
114.7133
114.725
114.7419
114.7498
114.7576
114.7691
114.7801
114.791
114.8023
114.8132
114.8243
114.8355
114.8466
114.8576
114.8689
114.8805
114.8984
114.9054
114.9132
114.9243
114.9354
114.9467
114.9576
114.9688
114.9798
114.9911
115.0021
115.0133
115.0244
115.0359
115.0531
115.06
115.0689
115.0799
115.091
115.1021
115.1132
115.1244
115.1354
115.1466
115.1578
115.1688
115.1799
115.1914
115.2093
115.2169
115.2242
115.2356
115.2466
115.2574
115.2688
115.2798
115.2907
115.302
115.3132
115.3244
115.3353
115.3471
115.3648
115.3724
115.3797
115.3907
115.4017
115.4131
115.424
115.4356
115.4466
115.4577
115.4688
115.4797
115.4907
115.5023
115.5192
115.5262
115.5354
115.5464
115.5576
115.5683
115.5797
115.5909
115.6018
115.613
115.6241
115.6352
115.6464
115.6578
115.6758
115.683
115.6905
115.7018
115.7128
115.724
115.735
115.7463
115.7572
115.7683
115.7794
115.7905
115.8016
115.8132
115.8312
115.8384
115.846
115.8571
115.8684
115.8794
115.8905
115.9016
115.9127
115.9242
115.9348
115.9459
115.9571
115.9691
115.9866
115.9944
116.0014
116.0129
116.0241
116.0351
116.046
116.0571
116.0683
116.0795
116.0906
116.1016
116.1129
116.1244
116.142
116.149
116.157
116.1685
116.1798
116.1905
116.2014
116.2127
116.2237
116.2348
116.2461
116.2569
116.2681
116.2798
116.2972
116.3046
116.3125
116.3239
116.3346
116.346
116.357
116.3683
116.3792
116.3904
116.4015
116.4126
116.4239
116.4353
116.452
116.4594
116.4682
116.4792
116.4903
116.5015
116.5127
116.5238
116.5349
116.5461
116.5573
116.5682
116.5795
116.5911
116.6089
116.6161
116.6236
116.6347
116.6458
116.6569
116.6679
116.6789
116.6904
116.7012
116.7124
116.7237
116.7346
116.7463
116.7638
116.771
116.7789
116.7903
116.8012
116.8124
116.8236
116.8347
116.8459
116.8569
116.8681
116.879
116.8903
116.9017
116.9193
116.9267
116.9344
116.9457
116.9568
116.9678
116.979
116.9902
117.0011
117.0123
117.0233
117.0344
117.0456
117.0573
117.0745
117.0819
117.0899
117.1011
117.1125
117.1237
117.1347
117.1456
117.1568
117.1678
117.1788
117.1901
117.201
117.2126
117.2297
117.2369
117.2456
117.2567
117.2677
117.2793
117.2903
117.3014
117.3126
117.3237
117.3347
117.3458
117.357
117.3686
117.3875
117.3951
117.4021
117.412
117.4234
117.4346
117.4455
117.4567
117.4675
117.4786
117.49
117.5011
117.5119
117.5238
117.5408
117.5478
117.5565
117.5675
117.5787
117.59
117.6009
117.6121
117.623
117.6342
117.6451
117.6563
117.6674
117.6791
117.6975
117.7045
117.7117
117.723
117.734
117.7451
117.7564
117.7673
117.7784
117.7895
117.8008
117.812
117.8228
117.8346
117.8512
117.8588
117.8673
117.8785
117.8896
117.9005
117.9119
117.9231
117.9341
117.9453
117.9562
117.9674
117.9783
117.9901
118.0068
118.0142
118.0229
118.0339
118.045
118.056
118.0672
118.0787
118.0901
118.1013
118.1126
118.1236
118.1348
118.1463
118.1638
118.1709
118.1787
118.1898
118.201
118.212
118.223
118.2342
118.2453
118.2566
118.2677
118.2787
118.2898
118.3013
118.3194
118.3268
118.3337
118.3451
118.3562
118.367
118.3784
118.3894
118.4006
118.4114
118.4226
118.4336
118.4449
118.4566
118.4733
118.4805
118.4893
118.5003
118.5114
118.5225
118.5336
118.5449
118.5561
118.5671
118.5784
118.5895
118.6002
118.6118
118.6303
118.6373
118.6447
118.6557
118.667
118.6782
118.6891
118.7003
118.7115
118.7228
118.7337
118.7447
118.756
118.7675
118.7849
118.7917
118.8004
118.8115
118.8225
118.8336
118.8445
118.8558
118.8674
118.8779
118.889
118.9005
118.9113
118.9229
118.9418
118.9493
118.9563
118.9667
118.978
118.989
119.0001
119.0111
119.0226
119.0335
119.0447
119.0559
119.0668
119.0782
119.0966
119.1039
119.1111
119.1221
119.1335
119.1446
119.1558
119.1667
119.1779
119.1888
119.1999
119.211
119.2222
119.2342
119.2515
119.2586
119.2666
119.2776
119.2888
119.2999
119.3109
119.3222
119.3333
119.3444
119.3554
119.3667
119.3776
119.3892
119.4072
119.4146
119.4221
119.4335
119.4445
119.4555
119.4666
119.4775
119.4888
119.5
119.5109
119.5219
119.5331
119.5449
119.5633
119.5704
119.5775
119.589
119.5997
119.6109
119.6222
119.6333
119.6441
119.6554
119.6665
119.6774
119.6889
119.7005
119.7177
119.7246
119.7332
119.7441
119.7554
119.7667
119.7775
119.789
119.7999
119.8108
119.8219
119.833
119.8442
119.8561
119.8739
119.8815
119.8889
119.9
119.911
119.9219
119.9329
119.9443
119.9554
119.9664
119.9773
119.9886
119.9998
120.0111
120.0285
120.0355
120.0444
120.0554
120.0666
120.0774
120.0888
120.0998
120.1105
120.122
120.1329
120.1439
120.155
120.1668
120.1851
120.1927
120.1995
120.2105
120.2218
120.2328
120.244
120.2554
120.2663
120.2772
120.2889
120.2995
120.3106
120.3222
120.3397
120.3474
120.3549
120.3664
120.3771
120.3891
120.3995
120.4104
120.4218
120.4328
120.4439
120.4552
120.466
120.4776
120.4952
120.5022
120.5103
120.5215
120.5328
120.5437
120.5552
120.5661
120.5772
120.5883
120.5995
120.6106
120.6216
120.6331
120.6511
120.6581
120.6658
120.6769
120.6883
120.6994
120.7104
120.7215
120.7328
120.7436
120.7549
120.766
120.777
120.7885
120.8059
120.813
120.8215
120.8326
120.8435
120.8549
120.866
120.8769
120.888
120.8992
120.9102
120.9213
120.9324
120.9439
120.9607
120.9678
120.977
120.9881
120.9994
121.0104
121.0217
121.0327
121.0439
121.0551
121.0663
121.0772
121.0884
121.0999
121.1171
121.1246
121.1328
121.1438
121.155
121.1663
121.1775
121.1884
121.1996
121.2106
121.2218
121.2328
121.244
121.2556
121.2728
121.2803
121.2883
121.2997
121.3106
121.322
121.333
121.344
121.3549
121.3661
121.3772
121.3883
121.3994
121.411
121.4285
121.4361
121.4437
121.4548
121.4658
121.4769
121.4881
121.499
121.5102
121.5214
121.5324
121.5435
121.5546
121.5664
121.5846
121.5923
121.5988
121.6098
121.621
121.632
121.6432
121.6545
121.6657
121.6765
121.6878
121.6988
121.7098
121.7214
121.7394
121.747
121.7548
121.7657
121.7766
121.7876
121.7989
121.8097
121.8208
121.8321
121.843
121.8542
121.8654
121.8768
121.8947
121.9026
121.9096
121.9213
121.9323
121.9435
121.955
121.9657
121.9773
121.9884
121.9992
122.0102
122.0214
122.0361
122.0546
122.0621
122.0703
122.0781
