0
0.02
0.3533334
0.4343276
0.4503199
0.4580743
0.4655804
0.4771842
0.4880241
0.4989505
0.5102137
0.5210546
0.5321738
0.5432951
0.5548078
0.5655801
0.5766895
0.5881491
0.5990533
0.6099458
0.6210023
0.6321149
0.6431969
0.6546257
0.6655343
0.6766959
0.6880025
0.6986446
0.7099571
0.7213433
0.7320353
0.7437624
0.7545633
0.7653973
0.7766328
0.7877768
0.7986208
0.8099889
0.8209358
0.8320788
0.8432418
0.8542873
0.8656061
0.8764902
0.8877813
0.8988875
0.9099115
0.9211603
0.9319562
0.9432235
0.9544933
0.9654658
0.9763975
0.9877294
0.9985762
1.009838
1.020993
1.031821
1.043053
1.054299
1.065308
1.076417
1.087753
1.098498
1.109976
1.120724
1.133884
1.14821
1.159259
1.170389
1.181468
1.192696
1.203989
1.214772
1.22575
1.23691
1.248336
1.259096
1.27021
1.281271
1.292474
1.303546
1.31456
1.325766
1.336929
1.348055
1.359137
1.370231
1.38127
1.39234
1.403494
1.414557
1.425634
1.436862
1.448154
1.459039
1.470151
1.481243
1.492315
1.503547
1.514478
1.52581
1.536806
1.547897
1.558965
1.570213
1.581075
1.592225
1.603414
1.614401
1.625704
1.636906
1.647731
1.659027
1.669966
1.681213
1.692159
1.703423
1.714363
1.725643
1.736574
1.747716
1.759406
1.770104
1.781019
1.792207
1.803315
1.814572
1.825639
1.836718
1.847616
1.859076
1.869945
1.881157
1.892115
1.903277
1.914527
1.925333
1.936857
1.94761
1.959055
1.969818
1.980998
1.992174
2.003234
2.014148
2.025527
2.03653
2.047635
2.059042
2.069893
2.080966
2.092103
2.103278
2.114252
2.125294
2.136438
2.147515
2.158678
2.169719
2.180794
2.191882
2.203072
2.214187
2.225791
2.236519
2.247465
2.258635
2.269761
2.280751
2.291984
2.303146
2.314114
2.325309
2.336371
2.347407
2.358591
2.369809
2.380832
2.391983
2.402958
2.414001
2.425171
2.436333
2.447408
2.458698
2.469914
2.480725
2.491822
2.50293
2.513986
2.525173
2.536319
2.547294
2.558408
2.569679
2.580685
2.591792
2.602918
2.614185
2.625158
2.636205
2.647253
2.658593
2.669582
2.680552
2.691661
2.70301
2.714071
2.725038
2.736094
2.747174
2.75844
2.769578
2.780507
2.79162
2.802819
2.813802
2.82506
2.836102
2.847246
2.858313
2.869453
2.880482
2.891636
2.902779
2.913835
2.925081
2.936119
2.947215
2.958304
2.969509
2.980446
2.991604
3.002631
3.013811
3.025057
3.036074
3.047045
3.058376
3.069369
3.080483
3.091719
3.102633
3.113703
3.124842
3.135878
3.147052
3.158105
3.169383
3.180276
3.191536
3.202677
3.213756
3.224709
3.236127
3.247079
3.258254
3.269211
3.280457
3.291416
3.302526
3.313531
3.324849
3.336004
3.34692
3.358135
3.36924
3.380212
3.391443
3.402554
3.413518
3.424631
3.435831
3.446832
3.457956
3.469125
3.480337
3.49136
3.502486
3.513516
3.524642
3.53579
3.546916
3.558103
3.569129
3.580184
3.591213
3.602336
3.613623
3.624586
3.635837
3.646701
3.658092
3.669135
3.68003
3.691248
3.702467
3.713467
3.724571
3.735716
3.74673
3.757944
3.769039
3.780051
3.791348
3.802281
3.813301
3.824407
3.835689
3.846704
3.857901
3.869128
3.880025
3.891238
3.902295
3.913268
3.924575
3.935741
3.946711
3.957718
3.968891
3.979892
3.991142
4.002097
4.013315
4.024328
4.035739
4.046589
4.057631
4.068749
4.079894
4.090975
4.102228
4.113181
4.124398
4.135529
4.146474
4.157743
4.168859
4.179824
4.190971
4.202034
4.21324
4.224275
4.235317
4.246709
4.257691
4.268718
4.279762
4.29107
4.302094
4.3131
4.324376
4.335392
4.346476
4.357499
4.368867
4.379735
4.390853
4.401994
4.413026
4.424247
4.4354
4.446369
4.457619
4.468886
4.479775
4.490839
4.502071
4.512995
4.524124
4.53521
4.546316
4.557389
4.568501
4.579665
4.590777
4.601886
4.612923
4.624032
4.635346
4.646253
4.657418
4.668508
4.679589
4.690795
4.701765
4.712857
4.72401
4.735182
4.746442
4.757291
4.768625
4.77963
4.790697
4.801932
4.812865
4.824121
4.835113
4.846107
4.857315
4.868454
4.879526
4.890691
4.901768
4.912845
4.924262
4.935157
4.946166
4.9574
4.968308
4.979394
4.990562
5.001791
5.012746
5.023963
5.035172
5.046117
5.057192
5.068388
5.079405
5.090561
5.101712
5.112681
5.123824
5.13492
5.145998
5.157169
5.16845
5.179342
5.190543
5.20152
5.212641
5.22375
5.235015
5.245983
5.257115
5.268323
5.279312
5.290366
5.301864
5.312623
5.323883
5.334789
5.345868
5.357122
5.368231
5.379235
5.390289
5.401474
5.412711
5.4238
5.434806
5.446095
5.45698
5.468068
5.479213
5.490368
5.501439
5.51264
5.523913
5.534797
5.545854
5.557159
5.568201
5.579457
5.590215
5.601398
5.612392
5.62387
5.634715
5.645818
5.657003
5.667984
5.679088
5.69025
5.701507
5.712428
5.723635
5.734751
5.745725
5.756803
5.768008
5.779018
5.790112
5.801313
5.812429
5.823427
5.834664
5.845665
5.856835
5.867945
5.879165
5.890179
5.901178
5.912283
5.923556
5.934646
5.945757
5.956776
5.967856
5.979018
5.990172
6.001255
6.012248
6.023458
6.034642
6.045585
6.056749
6.067901
6.078983
6.090006
6.101329
6.112176
6.123301
6.134612
6.145559
6.156953
6.167806
6.1789
6.190042
6.201065
6.212202
6.223311
6.234448
6.245523
6.256827
6.267853
6.278749
6.290072
6.301121
6.312125
6.323234
6.334314
6.345548
6.356648
6.367667
6.378766
6.389897
6.401038
6.412143
6.423179
6.434288
6.44535
6.456674
6.467604
6.478739
6.489845
6.501201
6.51201
6.523287
6.534402
6.545694
6.556443
6.567701
6.578671
6.589951
6.600985
6.611962
6.623254
6.634288
6.645427
6.65678
6.667644
6.678654
6.689787
6.701008
6.711907
6.722974
6.734147
6.745191
6.756374
6.767518
6.778533
6.789601
6.800677
6.811902
6.822981
6.834088
6.845164
6.856378
6.867486
6.878482
6.889598
6.900844
6.911744
6.922959
6.934072
6.945102
6.956278
6.967418
6.978681
6.989689
7.000736
7.0117
7.022896
7.034114
7.045286
7.05629
7.067745
7.078489
7.089549
7.10059
7.111666
7.122834
7.13414
7.144989
7.156162
7.167319
7.178365
7.189435
7.200586
7.211682
7.222795
7.234053
7.244959
7.256072
7.267562
7.2784
7.289565
7.300529
7.311565
7.322711
7.334084
7.344904
7.356198
7.367156
7.378263
7.389383
7.400589
7.411602
7.422669
7.433873
7.444849
7.455933
7.467093
7.47817
7.489394
7.500484
7.511867
7.522666
7.533933
7.544868
7.555973
7.567103
7.578199
7.589369
7.600439
7.611507
7.622502
7.633829
7.644814
7.65592
7.66715
7.678418
7.689168
7.70049
7.711577
7.72256
7.733726
7.744783
7.755802
7.767095
7.778222
7.789136
7.80045
7.811423
7.822492
7.833784
7.844655
7.855808
7.866983
7.878249
7.889066
7.900314
7.911321
7.922397
7.933587
7.944623
7.955817
7.966847
7.978499
7.989085
8.0003
8.011341
8.022313
8.033422
8.04461
8.055897
8.066848
8.078393
8.089027
8.100101
8.111191
8.122279
8.133446
8.1445
8.155748
8.166846
8.177791
8.189013
8.2002
8.2116
8.222304
8.233685
8.244472
8.255688
8.266893
8.277794
8.288937
8.29995
8.311123
8.322219
8.333265
8.3444
8.355605
8.366854
8.377779
8.38892
8.399961
8.411064
8.422141
8.433337
8.444361
8.455507
8.466675
8.477658
8.488888
8.499904
8.511082
8.522256
8.533189
8.544359
8.555439
8.566596
8.578014
8.588794
8.59999
8.610996
8.622097
8.63317
8.644296
8.655449
8.666628
8.677675
8.688787
8.699932
8.710982
8.722146
8.733222
8.744329
8.755431
8.766578
8.777645
8.788793
8.799885
8.810899
8.821954
8.833319
8.844276
8.855373
8.866534
8.877499
8.888828
8.899987
8.910812
8.922006
8.93322
8.944102
8.955195
8.966428
8.97753
8.988716
8.999614
9.010703
9.021889
9.032927
9.044161
9.055184
9.066314
9.077641
9.089421
9.099627
9.1107
9.121919
9.132883
9.144156
9.155639
9.166283
9.177441
9.188389
9.199605
9.210662
9.221786
9.232939
9.243935
9.255154
9.266411
9.277265
9.288388
9.29968
9.31064
9.321784
9.332909
9.343868
9.355123
9.366135
9.377255
9.388355
9.399738
9.410506
9.421683
9.432729
9.443951
9.455045
9.466249
9.477201
9.48853
9.499471
9.510474
9.521801
9.532784
9.54382
9.554934
9.566057
9.577193
9.588299
9.599417
9.610546
9.621686
9.63284
9.643811
9.655014
9.666027
9.677178
9.688224
9.699314
9.710417
9.721562
9.732655
9.743771
9.755339
9.766187
9.777092
9.788179
9.799305
9.810335
9.821694
9.832672
9.843743
9.854779
9.86599
9.877016
9.888349
9.89926
9.910339
9.92166
9.932589
9.9436
9.954898
9.965964
9.976897
9.988196
9.999193
10.01031
10.02139
10.0325
10.04366
10.05469
10.06585
10.07713
10.0881
10.09917
10.11015
10.12136
10.13241
10.14363
10.15463
10.16588
10.17692
10.18807
10.19914
10.21014
10.22128
10.23246
10.24352
10.25471
10.26583
10.27686
10.28797
10.29904
10.31026
10.32129
10.33242
10.34342
10.35475
10.36576
10.37681
10.38819
10.39904
10.41007
10.42116
10.43229
10.44363
10.45456
10.4657
10.47668
10.48796
10.49895
10.51014
10.52138
10.53227
10.54347
10.55462
10.56548
10.5766
10.58785
10.59909
10.60995
10.62116
10.63236
10.6434
10.65457
10.66562
10.67661
10.68779
10.69888
10.70994
10.72119
10.73254
10.74327
10.75449
10.76556
10.77654
10.78784
10.79877
10.80985
10.82111
10.83221
10.8433
10.85448
10.86548
10.87654
10.88779
10.89874
10.90989
10.92103
10.93207
10.94308
10.9544
10.9654
10.97664
10.98792
10.99893
11.00988
11.02106
11.03199
11.04331
11.05426
11.0654
11.0764
11.08766
11.09875
11.10969
11.12096
11.13204
11.14305
11.15425
11.16539
11.17641
11.18768
11.19854
11.20969
11.22092
11.23188
11.24301
11.2541
11.26531
11.27629
11.28762
11.29872
11.30959
11.32083
11.33195
11.34299
11.35419
11.36523
11.37626
11.3874
11.39862
11.40966
11.42072
11.4319
11.44285
11.45408
11.46506
11.47642
11.48744
11.49853
11.5095
11.52072
11.53171
11.54283
11.55412
11.56503
11.57611
11.58728
11.59849
11.60962
11.62061
11.63178
11.643
11.65419
11.66505
11.67624
11.6873
11.6983
11.70944
11.72052
11.7317
11.74269
11.75404
11.76519
11.77598
11.78728
11.79827
11.80934
11.82062
11.83162
11.84271
11.85389
11.86491
11.87617
11.88731
11.89817
11.90942
11.92048
11.93154
11.94284
11.95371
11.96492
11.97597
11.98708
11.9983
12.0093
12.02037
12.03148
12.04263
12.05375
12.06491
12.07589
12.08725
12.09827
12.1092
12.12039
12.13148
12.14267
12.15382
12.16482
12.17585
12.18699
12.19806
12.20921
12.22022
12.23134
12.24264
12.25368
12.26472
12.27579
12.28698
12.29807
12.3092
12.32023
12.33154
12.34242
12.35353
12.36486
12.37575
12.38696
12.39806
12.40924
12.42017
12.43136
12.44256
12.45363
12.46464
12.47578
12.48701
12.49855
12.50901
12.52029
12.53132
12.54248
12.55352
12.56462
12.5756
12.58682
12.59815
12.60898
12.62016
12.63119
12.64233
12.65353
12.66463
12.67576
12.68677
12.69796
12.70898
12.72027
12.7311
12.74235
12.75352
12.76451
12.77556
12.78686
12.79772
12.80888
12.81996
12.83107
12.84215
12.85343
12.86444
12.87564
12.8866
12.89781
12.90894
12.91998
12.93129
12.94211
12.95346
12.96459
12.97549
12.98658
12.99771
13.00887
13.02008
13.0313
13.04208
13.05326
13.06432
13.07537
13.08658
13.09773
13.10872
13.11993
13.13097
13.14212
13.15314
13.16431
13.17532
13.18652
13.19755
13.20878
13.21996
13.23104
13.24196
13.25316
13.26425
13.27533
13.28661
13.29759
13.30868
13.31988
13.331
13.34209
13.35296
13.36423
13.37538
13.38654
13.39744
13.40863
13.41968
13.43077
13.44221
13.453
13.46409
13.47522
13.48647
13.49759
13.50862
13.51969
13.53139
13.54181
13.55294
13.56398
13.57525
13.58627
13.59742
13.60849
13.61962
13.63065
13.64179
13.653
13.66407
13.67515
13.68639
13.69769
13.70858
13.71966
13.73063
13.74181
13.75281
13.76404
13.77505
13.78618
13.79757
13.80848
13.81953
13.83068
13.84163
13.85276
13.86386
13.87496
13.88616
13.89729
13.90834
13.91945
13.93062
13.94168
13.95274
13.96404
13.97524
13.98616
13.99762
14.00835
14.01951
14.03047
14.04168
14.05287
14.06382
14.07497
14.08624
14.0973
14.10822
14.11942
14.13037
14.14164
14.15278
14.16381
14.17485
14.18602
14.19705
14.20838
14.21942
14.23039
14.24154
14.25268
14.26379
14.27493
14.28592
14.29704
14.3081
14.31926
14.33029
14.34151
14.35266
14.36364
14.37474
14.38587
14.39706
14.40811
14.4192
14.43037
14.44143
14.45257
14.46353
14.47488
14.48579
14.49696
14.50828
14.51916
14.53032
14.54132
14.55255
14.56402
14.57467
14.58592
14.59692
14.60813
14.61909
14.63035
14.64134
14.65256
14.66357
14.67458
14.68567
14.69689
14.70846
14.71909
14.7302
14.74148
14.75236
14.76371
14.77456
14.78566
14.79679
14.8079
14.81901
14.83018
14.84124
14.85233
14.86369
14.87462
14.88582
14.89678
14.90778
14.91906
14.93003
14.94115
14.95222
14.96344
14.97443
14.98557
14.99663
15.00779
15.01891
15.02995
15.04113
15.05226
15.06328
15.07439
15.08585
15.09663
15.10779
15.11883
15.13012
15.14111
15.15219
15.16348
15.17429
15.18549
15.19654
15.20782
15.21883
15.22988
15.2411
15.25215
15.26358
15.27435
15.28546
15.2965
15.3078
15.31889
15.32979
15.34103
15.3521
15.36319
15.37432
15.38534
15.39662
15.40772
15.41882
15.42994
15.44092
15.45199
15.46312
15.47416
15.48553
15.49641
15.5077
15.51872
15.52975
15.54083
15.552
15.56304
15.57411
15.58525
15.59644
15.60748
15.61868
15.62982
15.64089
15.65195
15.66293
15.67429
15.68517
15.69631
15.70761
15.71859
15.72994
15.74082
15.75191
15.763
15.77433
15.78536
15.79667
15.80734
15.81859
15.82967
15.84073
15.85184
15.86287
15.87413
15.88515
15.89622
15.90733
15.91842
15.92961
15.94066
15.95169
15.96282
15.97392
15.98513
15.99609
16.00729
16.01839
16.02955
16.04059
16.05171
16.06275
16.07393
16.08521
16.09634
16.1073
16.1184
16.1294
16.14063
16.15171
16.16284
16.174
16.18499
16.19609
16.20715
16.21828
16.22933
16.24054
16.25166
16.26279
16.27387
16.28493
16.29612
16.30721
16.31825
16.32932
16.34042
16.35156
16.3632
16.37395
16.38481
16.39602
16.40714
16.41822
16.42924
16.44053
16.45159
16.46264
16.47374
16.48477
16.49587
16.50698
16.5182
16.5292
16.54043
16.55148
16.56254
16.57452
16.58496
16.59581
16.60703
16.61809
16.62929
16.64035
16.65143
16.66258
16.6738
16.68467
16.6958
16.707
16.71811
16.72908
16.74029
16.75169
16.76257
16.77362
16.78467
16.79582
16.80692
16.818
16.82909
16.84024
16.85131
16.86241
16.87354
16.88464
16.89572
16.9069
16.91798
16.92905
16.94013
16.95123
16.96267
16.97338
16.98458
16.99564
17.00678
17.01789
17.02893
17.04009
17.05143
17.06238
17.07353
17.08448
17.09561
17.10675
17.11805
17.12901
17.14016
17.15156
17.1625
17.17341
17.18443
17.19553
17.20675
17.21778
17.22899
17.24014
17.25105
17.2623
17.2733
17.28443
17.29577
17.3072
17.31791
17.32884
17.33989
17.35106
17.36244
17.37334
17.38443
17.39548
17.40692
17.41767
17.42891
17.52865
17.54002
17.5512
17.56209
17.57322
17.5842
17.59536
17.60647
17.61753
17.62875
17.63984
17.65112
17.66209
17.67327
17.68424
17.6954
17.70643
17.71758
17.72866
17.73979
17.75085
17.76202
17.7733
17.78427
17.79599
17.80649
17.81754
17.82863
17.83968
17.85089
17.86192
17.87309
17.88412
17.89519
17.90636
17.91742
17.92851
17.93965
17.95075
17.96183
17.97294
17.98411
17.9952
18.00635
18.01744
18.02851
18.03976
18.05073
18.06175
18.07289
18.08397
18.09505
18.10636
18.11734
18.1284
18.13957
18.15073
18.16183
18.17289
18.18395
18.19506
18.20663
18.21737
18.22834
18.23948
18.25064
18.26175
18.27277
18.28396
18.29504
18.30625
18.31736
18.32833
18.33943
18.35053
18.36166
18.37282
18.38404
18.39491
18.40612
18.41724
18.42824
18.43941
18.45056
18.46156
18.47279
18.48388
18.49493
18.50604
18.51713
18.52819
18.5395
18.55048
18.56156
18.5728
18.58382
18.59487
18.60604
18.61705
18.62825
18.63927
18.65044
18.66143
18.6726
18.68377
18.69481
18.70609
18.71701
18.72818
18.7394
18.75038
18.7615
18.77251
18.7839
18.79514
18.80598
18.81713
18.82817
18.83928
18.85036
18.86142
18.87267
18.88361
18.8947
18.90591
18.9171
18.92815
18.9396
18.95029
18.96138
18.97248
18.98388
18.99465
19.00579
19.0169
19.02794
19.03906
19.05021
19.06131
19.07241
19.08346
19.09466
19.10573
19.11679
19.12792
19.13923
19.15022
19.16125
19.17241
19.18344
19.19456
19.2058
19.21684
19.22782
19.23898
19.25025
19.26166
19.27242
19.28356
19.29451
19.30573
19.31683
19.32815
19.33902
19.35002
19.36123
19.37229
19.38339
19.39444
19.40565
19.41678
19.42785
19.43888
19.44999
19.46141
19.47219
19.4833
19.49441
19.50553
19.51668
19.52776
19.53886
19.54996
19.56117
19.57222
19.5833
19.59436
19.60551
19.61662
19.62771
19.63894
19.64992
19.66099
19.67209
19.68324
19.69429
19.70553
19.71673
19.72763
19.7389
19.74988
19.76093
19.77258
19.78316
19.79524
19.80545
19.8166
19.82764
19.83873
19.84984
19.86096
19.8722
19.88314
19.89419
19.90535
19.91643
19.92752
19.93866
19.9498
19.96086
19.97205
19.98313
19.99414
20.00536
20.0165
20.02767
20.03874
20.04979
20.06087
20.07199
20.08314
20.09418
20.10529
20.11638
20.12748
20.13858
20.1497
20.16115
20.17186
20.18317
20.1941
20.20527
20.2165
20.22742
20.2386
20.24977
20.26081
20.27185
20.28299
20.29396
20.30505
20.31628
20.3273
20.33862
20.34966
20.36075
20.3718
20.38289
20.39394
20.40509
20.41623
20.42732
20.43839
20.44958
20.46061
20.47163
20.48285
20.49409
20.5051
20.51617
20.52728
20.53841
20.54949
20.56054
20.57186
20.583
20.59389
20.60497
20.61611
20.62716
20.63831
20.64948
20.66046
20.67172
20.68281
20.69379
20.70507
20.71605
20.72718
20.73818
20.74933
20.76042
20.77164
20.78269
20.79379
20.80534
20.81598
20.82721
20.83824
20.84933
20.8604
20.87148
20.88271
20.89368
20.90482
20.91597
20.92711
20.93821
20.94938
20.96052
20.97141
20.9827
20.99365
21.00491
21.01588
21.02698
21.0381
21.04926
21.0603
21.07153
21.08248
21.09361
21.10472
21.11603
21.12702
21.13807
21.14922
21.16024
21.1715
21.18245
21.19355
21.20477
21.21588
21.22691
21.23808
21.24909
21.26029
21.27148
21.28245
21.29363
21.30467
21.31617
21.327
21.33813
21.34906
21.36013
21.37126
21.38235
21.39351
21.40458
21.41616
21.4269
21.43792
21.44909
21.46024
21.47148
21.48236
21.4934
21.50458
21.51629
21.52671
21.53797
21.54908
21.56006
21.57118
21.58242
21.5934
21.60457
21.6158
21.62676
21.63783
21.64905
21.65999
21.67121
21.68221
21.69332
21.70452
21.71569
21.72667
21.73791
21.74893
21.76
21.77106
21.78244
21.79334
21.80433
21.81553
21.82669
21.8378
21.84897
21.86035
21.87111
21.88264
21.89335
21.90434
21.91548
21.92673
21.93779
21.94876
21.96037
21.97094
21.98207
21.99317
22.00434
22.01546
22.02661
22.03774
22.04876
22.05983
22.07093
22.08204
22.09312
22.10421
22.11547
22.12647
22.13756
22.14889
22.15972
22.171
22.18191
22.19304
22.20431
22.21544
22.2265
22.23749
22.24864
22.25972
22.27092
22.28196
22.29303
22.30416
22.3154
22.32644
22.33749
22.34873
22.35986
22.37104
22.38195
22.39295
22.40415
22.41528
22.42645
22.43744
22.44858
22.45963
22.47078
22.64854
22.65954
22.67078
22.68207
22.69321
22.70399
22.71522
22.72627
22.7374
22.74854
22.75948
22.77059
22.78167
22.79296
22.80394
22.81531
22.82624
22.83719
22.84825
22.85939
22.87052
22.88192
22.89278
22.90393
22.91499
22.92607
22.9373
22.94835
22.95942
22.97045
22.98175
22.99266
23.00372
23.0149
23.02605
23.03732
23.04827
23.05931
23.07055
23.08175
23.09266
23.10381
23.11492
23.12594
23.13725
23.14822
23.15924
23.1704
23.18144
23.19257
23.20381
23.21498
23.22593
23.23725
23.24822
23.25918
23.27048
23.28144
23.29277
23.30369
23.31488
23.32597
23.33705
23.34817
23.3591
23.3703
23.38135
23.3928
23.40357
23.41487
23.42594
23.4369
23.44809
23.45941
23.47023
23.48133
23.49239
23.50358
23.51483
23.52578
23.53698
23.54798
23.5591
23.57022
23.58148
23.59262
23.60365
23.61462
23.62595
23.63709
23.64799
23.65904
23.67013
23.68137
23.69235
23.70348
23.71461
23.72565
23.7369
23.74803
23.75908
23.77001
23.7812
23.79234
23.80338
23.81453
23.82557
23.8368
23.8478
23.85902
23.87012
23.8811
23.89227
23.90355
23.91455
23.92557
23.93675
23.94773
23.95883
23.96995
23.98124
23.99227
24.00327
24.01444
24.02554
24.03666
24.04769
24.05877
24.07017
24.08116
24.09229
24.10322
24.11458
24.12547
24.13655
24.14777
24.15875
24.17036
24.18092
24.19229
24.20318
24.21462
24.22558
24.23667
24.24781
24.25871
24.26987
24.28116
24.29205
24.30317
24.31442
24.32538
24.33648
24.34759
24.3587
24.36975
24.38104
24.39197
24.40313
24.41431
24.42534
24.43645
24.44748
24.45866
24.46969
24.48081
24.49203
24.50316
24.51408
24.52524
24.53648
24.54754
24.55867
24.56977
24.58082
24.59188
24.60316
24.61426
24.62526
24.6364
24.64745
24.65872
24.66971
24.68066
24.69189
24.703
24.71408
24.72563
24.73644
24.74735
24.75869
24.7696
24.78098
24.7918
24.80286
24.81407
24.82543
24.8365
24.84738
24.85857
24.86954
24.88061
24.89177
24.9029
24.9145
24.92545
24.93617
24.94742
24.95837
24.96963
24.98067
24.99171
25.00289
25.01398
25.02526
25.03612
25.04719
25.05826
25.06945
25.08059
25.09178
25.10286
25.11384
25.12505
25.13603
25.14725
25.15849
25.16935
25.18055
25.19157
25.20278
25.21391
25.22505
25.23606
25.24726
25.25831
25.26936
25.28046
25.29162
25.30266
25.31386
25.32486
25.33593
25.34715
25.35818
25.36929
25.3804
25.39163
25.40268
25.41369
25.42524
25.4361
25.44705
25.45811
25.46929
25.48032
25.49148
25.50253
25.51371
25.52477
25.53611
25.54721
25.55806
25.56915
25.58032
25.59148
25.60257
25.6136
25.62492
25.63585
25.64706
25.65806
25.66921
25.68014
25.69146
25.70251
25.71365
25.72481
25.73575
25.7468
25.75822
25.76945
25.78026
25.7913
25.80246
25.81355
25.82466
25.8357
25.84678
25.85802
25.86908
25.88005
25.89126
25.90237
25.91348
25.92465
25.93602
25.94683
25.95789
25.96943
25.98012
25.99133
26.00226
26.01332
26.02449
26.03583
26.04683
26.05787
26.06903
26.08004
26.09136
26.10226
26.11333
26.12478
26.13557
26.14669
26.15795
26.16895
26.17995
26.19112
26.20226
26.21346
26.22441
26.23564
26.24675
26.25819
26.26895
26.27995
26.29119
26.30209
26.31335
26.3243
26.33562
26.34652
26.35765
26.36881
26.37986
26.39114
26.40244
26.41321
26.42443
26.43554
26.44697
26.45764
26.4687
26.48051
26.49102
26.50212
26.51321
26.52451
26.53535
26.5464
26.55775
26.56883
26.57995
26.59099
26.60198
26.61304
26.62421
26.63559
26.64647
26.65753
26.66868
26.67966
26.6908
26.70195
26.71316
26.7243
26.73538
26.74631
26.75756
26.76855
26.77967
26.79088
26.80206
26.81319
26.82411
26.83528
26.84633
26.85765
26.86883
26.87985
26.8907
26.90194
26.91304
26.92405
26.93531
26.94644
26.95782
26.9686
26.97963
26.99075
27.00177
27.01289
27.02407
27.03514
27.04635
27.05742
27.06853
27.0795
27.09067
27.10189
27.11282
27.12395
27.13548
27.14655
27.15727
27.16842
27.17953
27.1906
27.20176
27.21279
27.22396
27.23499
27.24607
27.2573
27.26834
27.2796
27.2905
27.30176
27.3128
27.32391
27.33505
27.34612
27.35715
27.36839
27.37942
27.39045
27.40158
27.41267
27.42384
27.43494
27.44599
27.45724
27.46825
27.4793
27.49061
27.50156
27.51279
27.52368
27.53516
27.5459
27.55705
27.56824
27.57927
27.5904
27.60163
27.61252
27.62371
27.63483
27.64598
27.65695
27.66809
27.67921
27.69048
27.70142
27.71246
27.72362
27.73473
27.74609
27.75704
27.76826
27.77913
27.79028
27.80144
27.81255
27.82363
27.83492
27.84578
27.85693
27.86811
27.87911
27.89027
27.90137
27.91244
27.92375
27.93475
27.94573
27.95693
27.96802
27.97938
27.99029
28.00138
28.01239
28.02353
28.03474
28.04571
28.05681
28.06799
28.079
28.09018
28.10132
28.11238
28.12344
28.13501
28.1457
28.15677
28.16796
28.17897
28.19006
28.20121
28.21223
28.22346
28.23475
28.24569
28.25693
28.2679
28.27891
28.29013
28.30132
28.31225
28.32343
28.33499
28.34554
28.35666
28.3678
28.37887
28.38992
28.40108
28.41213
28.4234
28.43443
28.44551
28.45664
28.46779
28.47888
28.48994
28.50113
28.51214
28.52322
28.53456
28.64542
28.65656
28.66763
28.6787
28.68988
28.70109
28.71226
28.72326
28.7343
28.74535
28.75651
28.76755
28.77869
28.78976
28.80086
28.81207
28.82314
28.83442
28.84532
28.85639
28.86753
28.87864
28.88992
28.90082
28.91196
28.92305
28.93423
28.94542
28.95634
28.96749
28.97861
28.98982
29.00096
29.01193
29.02303
29.03424
29.04536
29.05628
29.06765
29.07851
29.08963
29.10093
29.11178
29.12292
29.1341
29.14548
29.15629
29.16755
29.17851
29.18957
29.20082
29.21171
29.22288
29.23403
29.24505
29.25631
29.26736
29.27845
29.28955
29.3006
29.31172
29.32285
29.33421
29.34503
29.35621
29.36755
29.37843
29.38946
29.40062
29.41174
29.4228
29.43401
29.44507
29.45619
29.46723
29.47832
29.48952
29.50054
29.51172
29.52283
29.53401
29.54501
29.55612
29.56734
29.57828
29.58946
29.60095
29.61155
29.62268
29.63393
29.64491
29.6561
29.66737
29.6782
29.68932
29.70063
29.71157
29.72265
29.73384
29.74485
29.75606
29.76718
29.77816
29.78958
29.80038
29.81149
29.82275
29.83377
29.84481
29.85587
29.8671
29.87809
29.88921
29.90059
29.91145
29.92272
29.93371
29.94476
29.95584
29.967
29.97815
29.9892
30.00023
30.01146
30.02257
30.03383
30.04473
30.05581
30.06708
30.07802
30.08913
30.10035
30.11129
30.12249
30.13372
30.14467
30.15578
30.16689
30.17804
30.18909
30.20026
30.21131
30.22247
30.23352
30.24461
30.2557
30.26681
30.27788
30.28931
30.30033
30.31123
30.32243
30.33361
30.34459
30.35566
30.36682
30.37796
30.38899
30.40012
30.41137
30.42245
30.43354
30.44461
30.45569
30.46676
30.47791
30.48904
30.50001
30.5112
30.52244
30.53351
30.54454
30.55566
30.56681
30.57776
30.58891
30.60002
30.61105
30.62228
30.6333
30.6444
30.65548
30.66662
30.67768
30.68905
30.70004
30.7111
30.72245
30.73339
30.74442
30.75572
30.76676
30.77761
30.78883
30.79991
30.81103
30.82204
30.83326
30.84445
30.85536
30.86657
30.87761
30.88877
30.9
30.91098
30.9222
30.93309
30.94429
30.95541
30.96652
30.97765
30.98873
30.99986
31.01087
31.0221
31.0335
31.04425
31.05542
31.06651
31.07749
31.0887
31.09983
31.11085
31.12206
31.13305
31.14418
31.15552
31.16652
31.17747
31.18856
31.19989
31.21077
31.22207
31.23302
31.24415
31.25529
31.26637
31.27738
31.28854
31.29982
31.31149
31.32199
31.33301
31.34402
31.35519
31.36648
31.37748
31.38854
31.39967
31.4107
31.42187
31.43297
31.44406
31.4551
31.46619
31.47732
31.48849
31.49951
31.5107
31.52176
31.533
31.54402
31.55508
31.56627
31.57721
31.58845
31.5997
31.61056
31.62197
31.63292
31.6439
31.65501
31.66626
31.67716
31.68844
31.6995
31.71051
31.72166
31.7328
31.74384
31.75503
31.7662
31.7772
31.78847
31.79935
31.81056
31.82163
31.83284
31.84391
31.85502
31.86612
31.8771
31.88839
31.89936
31.91043
31.92158
31.93277
31.94378
31.95498
31.96606
31.97708
31.9883
31.99936
32.01039
32.02161
32.03271
32.04408
32.05523
32.06596
32.07704
32.08824
32.0993
32.11035
32.12149
32.13249
32.14365
32.15495
32.16582
32.17692
32.18808
32.19923
32.21034
32.22139
32.23255
32.2436
32.25474
32.26583
32.27692
32.2885
32.29924
32.31034
32.32164
32.33252
32.34368
32.35472
32.36586
32.37685
32.38814
32.39908
32.41018
32.42135
32.43237
32.4437
32.45466
32.46596
32.47686
32.48801
32.49906
32.51019
32.5213
32.53248
32.54382
32.55455
32.56588
32.57675
32.58797
32.59902
32.61007
32.62151
32.63264
32.6434
32.6547
32.66567
32.67675
32.68782
32.69903
32.71009
32.72123
32.73227
32.74336
32.75455
32.76566
32.77676
32.78782
32.79898
32.81012
32.8213
32.83219
32.84329
32.8546
32.86562
32.8766
32.8878
32.89896
32.90992
32.92107
32.9324
32.94328
32.95436
32.96563
32.97663
32.98777
32.99886
33.00992
33.021
33.03218
33.04329
33.0544
33.06546
33.07663
33.0878
33.09887
33.10979
33.12104
33.13217
33.14333
33.15438
33.16549
33.17648
33.18765
33.19883
33.20979
33.22097
33.23223
33.24323
33.25423
33.26532
33.27646
33.28764
33.29873
33.30968
33.32081
33.33209
33.343
33.35436
33.36535
33.37639
33.38757
33.39876
33.40968
33.42083
33.43206
33.44304
33.45429
33.46523
33.47633
33.4875
33.49863
33.50976
33.52073
33.5321
33.54292
33.55426
33.56536
33.57626
33.58745
33.59857
33.60962
33.62072
33.63184
33.64295
33.6542
33.66518
33.67617
33.68745
33.69843
33.70966
33.72065
33.73214
33.74283
33.75398
33.76516
33.77612
33.78738
33.79844
33.80951
33.82072
33.83179
33.84282
33.8541
33.86514
33.87621
33.88741
33.89854
33.90944
33.92063
33.93174
33.94293
33.95393
33.96507
33.97608
33.98729
33.99828
34.00938
34.02084
34.03166
34.04271
34.05397
34.06499
34.07602
34.08718
34.09834
34.10943
34.12051
34.13163
34.14267
34.15384
34.16492
34.17643
34.18718
34.19824
34.20935
34.2205
34.23149
34.24264
34.25387
34.26492
34.27603
34.28707
34.29819
34.30927
34.32054
34.3316
34.34256
34.35364
34.36477
34.37598
34.38699
34.39813
34.40921
34.42037
34.43137
34.4426
34.45376
34.46479
34.47584
34.48719
34.49815
34.50922
34.52033
34.53142
34.54248
34.55374
34.5647
34.57579
34.58695
34.59812
34.60906
34.62018
34.6313
34.64257
34.65358
34.66467
34.67599
34.68692
34.69815
34.70912
34.72017
34.73148
34.74246
34.75354
34.76472
34.77569
34.78699
34.79825
34.80901
34.82012
34.83127
34.8423
34.85358
34.86457
34.87583
34.88699
34.89782
34.90898
34.92014
34.93115
34.94231
34.95372
34.96464
34.97559
34.98684
34.99787
35.00892
35.02003
35.0312
35.04219
35.05341
35.06455
35.07553
35.0868
35.09776
35.10893
35.12036
35.13153
35.14225
35.15332
35.16437
35.17542
35.18658
35.19776
35.20895
35.22017
35.23108
35.24213
35.25341
35.26443
35.27566
35.28671
35.2977
35.30882
35.31994
35.33103
35.34208
35.35329
35.36442
35.37548
35.38653
35.39766
35.40871
35.41999
35.43116
35.44204
35.45343
35.46434
35.47534
35.48744
35.49761
35.50863
35.5199
35.53091
35.54212
35.55337
35.56416
35.5754
35.58652
35.5976
35.60859
35.61967
35.63092
35.64198
35.65314
35.66415
35.67527
35.6865
35.69745
35.70856
35.71988
35.73083
35.74195
35.75303
35.7643
35.77518
35.78651
35.79745
35.80853
35.81968
35.83072
35.84189
35.85312
35.86414
35.87524
35.88627
35.89741
35.90847
35.91958
35.93097
35.94183
35.95296
35.96408
35.97522
35.98616
35.99732
36.00845
36.01973
36.03061
36.04196
36.0529
36.06393
36.07505
36.08629
36.09739
36.10845
36.11954
36.13062
36.1418
36.15285
36.16399
36.17506
36.18612
36.1974
36.20844
36.21952
36.2305
36.24161
36.25289
36.26387
36.27529
36.28608
36.29717
36.3083
36.31955
36.33046
36.34172
36.35296
36.36409
36.37489
36.38601
36.39755
36.40827
36.41934
36.43035
36.44151
36.45303
36.46381
36.47488
36.48589
36.49703
36.50835
36.51946
36.53045
36.54161
36.55277
36.56381
36.57477
36.58599
36.59698
36.60835
36.61929
36.63029
36.64168
36.65266
36.6638
36.6747
36.68592
36.69695
36.70808
36.71933
36.73033
36.74152
36.75262
36.76362
36.77463
36.78575
36.79692
36.80803
36.81931
36.83033
36.8414
36.85255
36.86361
36.87469
36.88582
36.8968
36.90797
36.91918
36.93019
36.94126
36.95238
36.96349
36.97478
36.98583
36.99675
37.00796
37.0191
37.03019
37.04122
37.05249
37.06342
37.07455
37.08583
37.09676
37.10796
37.119
37.13013
37.14141
37.15229
37.1636
37.17475
37.18567
37.19674
37.20786
37.21894
37.22995
37.24114
37.25233
37.26357
37.27452
37.28572
37.29665
37.30774
37.31892
37.33017
37.34103
37.3522
37.36341
37.37443
37.38558
37.39658
37.40775
37.41885
37.43009
37.4411
37.45216
37.46336
37.47438
37.48567
37.49654
37.50766
37.51894
37.5301
37.54093
37.55224
37.56318
37.57429
37.58554
37.59655
37.60765
37.61877
37.62974
37.64099
37.65213
37.66314
37.6743
37.68556
37.69653
37.70761
37.7187
37.72984
37.74096
37.75214
37.76311
37.77421
37.78531
37.79652
37.80762
37.81861
37.82965
37.84086
37.85246
37.86315
37.87419
37.88533
37.8964
37.90775
37.91856
37.92962
37.94078
37.95197
37.96304
37.97409
37.98525
37.99628
38.00739
38.01855
38.02969
38.04084
38.05187
38.06301
38.07412
38.08518
38.09631
38.10756
38.11849
38.12974
38.14077
38.15194
38.16303
38.17405
38.1854
38.19632
38.20731
38.21861
38.22961
38.24075
38.25185
38.26299
38.27395
38.28516
38.2962
38.30733
38.31879
38.32946
38.34069
38.35188
38.36284
38.37418
38.38497
38.39605
38.40723
38.41862
38.42953
38.44065
38.45161
38.46272
38.47389
38.48506
38.49607
38.50723
38.51836
38.52952
38.54044
38.55159
38.56282
38.57384
38.58496
38.59639
38.60716
38.61825
38.6293
38.64046
38.65166
38.6626
38.67386
38.68495
38.69601
38.70719
38.71823
38.72932
38.74038
38.75166
38.76276
38.77372
38.7849
38.79617
38.80712
38.81826
38.82924
38.84085
38.85143
38.86249
38.87362
38.88486
38.89614
38.9072
38.91824
38.92945
38.94038
38.9515
38.96243
38.97374
38.98467
38.99583
39.0069
39.01807
39.0292
39.0405
39.05141
39.06248
39.07376
39.08474
39.09573
39.10685
39.11805
39.12907
39.1403
39.15147
39.16239
39.17357
39.1847
39.19577
39.20697
39.21822
39.22897
39.24035
39.25143
39.26247
39.27348
39.2846
39.29568
39.30691
39.31796
39.32898
39.34019
39.35129
39.36235
39.37339
39.38465
39.39589
39.40672
39.41798
39.42896
39.44023
39.45117
39.46234
39.4734
39.48445
39.49549
39.50669
39.51816
39.5292
39.54022
39.55118
39.56221
39.57346
39.58445
39.59543
39.60685
39.6178
39.62886
39.63993
39.65114
39.66215
39.6734
39.68434
39.6955
39.70674
39.71777
39.72886
39.73989
39.75113
39.76214
39.77329
39.78434
39.7961
39.80687
39.81777
39.82867
39.83993
39.85109
39.86209
39.87317
39.8844
39.89532
39.90653
39.91751
39.92877
39.93982
39.95088
39.96229
39.97315
39.98437
39.99526
40.0064
40.01794
40.02861
40.03975
40.05089
40.06246
40.07314
40.08432
40.09519
40.10635
40.1176
40.12856
40.13978
40.15095
40.16223
40.17303
40.1841
40.19522
40.20642
40.21748
40.22865
40.2398
40.25078
40.26221
40.27316
40.28413
40.2951
40.30628
40.31737
40.32846
40.33969
40.35072
40.36194
40.37301
40.38406
40.39516
40.40615
40.41734
40.42841
40.43952
40.45072
40.46227
40.47291
40.48396
40.49498
40.5061
40.51727
40.52838
40.53947
40.55069
40.56171
40.57288
40.58405
40.59503
40.60611
40.6173
40.62831
40.63943
40.65074
40.66165
40.67287
40.68394
40.69496
40.70613
40.71729
40.7283
40.73934
40.75087
40.76161
40.77271
40.78393
40.79523
40.80614
40.81723
40.82822
40.83937
40.85054
40.86163
40.87272
40.88394
40.89537
40.90593
40.91727
40.92821
40.93933
40.95049
40.96242
40.97265
40.98375
40.99473
41.00595
41.01723
41.02814
41.03922
41.05035
41.06142
41.07284
41.08383
41.0947
41.10602
41.11722
41.12809
41.13924
41.15026
41.16138
41.17274
41.18364
41.19473
41.20576
41.21695
41.22806
41.23952
41.25028
41.26146
41.27266
41.28376
41.29464
41.30589
41.31689
41.32806
41.33905
41.35035
41.36141
41.37254
41.38365
41.3946
41.4057
41.41694
41.4284
41.43911
41.45013
41.46138
41.47234
41.48359
41.49458
41.50566
41.51694
41.52792
41.53897
41.55022
41.56122
41.57238
41.58358
41.59444
41.60564
41.61674
41.62778
41.63905
41.65017
41.66108
41.67242
41.68346
41.69447
41.70559
41.71672
41.72782
41.73896
41.75013
41.76111
41.77224
41.7834
41.79453
41.80573
41.81676
41.82775
41.83883
41.84992
41.86096
41.87227
41.88321
41.89436
41.90541
41.91686
41.92764
41.93875
41.95028
41.96103
41.97224
41.9835
41.99435
42.00539
42.01674
42.02765
42.03875
42.04997
42.06094
42.07213
42.08327
42.0942
42.10561
42.11652
42.12762
42.13889
42.14978
42.16088
42.17202
42.18308
42.19426
42.20545
42.21655
42.22755
42.23859
42.24987
42.26143
42.27208
42.2831
42.29432
42.30549
42.31645
42.32751
42.33872
42.34974
42.36076
42.37194
42.38316
42.39424
42.4052
42.41654
42.42749
42.43851
42.44962
42.46074
42.47205
42.48294
42.49428
42.50532
42.51645
42.52742
42.5386
42.54967
42.56077
42.57198
42.58298
42.59398
42.60512
42.61628
42.62731
42.63848
42.6497
42.66064
42.67183
42.68293
42.69395
42.7051
42.7163
42.72731
42.73845
42.74963
42.76058
42.77203
42.78304
42.79391
42.80509
42.81622
42.82724
42.8383
42.84941
42.86055
42.8716
42.88283
42.8939
42.90505
42.91628
42.92715
42.93833
42.94944
42.9605
42.97168
42.98287
42.99385
43.00495
43.01611
43.0271
43.03854
43.04937
43.0604
43.07159
43.08275
43.09382
43.10501
43.11613
43.12711
43.13818
43.14944
43.16041
43.17155
43.18261
43.19381
43.20494
43.21598
43.22707
43.23817
43.24928
43.26032
43.27157
43.28266
43.29378
43.30489
43.31589
43.32697
43.33831
43.34945
43.36044
43.3717
43.38259
43.39367
43.40475
43.41589
43.42694
43.43821
43.44923
43.46037
43.47161
43.48253
43.49357
43.50481
43.51571
43.52697
43.53801
43.54931
43.5602
43.5715
43.58246
43.59348
43.60466
43.61573
43.62681
43.63814
43.64913
43.66026
43.67156
43.68238
43.69349
43.7047
43.71569
43.72679
43.7379
43.74917
43.76006
43.77158
43.78234
43.7935
43.80447
43.8158
43.82673
43.83812
43.84895
43.86014
43.8713
43.88227
43.89335
43.90446
43.91561
43.92671
43.93787
43.94891
43.95997
43.97154
43.98238
43.99332
44.00443
44.0164
44.02666
44.03771
44.04878
44.05995
44.07124
44.08232
44.09327
44.1045
44.11552
44.12677
44.13771
44.14884
44.15988
44.17105
44.18217
44.19324
44.20443
44.21547
44.22655
44.23775
44.24883
44.26026
44.27131
44.28221
44.29317
44.30432
44.3154
44.3265
44.3384
44.34875
44.35994
44.37086
44.38206
44.39306
44.40421
44.41532
44.42642
44.43778
44.4488
44.45972
44.47089
44.48211
44.49306
44.50421
44.5155
44.52666
44.53758
44.54867
44.55968
44.57079
44.58192
44.5931
44.60435
44.61541
44.62634
44.63749
44.64854
44.65977
44.6708
44.68238
44.69299
44.70409
44.71521
44.72626
44.73737
44.74875
44.75964
44.77079
44.78194
44.79289
44.80418
44.81558
44.82632
44.83728
44.84849
44.85964
44.87073
44.88182
44.89284
44.90424
44.91516
44.92665
44.93745
44.94841
44.9595
44.97069
44.98172
44.99283
45.00393
45.01516
45.02617
45.03749
45.04842
45.0596
45.07053
45.082
45.09283
45.10393
45.11505
45.12607
45.13721
45.14859
45.15938
45.17067
45.18174
45.19271
45.20381
45.21508
45.22604
45.23712
45.24829
45.25936
45.27058
45.28171
45.29264
45.30397
45.31487
45.32608
45.3372
45.34828
45.35929
45.37049
45.38162
45.39269
45.40378
45.41489
45.42603
45.43719
45.44814
45.45933
45.47039
45.48161
45.49259
45.50366
45.51479
45.52606
45.53696
45.54815
45.55916
45.57037
45.58165
45.59259
45.60361
45.61477
45.62595
45.63693
45.64803
45.65932
45.67039
45.68145
45.69279
45.70374
45.71476
45.72589
45.73711
45.74815
45.75909
45.77032
45.78141
45.79243
45.80352
45.81469
45.82587
45.83693
45.84809
45.85907
45.87014
45.88134
45.89233
45.90344
45.9146
45.92573
45.93685
45.94788
45.959
45.97025
45.98129
45.99241
46.00373
46.01457
46.02574
46.03685
46.0479
46.05902
46.07009
46.0812
46.09227
46.10348
46.11455
46.12564
46.13691
46.14798
46.15909
46.17001
46.18113
46.19227
46.20336
46.21452
46.22549
46.23672
46.24781
46.2589
46.27007
46.28113
46.29216
46.30351
46.31441
46.32559
46.33659
46.34784
46.35889
46.37005
46.38111
46.39227
46.40321
46.41442
46.4254
46.43664
46.44775
46.45885
46.46988
46.48121
46.49207
46.50335
46.51422
46.52551
46.53657
46.54758
46.55876
46.57046
46.58093
46.59212
46.60311
46.61437
46.6253
46.63662
46.64767
46.65872
46.66982
46.68084
46.69209
46.70317
46.71425
46.72526
46.7365
46.7475
46.75858
46.76979
46.78084
46.79208
46.80305
46.81419
46.82521
46.83662
46.84746
46.85863
46.86996
46.88078
46.89187
46.90295
46.91415
46.92522
46.93643
46.94756
46.95846
46.9697
46.98074
46.99194
47.003
47.01414
47.0253
47.03621
47.04736
47.05878
47.06972
47.08111
47.0919
47.10304
47.11409
47.12521
47.13623
47.14735
47.15854
47.16954
47.18061
47.19185
47.20298
47.214
47.2253
47.23642
47.24734
47.25836
47.2695
47.28059
47.29176
47.30291
47.31404
47.32496
47.33627
47.34723
47.35834
47.36972
47.38068
47.39178
47.40281
47.41384
47.42495
47.43607
47.44711
47.45829
47.46941
47.48081
47.49172
47.50288
47.51378
47.52492
47.53602
47.54728
47.55832
47.56939
47.58053
47.59154
47.60258
47.61383
47.62484
47.63606
47.64706
47.65817
47.66939
47.68081
47.69159
47.70261
47.71393
47.72515
47.73593
47.74701
47.75814
47.7693
47.78036
47.79142
47.80249
47.8137
47.82479
47.83596
47.84709
47.85816
47.86912
47.88031
47.89147
47.90242
47.9136
47.92468
47.93581
47.94696
47.95812
47.96912
47.98046
47.99147
48.00247
48.01378
48.02468
48.03576
48.04682
48.05801
48.06918
48.08018
48.09126
48.1023
48.11354
48.12467
48.13573
48.14692
48.158
48.16917
48.18024
48.19121
48.20233
48.21341
48.22459
48.23569
48.24678
48.25797
48.26907
48.28019
48.29128
48.3023
48.3134
48.32465
48.33556
48.3467
48.35787
48.36905
48.38012
48.3913
48.40253
48.41334
48.42455
48.43571
48.44672
48.45775
48.46893
48.48006
48.49113
48.50219
48.51332
48.52448
48.53551
48.5468
48.55777
48.56894
48.57997
48.59122
48.60233
48.61319
48.62455
48.63559
48.64654
48.65766
48.66884
48.67986
48.69101
48.70216
48.71325
48.72444
48.73539
48.74667
48.75794
48.76896
48.77982
48.79115
48.80222
48.81312
48.82425
48.83562
48.84642
48.85763
48.86865
48.87984
48.89089
48.90206
48.91311
48.92423
48.93545
48.94646
48.95757
48.96874
48.97974
48.99092
49.002
49.01309
49.02428
49.03522
49.04639
49.05743
49.06871
49.07972
49.09103
49.10196
49.11297
49.12408
49.13522
49.14628
49.15739
49.1686
49.17961
49.19083
49.20179
49.21299
49.22403
49.23522
49.2462
49.25747
49.26852
49.27953
49.29081
49.30187
49.31302
49.32396
49.33502
49.34617
49.35734
49.3686
49.37957
49.39074
49.40176
49.41315
49.42413
49.43517
49.44616
49.45737
49.4684
49.47947
49.4907
49.50169
49.51274
49.52394
49.53502
49.54621
49.55719
49.56844
49.57947
49.59052
49.6017
49.61278
49.62379
49.63504
49.64608
49.6573
49.66828
49.67932
49.69067
49.70156
49.71263
49.72401
49.73494
49.74606
49.7571
49.7682
49.77935
49.79066
49.80155
49.8127
49.82416
49.83488
49.84602
49.85717
49.86834
49.87938
49.89042
49.90155
49.91296
49.92372
49.93476
49.94593
49.95709
49.96819
49.97925
49.9904
50.0015
50.01252
50.02371
50.03495
50.04581
50.05728
50.0684
50.07924
50.09033
50.10145
50.1125
50.12358
50.13471
50.14577
50.15691
50.16808
50.17922
50.19049
50.20151
50.21246
50.22371
50.23461
50.24585
50.2569
50.26807
50.27917
50.29034
50.30138
50.31243
50.32349
50.33458
50.34575
50.35695
50.3679
50.37912
50.39016
50.40118
50.41269
50.42385
50.43476
50.44583
50.45687
50.46795
50.47899
50.49008
50.5013
50.51231
50.52352
50.53449
50.5456
50.5568
50.56791
50.57902
50.5901
50.60112
50.61229
50.62341
50.63451
50.6456
50.65676
50.66779
50.67881
50.68994
50.70103
50.7122
50.72335
50.73446
50.74591
50.7566
50.7677
50.7788
50.79002
50.8011
50.81219
50.82325
50.83439
50.84546
50.85664
50.86772
50.8788
50.88993
50.90108
50.91221
50.92316
50.93424
50.94544
50.95668
50.96777
50.97875
50.98988
51.00093
51.01209
51.02317
51.03423
51.04546
51.05652
51.06772
51.07869
51.08995
51.10087
51.11199
51.12324
51.13419
51.14529
51.15655
51.1675
51.17859
51.18994
51.20088
51.21196
51.22307
51.23413
51.24544
51.25636
51.26752
51.27868
51.29004
51.30078
51.31214
51.32314
51.33407
51.34517
51.35637
51.36739
51.37846
51.39005
51.40076
51.41188
51.423
51.43443
51.44548
51.45638
51.46741
51.47848
51.48995
51.65614
51.66727
51.67834
51.68953
51.70062
51.71178
51.72288
51.73392
51.74522
51.75625
51.76725
51.77834
51.78946
51.80056
51.81162
51.82316
51.83392
51.84496
51.85606
51.86717
51.87827
51.8894
51.90057
51.91165
51.9227
51.9338
51.94492
51.95607
51.96729
51.97822
51.98937
52.00043
52.01162
52.02267
52.0337
52.04481
52.05611
52.06707
52.07822
52.08931
52.10053
52.1115
52.12257
52.13373
52.14487
52.15594
52.1671
52.17811
52.18941
52.20035
52.21149
52.22253
52.23365
52.2448
52.25606
52.26715
52.27806
52.2892
52.30036
52.31138
52.32249
52.33363
52.3447
52.35588
52.36701
52.37807
52.38914
52.40022
52.41132
52.42245
52.43357
52.44468
52.45578
52.467
52.47799
52.48912
52.50018
52.51133
52.52271
52.53363
52.54454
52.55582
52.56682
52.57789
52.58903
52.6002
52.61126
52.62245
52.63348
52.64456
52.65575
52.66682
52.67811
52.68906
52.70013
52.71118
52.72249
52.73346
52.74449
52.75566
52.76665
52.77773
52.78902
52.80009
52.81113
52.82243
52.8335
52.84445
52.85572
52.86671
52.87793
52.88948
52.90002
52.91114
52.92223
52.93329
52.94438
52.9556
52.96669
52.97772
52.98897
52.99996
53.01107
53.02229
53.03323
53.04431
53.05568
53.06661
53.07763
53.08895
53.09999
53.11124
53.12211
53.13322
53.14447
53.15548
53.16655
53.17761
53.18893
53.20004
53.21089
53.22222
53.23316
53.24427
53.25548
53.26649
53.27761
53.28884
53.30007
53.31101
53.32207
53.33312
53.34419
53.35536
53.3668
53.37751
53.38883
53.39978
53.4108
53.42196
53.43309
53.44414
53.45539
53.46637
53.4775
53.48901
53.49982
53.51082
53.52223
53.53307
53.54413
53.55529
53.5663
53.57746
53.58856
53.59969
53.61087
53.62212
53.63297
53.64412
53.6553
53.66633
53.67733
53.68864
53.69955
53.71068
53.88844
53.89946
53.91063
53.92185
53.93284
53.94386
53.95504
53.96627
53.97717
53.98843
53.99952
54.01059
54.02178
54.03273
54.04389
54.05502
54.0661
54.07742
54.08836
54.09949
54.1105
54.12162
54.13275
54.14377
54.15504
54.16614
54.17708
54.18834
54.19939
54.21042
54.22171
54.23273
54.24374
54.25489
54.26612
54.27708
54.28815
54.29934
54.31035
54.32154
54.33254
54.34368
54.35497
54.36606
54.37706
54.38837
54.39934
54.41035
54.42155
54.43275
54.44365
54.45496
54.46588
54.47696
54.48816
54.49954
54.5104
54.52141
54.53254
54.54364
54.55481
54.56594
54.57691
54.58801
54.59918
54.61027
54.6214
54.63248
54.64352
54.65476
54.66582
54.67681
54.68812
54.69915
54.71019
54.72128
54.73243
54.74355
54.75473
54.76617
54.77681
54.78795
54.79904
54.81014
54.82127
54.83267
54.84347
54.85474
54.86578
54.87682
54.88791
54.89909
54.91013
54.92139
54.93231
54.94347
54.95459
54.96575
54.97672
54.9879
54.99936
55.01014
55.02126
55.03232
55.04337
55.05446
55.06569
55.07667
55.08788
55.09907
55.11013
55.12116
55.13232
55.14334
55.15463
55.16563
55.17661
55.18792
55.19918
55.20999
55.22112
55.23239
55.24328
55.25447
55.26554
55.27654
55.28783
55.29903
55.30986
55.32124
55.33221
55.34319
55.35449
55.36556
55.3765
55.38775
55.39896
55.4099
55.4215
55.43243
55.44336
55.45427
55.46539
55.47655
55.4876
55.49876
55.50988
55.52097
55.53221
55.54317
55.55437
55.56542
55.57654
55.58752
55.59872
55.60973
55.621
55.63208
55.64308
55.65415
55.6654
55.67639
55.68761
55.69864
55.70971
55.7208
55.73194
55.74302
55.75413
55.76536
55.77633
55.78763
55.7985
55.8096
55.82092
55.83204
55.84296
55.85406
55.86535
55.87635
55.88737
55.89849
55.9096
55.92066
55.9318
55.94298
55.95399
55.96522
55.97629
55.98749
55.99839
56.00954
56.02064
56.03188
56.0428
56.054
56.06528
56.07621
56.08744
56.09845
56.10946
56.12056
56.13176
56.14288
56.15389
56.16501
56.17607
56.18732
56.19838
56.20941
56.22078
56.23182
56.24272
56.25397
56.26498
56.27603
56.2873
56.29832
56.30946
56.32076
56.33155
56.34307
56.3539
56.365
56.37603
56.38727
56.39831
56.40948
56.4205
56.43172
56.44264
56.45399
56.46508
56.47597
56.48711
56.49818
56.50934
56.52046
56.53164
56.54264
56.5539
56.56501
56.57602
56.58709
56.5982
56.60929
56.62054
56.63163
56.64267
56.65368
56.66474
56.67591
56.68724
56.69809
56.70919
56.72043
56.73162
56.74255
56.75362
56.76482
56.77596
56.78691
56.79838
56.80922
56.82038
56.83134
56.84245
56.85359
56.86467
56.87583
56.88694
56.89803
56.90916
56.92036
56.93147
56.94241
56.9535
56.96468
56.97573
56.98687
56.99794
57.00902
57.02036
57.03149
57.04243
57.05351
57.06466
57.0757
57.08693
57.09797
57.10898
57.12019
57.13141
57.1423
57.15341
57.16454
57.17562
57.18691
57.19797
57.20895
57.2201
57.23148
57.24244
57.25346
57.26455
57.27557
57.28672
57.29778
57.309
57.3201
57.33125
57.34256
57.35347
57.36445
57.37552
57.3867
57.39866
57.40884
57.41995
57.43098
57.4424
57.45338
57.4644
57.47553
57.48658
57.49784
57.50884
57.52007
57.53114
57.5421
57.5533
57.5644
57.57573
57.58672
57.59786
57.60872
57.62009
57.6311
57.64204
57.65329
57.66442
57.67536
57.68661
57.69759
57.70871
57.71978
57.73105
57.74203
57.75316
57.76425
57.77546
57.78649
57.79772
57.80875
57.81983
57.83166
57.84196
57.85313
57.86419
57.87527
57.88639
57.89758
57.90858
57.91982
57.93077
57.9421
57.95306
57.96425
57.97532
57.98633
57.99777
58.00861
58.01968
58.03092
58.04183
58.05302
58.06404
58.07525
58.0864
58.09747
58.10889
58.11967
58.13087
58.14188
58.15295
58.16409
58.1751
58.1863
58.19743
58.20843
58.21954
58.2307
58.24173
58.25295
58.26402
58.27521
58.28656
58.29738
58.30835
58.31953
58.3306
58.3417
58.35279
58.36399
58.37502
58.38628
58.39737
58.40834
58.41954
58.43063
58.44167
58.45285
58.46394
58.47494
58.48608
58.49729
58.50832
58.51944
58.5306
58.54165
58.5528
58.56388
58.57499
58.58625
58.59741
58.60832
58.61938
58.6306
58.64153
58.65264
58.66379
58.67484
58.68598
58.69718
58.70826
58.71956
58.73036
58.74159
58.75268
58.76391
58.77498
58.786
58.79713
58.80829
58.81924
58.83044
58.84141
58.85264
58.86382
58.87491
58.88592
58.89722
58.90885
58.91943
58.93039
58.9414
58.95255
58.96362
58.97468
58.98592
58.99699
59.00842
59.01933
59.03038
59.04147
59.05256
59.0636
59.07483
59.08593
59.09694
59.10852
59.11932
59.13029
59.1413
59.15253
59.16351
59.17462
59.18582
59.19693
59.20858
59.21904
59.23013
59.24149
59.25245
59.26358
59.2746
59.28585
59.29705
59.30824
59.31916
59.33021
59.34115
59.35238
59.36362
59.37452
59.38579
59.39682
59.40788
59.41897
59.43022
59.44125
59.4523
59.46352
59.47459
59.48582
59.49681
59.50812
59.51902
59.53013
59.54122
59.55246
59.56348
59.57455
59.58554
59.59679
59.60798
59.61905
59.63007
59.64116
59.65219
59.66333
59.67447
59.68554
59.69666
59.70781
59.71892
59.7299
59.74113
59.75236
59.7635
59.77448
59.78542
59.79688
59.80766
59.81879
59.83004
59.84123
59.85219
59.86315
59.87433
59.88543
59.89658
59.90769
59.91872
59.92982
59.94089
59.95212
59.96322
59.97439
59.98544
59.99665
60.00753
60.01882
60.02977
60.0409
60.05206
60.06309
60.07433
60.08527
60.09636
60.10792
60.11862
60.12982
60.14098
60.15188
60.16303
60.17411
60.18526
60.1964
60.20757
60.21856
60.22971
60.24091
60.25194
60.26325
60.27406
60.28518
60.29646
60.30736
60.31858
60.32969
60.34077
60.35192
60.36304
60.37414
60.38527
60.39622
60.40748
60.41853
60.42959
60.44093
60.45198
60.46288
60.47401
60.48517
60.49621
60.50739
60.51861
60.52966
60.54062
60.55183
60.56286
60.57397
60.58509
60.59637
60.60732
60.61839
60.62986
60.64078
60.65184
60.66282
60.67391
60.68527
60.69633
60.70721
60.71847
60.72947
60.7405
60.75188
60.76277
60.77378
60.78491
60.79628
60.8073
60.81848
60.82937
60.84056
60.85208
60.86262
60.87383
60.88491
60.89612
60.90741
60.91854
60.92945
60.94052
60.95156
60.96265
60.97384
60.98481
60.99596
61.00727
61.01824
61.02933
61.04038
61.05165
61.06255
61.07393
61.08481
61.09593
61.10707
61.1181
61.12923
61.1403
61.15142
61.16253
61.17363
61.1848
61.19586
61.20692
61.21817
61.22923
61.2403
61.25154
61.26259
61.27365
61.2847
61.29593
61.30689
61.31803
61.32914
61.34018
61.35141
61.36255
61.37351
61.38492
61.39587
61.40689
61.41801
61.42919
61.44015
61.45125
61.46246
61.47357
61.48467
61.49582
61.50679
61.51793
61.52908
61.54017
61.55125
61.56236
61.57347
61.58456
61.59592
61.60677
61.61787
61.62896
61.64006
61.65136
61.66252
61.67342
61.68457
61.6958
61.70673
61.7178
61.72885
61.74004
61.75131
61.76229
61.77332
61.78446
61.79639
61.80663
61.81775
61.82892
61.83997
61.85138
61.86227
61.87327
61.88442
61.89556
61.9067
61.91773
61.92892
61.93997
61.95111
61.9622
61.9732
61.98451
61.99545
62.00668
62.01767
62.02892
62.03991
62.05097
62.06205
62.07322
62.08442
62.09544
62.1065
62.11761
62.1288
62.13986
62.15129
62.16216
62.17313
62.18439
62.19544
62.2065
62.21761
62.22864
62.23982
62.25089
62.26212
62.27317
62.28421
62.29551
62.30645
62.31759
62.32861
62.33979
62.35085
62.36193
62.37306
62.38421
62.3954
62.40671
62.41745
62.42868
62.43968
62.4508
62.46191
62.47307
62.48409
62.4952
62.5063
62.51759
62.52867
62.53962
62.55094
62.56184
62.57294
62.58414
62.59521
62.60627
62.61739
62.62862
62.6396
62.65072
62.66177
62.67293
62.68403
62.69518
62.70626
62.71733
62.72842
62.7396
62.75056
62.76185
62.77283
62.78415
62.79531
62.80622
62.81757
62.82838
62.83947
62.85062
62.86168
62.87276
62.884
62.895
62.90611
62.9174
62.9283
62.93954
62.95058
62.9617
62.97272
62.98381
62.99516
63.00606
63.01773
63.02837
63.03945
63.0505
63.06174
63.0727
63.08375
63.09518
63.10604
63.29502
63.30596
63.31713
63.32819
63.33926
63.35035
63.36161
63.37282
63.38368
63.39475
63.40592
63.41698
63.4282
63.43915
63.45033
63.46137
63.47277
63.4836
63.49492
63.50586
63.51722
63.52803
63.53917
63.55052
63.5615
63.5725
63.5836
63.59481
63.60579
63.61692
63.62804
63.63908
63.65032
63.66134
63.67244
63.68348
63.69478
63.70573
63.71688
63.72794
63.73906
63.75013
63.76132
63.77231
63.78362
63.79556
63.80561
63.81672
63.82795
63.83896
63.85018
63.86137
63.8724
63.88345
63.89468
63.90565
63.91675
63.9279
63.93893
63.95018
63.96122
63.97226
63.98355
63.99456
64.00567
64.01666
64.02811
64.03893
64.05013
64.0612
64.07226
64.08337
64.09444
64.10558
64.11666
64.12802
64.13881
64.15005
64.16126
64.17215
64.1834
64.19437
64.20551
64.21656
64.22784
64.23882
64.25002
64.26105
64.2721
64.28326
64.29428
64.30545
64.31664
64.32766
64.33881
64.34997
64.36095
64.37203
64.38319
64.39417
64.40535
64.41657
64.42751
64.43877
64.44995
64.46091
64.47225
64.48309
64.4944
64.50526
64.5165
64.52757
64.53859
64.54991
64.56082
64.57205
64.58313
64.59427
64.60523
64.61649
64.62747
64.63855
64.64986
64.66075
64.67185
64.68298
64.69424
64.70518
64.71647
64.72752
64.73887
64.74973
64.76076
64.77186
64.78316
64.79421
64.80521
64.81633
64.82736
64.83846
64.85002
64.86066
64.87185
64.88306
64.89397
64.90514
64.91635
64.92732
64.93844
64.94962
64.96072
64.97189
64.98293
64.99411
65.0051
65.01631
65.02729
65.03838
65.04962
65.06056
65.07185
65.08283
65.09404
65.10506
65.11624
65.12725
65.13845
65.14974
65.16053
65.17165
65.18286
65.19383
65.20538
65.21616
65.22729
65.23835
65.24963
65.26051
65.27181
65.28272
65.29386
65.30486
65.31615
65.32705
65.3382
65.34943
65.36037
65.37155
65.38277
65.39371
65.40489
65.41611
65.42719
65.43821
65.44924
65.46067
65.4715
65.48265
65.49368
65.50477
65.51604
65.52699
65.5381
65.54933
65.56068
65.57149
65.58267
65.59365
65.60482
65.616
65.62698
65.63811
65.6493
65.66022
65.67136
65.68259
65.69358
65.70482
65.7158
65.72695
65.73851
65.74928
65.76025
65.77142
65.78258
65.79362
65.80467
65.8158
65.82702
65.83801
65.84925
65.86021
65.8714
65.88255
65.89356
65.90462
65.91571
66.01573
66.02715
66.03793
66.04912
66.06009
66.07123
66.08239
66.09343
66.10458
66.11563
66.12705
66.13793
66.14892
66.16013
66.17113
66.18223
66.19331
66.20455
66.2158
66.22719
66.23788
66.24899
66.26
66.27111
66.28222
66.2934
66.30445
66.31549
66.3267
66.33783
66.34885
66.35995
66.37105
66.38228
66.39331
66.40445
66.41551
66.42653
66.43772
66.44898
66.4599
66.47098
66.48211
66.49319
66.50433
66.51587
66.52659
66.53769
66.54885
66.55988
66.57099
66.58204
66.59314
66.60436
66.61537
66.6265
66.63769
66.6488
66.65978
66.67105
66.68218
66.69315
66.70425
66.71545
66.72643
66.73768
66.74892
66.76024
66.77089
66.78209
66.79312
66.80424
66.81541
66.82645
66.83757
66.84863
66.85971
66.87079
66.88205
66.89298
66.90424
66.91538
66.92634
66.93745
66.94889
66.95969
66.97073
66.98196
66.99297
67.00411
67.01525
67.02628
67.03738
67.04847
67.05956
67.07085
67.08186
67.09293
67.10406
67.11525
67.12627
67.13754
67.14853
67.15955
67.17059
67.18186
67.19292
67.20409
67.21526
67.2262
67.23742
67.24851
67.25942
67.27061
67.28188
67.29287
67.30396
67.31516
67.3261
67.33727
67.34834
67.35944
67.37057
67.38181
67.3928
67.5261
67.53721
67.54844
67.55932
67.57051
67.58172
67.59266
67.60384
67.61501
67.62598
67.63725
67.64819
67.65923
67.67038
67.68163
67.69259
67.70372
67.71496
67.72608
67.7372
67.74809
67.75928
67.77035
67.78172
67.79268
67.8038
67.81479
67.82588
67.83727
67.84823
67.85919
67.87032
67.88142
67.89253
67.90364
67.91477
67.92579
67.93716
67.94818
67.95934
67.97035
67.98137
67.99245
68.00355
68.01475
68.02576
68.03696
68.0481
68.05913
68.07027
68.08153
68.09239
68.10365
68.11465
68.12571
68.13678
68.14809
68.15903
68.17032
68.18134
68.19235
68.20362
68.2146
68.22583
68.23689
68.24817
68.25899
68.27016
68.28124
68.29232
68.30346
68.31477
68.32561
68.33673
68.34816
68.35897
68.37005
68.38122
68.39224
68.40357
68.41466
68.42567
68.43671
68.44833
68.45886
68.47014
68.48118
68.49219
68.50339
68.51463
68.52551
68.5367
68.54786
68.55882
68.57017
68.58112
68.59212
68.60326
68.61449
68.6255
68.63663
68.64777
68.65894
68.66992
68.68119
68.69218
68.70335
68.71453
68.72542
68.73676
68.7478
68.7589
68.76987
68.78109
68.79208
68.80338
68.8144
68.82539
68.83654
68.84769
68.8587
68.86974
68.88105
68.89213
68.90317
68.91436
68.92531
68.93647
68.94752
68.9586
68.96969
68.981
68.99221
69.00322
69.01427
69.02533
69.03656
69.0476
69.05855
69.06983
69.08097
69.09222
69.10303
69.11431
69.12524
69.13657
69.14775
69.15862
69.16979
69.18092
69.19189
69.20306
69.21437
69.2252
69.23632
69.24762
69.2585
69.26968
69.28075
69.29189
69.30288
69.31412
69.32517
69.33624
69.34753
69.35847
69.36953
69.38085
69.39172
69.40292
69.41393
69.42509
69.43639
69.4473
69.45849
69.46961
69.63634
69.64717
69.65826
69.6695
69.68056
69.69158
69.70267
69.71411
69.72514
69.73631
69.74724
69.75826
69.76933
69.78061
69.79159
69.8027
69.81382
69.82535
69.83642
69.84718
69.85851
69.86935
69.88052
69.89153
69.90266
69.91386
69.92484
69.93641
69.94711
69.95815
69.96938
69.98035
69.99148
70.00264
70.01383
70.02495
70.03587
70.04702
70.05808
70.0692
70.08031
70.09149
70.10257
70.11372
70.12493
70.13584
70.14697
70.15812
70.16914
70.18038
70.19142
70.2026
70.21357
70.22472
70.23591
70.24693
70.25804
70.26913
70.28024
70.29144
70.30244
70.31358
70.32466
70.33681
70.34697
70.35793
70.36907
70.38023
70.39133
70.40243
70.41355
70.42471
70.43567
70.44682
70.45806
70.46907
70.4802
70.4912
70.50231
70.51359
70.52452
70.53593
70.54685
70.55801
70.56903
70.58009
70.59126
70.60233
70.61346
70.62463
70.6356
70.64673
70.6578
70.66904
70.68008
70.69115
70.70228
70.71352
70.72449
70.7356
70.74667
70.75772
70.76892
70.78
70.79108
70.80223
70.81336
70.82438
70.83556
70.84679
70.85781
70.86892
70.88001
70.89102
70.90231
70.91317
70.92435
70.93555
70.94678
70.95766
70.96878
70.9799
70.99102
71.00218
71.01331
71.02439
71.03539
71.04659
71.05766
71.06885
71.0798
71.09096
71.10204
71.11309
71.12452
71.13541
71.14651
71.15755
71.16875
71.17986
71.19086
71.20217
71.21301
71.22413
71.23557
71.24655
71.25753
71.26865
71.27986
71.29089
71.30191
71.31307
71.32413
71.33527
71.34653
71.35767
71.36867
71.37972
71.39079
71.40197
71.413
71.42408
71.43528
71.44636
71.45743
71.46854
71.47959
71.49102
71.50179
71.51293
71.52408
71.53519
71.54633
71.55737
71.56874
71.57961
71.59077
71.60176
71.61294
71.62409
71.63505
71.64658
71.65742
71.66843
71.67951
71.69076
71.70174
71.71277
71.7239
71.73508
71.74638
71.7573
71.76869
71.77959
71.79071
71.80172
71.81279
71.82406
71.83506
71.84621
71.8573
71.86844
71.8797
71.89053
71.90183
71.9128
71.92397
71.93501
71.94604
71.9572
71.96815
71.97935
71.99046
72.00169
72.01274
72.02382
72.03491
72.04607
72.05708
72.06832
72.07948
72.0904
72.10168
72.11272
72.12388
72.13483
72.14603
72.15704
72.16825
72.17944
72.19038
72.20151
72.21265
72.22371
72.23495
72.24605
72.25708
72.2683
72.27917
72.29044
72.30155
72.31255
72.32357
72.33479
72.34595
72.35702
72.36817
72.37926
72.39043
72.40162
72.41248
72.42395
72.43465
72.44579
72.45692
72.46818
72.47925
72.4903
72.50156
72.51249
72.52353
72.53481
72.54586
72.55682
72.56802
72.57921
72.59015
72.60129
72.61247
72.62352
72.63457
72.64581
72.65678
72.66805
72.67905
72.69012
72.70138
72.71229
72.72346
72.73484
72.7457
72.75674
72.7679
72.77892
72.79009
72.80127
72.81242
72.82343
72.83455
72.84592
72.85674
72.8679
72.8789
72.89009
72.90147
72.91219
72.9233
72.93446
72.94562
72.95673
72.9679
72.97887
72.99022
73.00122
73.0123
73.02357
73.0344
73.04566
73.05677
73.06783
73.07902
73.09002
73.10104
73.11211
73.12346
73.13451
73.14574
73.15658
73.16771
73.17886
73.18983
73.20134
73.21221
73.22321
73.23442
73.24571
73.25703
73.26781
73.27881
73.28997
73.30103
73.31209
73.3233
73.3344
73.34565
73.35661
73.36759
73.37863
73.38983
73.40092
73.41198
73.4231
73.43417
73.44529
73.45656
73.46759
73.47876
73.48991
73.50101
73.51202
73.52319
73.53419
73.5453
73.55653
73.56744
73.57857
73.58972
73.60076
73.61195
73.62329
73.63406
73.6454
73.65627
73.6675
73.67847
73.68964
73.70071
73.71183
73.72305
73.73415
73.74541
73.75625
73.76743
73.77849
73.78976
73.80067
73.81196
73.82309
73.83408
73.84536
73.85629
73.86747
73.87836
73.88953
73.90075
73.91173
73.92284
73.93397
73.94582
73.95621
73.96729
73.97844
73.98949
74.00072
74.01176
74.0228
74.03397
74.04543
74.05622
74.06735
74.0783
74.08943
74.10058
74.11172
74.12278
74.13394
74.14561
74.15619
74.16727
74.17828
74.18948
74.20061
74.21162
74.22266
74.23398
74.24492
74.25616
74.26712
74.27832
74.28951
74.30047
74.31155
74.32282
74.33389
74.34491
74.35598
74.36703
74.37825
74.3895
74.4005
74.41148
74.42268
74.43372
74.44489
74.45594
74.46705
74.47831
74.4893
74.50051
74.51142
74.52258
74.53366
74.54473
74.55582
74.56707
74.57812
74.5892
74.60039
74.6113
74.62256
74.63367
74.64507
74.6558
74.66704
74.67796
74.68928
74.70016
74.71141
74.72247
74.73365
74.74461
74.75585
74.76684
74.77798
74.78917
74.80022
74.81126
74.82243
74.8335
74.84457
74.85573
74.86716
74.87785
74.8891
74.90018
74.91129
74.92232
74.93356
74.94453
74.9557
74.96687
74.97786
74.98904
75.00011
75.01128
75.02233
75.03347
75.04452
75.05573
75.06691
75.07806
75.08902
75.10005
75.11124
75.12268
75.13343
75.14455
75.15562
75.16666
75.17779
75.18887
75.20002
75.21108
75.22229
75.23352
75.24433
75.25576
75.26665
75.27778
75.2889
75.30008
75.31099
75.32217
75.33323
75.34457
75.3555
75.36667
75.37782
75.38889
75.40006
75.41098
75.42206
75.43318
75.44434
75.45545
75.46652
75.47755
75.48875
75.49988
75.51136
75.52206
75.53325
75.54419
75.55545
75.56647
75.57765
75.58863
75.59984
75.61093
75.62193
75.63309
75.6442
75.65536
75.66656
75.67744
75.6887
75.69978
75.71089
75.72197
75.73317
75.74408
75.7553
75.76641
75.77738
75.78858
75.79975
75.81094
75.82191
75.83292
75.84417
75.8553
75.86639
75.87743
75.88857
75.89977
75.91071
75.92194
75.93297
75.94399
75.95526
75.96629
75.97735
75.9885
75.99969
76.01093
76.02193
76.03291
76.04402
76.05519
76.06632
76.07725
76.08849
76.09958
76.11067
76.1219
76.13298
76.14393
76.15517
76.16618
76.17729
76.18841
76.19949
76.2106
76.22182
76.23293
76.24393
76.25522
76.26618
76.27724
76.28882
76.29972
76.31075
76.3218
76.33281
76.34392
76.35509
76.3662
76.37712
76.38847
76.39943
76.41055
76.42165
76.43282
76.44389
76.45499
76.4661
76.4771
76.48829
76.4995
76.51047
76.52158
76.53267
76.54378
76.55492
76.56604
76.57702
76.5883
76.59948
76.61037
76.62171
76.63272
76.64368
76.65495
76.66631
76.67703
76.6881
76.69943
76.71043
76.72156
76.73271
76.74365
76.75504
76.76599
76.777
76.78812
76.79927
76.81028
76.82136
76.83261
76.84359
76.85469
76.86577
76.87694
76.88824
76.89915
76.91025
76.92142
76.93262
76.94355
76.9547
76.96594
76.97684
76.98798
76.99955
77.01031
77.02153
77.03252
77.04343
77.05466
77.0658
77.07739
77.08807
77.09933
77.1103
77.12141
77.13244
77.14349
77.15476
77.16582
77.17675
77.188
77.19913
77.21011
77.22123
77.2327
77.24355
77.25459
77.26562
77.27673
77.28829
77.29909
77.30999
77.32123
77.33229
77.34341
77.35448
77.36575
77.37665
77.38817
77.39908
77.41003
77.42128
77.43221
77.44331
77.45462
77.46555
77.47666
77.48814
77.49889
77.50998
77.52103
77.53214
77.54323
77.55447
77.56557
77.57654
77.58776
77.59875
77.60998
77.62099
77.6323
77.64318
77.65426
77.66553
77.67654
77.68765
77.69885
77.70991
77.72103
77.73213
77.7431
77.75433
77.76543
77.77657
77.78761
77.79868
77.80982
77.82096
77.83209
77.84313
77.85423
77.86561
77.87638
77.8877
77.89884
77.90974
77.92101
77.9321
77.94302
77.95426
77.96552
77.9764
77.98759
77.99865
78.00974
78.02094
78.0319
78.04304
78.05434
78.0653
78.07627
78.08759
78.09871
78.10966
78.12087
78.13196
78.143
78.15462
78.16534
78.17638
78.18737
78.19858
78.2096
78.2207
78.23196
78.2429
78.25475
78.26532
78.27625
78.28748
78.29845
78.30948
78.32071
78.33186
78.34286
78.35418
78.3651
78.3762
78.38734
78.39856
78.40964
78.42059
78.43185
78.44286
78.45422
78.46503
78.47609
78.48736
78.49848
78.50955
78.52066
78.53169
78.54276
78.55413
78.56507
78.57602
78.58717
78.5985
78.60939
78.6206
78.63173
78.64283
78.65412
78.6652
78.67605
78.68713
78.6983
78.70934
78.72055
78.73159
78.74269
78.75391
78.76491
78.77597
78.78713
78.79822
78.80928
78.82051
78.83176
78.84264
78.85371
78.86501
78.87597
78.88727
78.8985
78.90931
78.9205
78.93146
78.94255
78.95374
78.96485
78.97587
78.987
78.9981
79.00923
79.02047
79.03158
79.04248
79.0537
79.06487
79.07587
79.08704
79.09813
79.10918
79.12028
79.13153
79.14252
79.15361
79.16474
79.17583
79.18702
79.19804
79.20914
79.22042
79.23153
79.24251
79.25362
79.26472
79.27573
79.28685
79.298
79.30905
79.32032
79.33144
79.34245
79.35347
79.36477
79.37565
79.38676
79.39799
79.40897
79.42026
79.43129
79.44251
79.45342
79.46461
79.47566
79.4867
79.498
79.50895
79.52007
79.53136
79.54231
79.55345
79.56464
79.57566
79.58675
79.59781
79.60886
79.62
79.63113
79.64233
79.65339
79.66448
79.67563
79.68674
79.69774
79.70883
79.72002
79.73123
79.7422
79.75333
79.7646
79.77544
79.78661
79.79797
79.80888
79.82
79.831
79.84209
79.85319
79.86443
79.87574
79.88659
79.89789
79.90876
79.91991
79.93091
79.9421
79.95312
79.96441
79.97539
79.9867
79.99785
80.0088
80.0198
80.03106
80.04214
80.05314
80.06421
80.07541
80.08643
80.09759
80.10862
80.1199
80.13094
80.14194
80.153
80.16416
80.1754
80.18655
80.19759
80.20863
80.21967
80.23104
80.24186
80.25304
80.2642
80.27531
80.28634
80.29742
80.30851
80.31975
80.33083
80.34192
80.3532
80.36414
80.3752
80.38635
80.50858
80.51955
80.53072
80.54177
80.55286
80.56407
80.57507
80.58632
80.59732
80.60849
80.61953
80.63067
80.64169
80.65282
80.66398
80.67503
80.6866
80.69722
80.70832
80.71939
80.73052
80.74174
80.75272
80.76405
80.77499
80.78624
80.79745
80.80827
80.81947
80.83053
80.84158
80.8527
80.86381
80.87501
80.88607
80.89727
80.90823
80.9193
80.93066
80.94159
80.95271
80.96396
80.97497
80.98616
80.99724
81.00819
81.01937
81.03041
81.04155
81.05259
81.06377
81.07484
81.08595
81.09702
81.1081
81.1193
81.13049
81.14141
81.15258
81.16385
81.17487
81.18593
81.19712
81.20818
81.21921
81.23071
81.24137
81.25253
81.26371
81.27474
81.28604
81.29713
81.30809
81.31908
81.33031
81.34138
81.35244
81.36366
81.37463
81.3859
81.39699
81.40795
81.41904
81.4303
81.44141
81.45245
81.46362
81.47462
81.48573
81.49689
81.50801
81.51904
81.53034
81.54153
81.55248
81.5636
81.57464
81.58585
81.59685
81.60789
81.61899
81.63031
81.64134
81.65241
81.66354
81.67456
81.68569
81.69681
81.7079
81.71898
81.73017
81.74119
81.75237
81.7635
81.77451
81.78561
81.79679
81.8078
81.81891
81.83013
81.84119
81.85223
81.86341
81.8745
81.8857
81.89676
81.90786
81.91882
81.93003
81.94103
81.95235
81.96344
81.97449
81.98549
81.99667
82.00773
82.0189
82.02999
82.04099
82.05231
82.06358
82.07429
82.08552
82.09676
82.10766
82.11883
82.12992
82.14095
82.15221
82.16355
82.17442
82.18542
82.19662
82.20759
82.21902
82.23004
82.24094
82.25199
82.26321
82.27431
82.28554
82.29665
82.30775
82.31864
82.32976
82.34088
82.35201
82.36317
82.3748
82.38531
82.3965
82.40748
82.41872
82.4297
82.44106
82.452
82.46323
82.47411
82.48516
82.49631
82.50742
82.51858
82.52991
82.54073
82.55189
82.56322
82.57414
82.58521
82.59628
82.60759
82.61906
82.62971
82.64071
82.65181
82.66295
82.67405
82.68532
82.69633
82.7074
82.71849
82.72953
82.74065
82.75182
82.7632
82.77415
82.78509
82.79646
82.80727
82.8184
82.82948
82.84068
82.85197
82.86285
82.87391
82.88516
82.89616
82.90735
82.91837
82.92948
82.94056
82.952
82.96278
82.97392
82.98499
82.99619
83.00726
83.01829
83.02946
83.04047
83.05195
83.06278
83.0739
83.08495
83.096
83.10713
83.11836
83.12946
83.14052
83.15161
83.16269
83.17389
83.18501
83.1961
83.20737
83.21818
83.22947
83.24069
83.25178
83.26299
83.27393
83.28506
83.29594
83.30712
83.31824
83.32931
83.34042
83.35153
83.36259
83.37471
83.54032
83.55141
83.5625
83.57362
83.58466
83.59587
83.6071
83.6181
83.62917
83.64021
83.65141
83.66246
83.67354
83.6847
83.69591
83.70696
83.71799
83.7291
83.74016
83.75134
83.76243
83.7737
83.78462
83.7963
83.80679
83.8179
83.8291
83.84022
83.85125
83.86238
83.87356
83.88474
83.89571
83.90676
83.91788
83.92904
83.94004
83.95132
83.96232
83.97334
83.98467
83.99567
84.00687
84.01785
84.02892
84.04006
84.05109
84.06231
84.07337
84.08452
84.09566
84.10668
84.11772
84.12886
84.13998
84.15108
84.16231
84.17328
84.18445
84.19556
84.20665
84.21767
84.22896
84.24
84.25113
84.2624
84.27336
84.28439
84.29559
84.30656
84.31769
84.32897
84.3399
84.35105
84.36208
84.37338
84.38447
84.39551
84.40667
84.41762
84.42872
84.43977
84.45108
84.46209
84.47311
84.48431
84.49531
84.50646
84.51759
84.52871
84.53984
84.55108
84.56201
84.57318
84.58416
84.59528
84.60637
84.61752
84.6286
84.63982
84.65083
84.66195
84.67327
84.68427
84.69521
84.70648
84.71747
84.72862
84.73984
84.75079
84.76196
84.77322
84.78421
84.79544
84.80632
84.81746
84.82849
84.83958
84.85074
84.86197
84.87306
84.88445
84.89512
84.90629
84.91734
84.92841
84.93971
84.95085
84.96189
84.97287
84.98397
84.9955
85.00643
85.0174
85.02849
85.03951
85.0508
85.06192
85.073
85.08401
85.09553
85.10624
85.11739
85.12847
85.13947
85.15058
85.16169
85.17299
85.18391
85.19505
85.20613
85.21748
85.22849
85.23955
85.25061
85.26164
85.27304
85.28392
85.29508
85.30608
85.31719
85.32836
85.33944
85.35048
85.36185
85.3727
85.3838
85.39497
85.40601
85.41716
85.42819
85.43929
85.45046
85.46165
85.4727
85.48385
85.49503
85.50607
85.51713
85.52826
85.53927
85.55038
85.56154
85.5726
85.58366
85.59478
85.60594
85.61705
85.6283
85.63931
85.65036
85.66147
85.67276
85.68364
85.69477
85.70607
85.71696
85.7282
85.7392
85.75034
85.76138
85.77259
85.78365
85.79564
85.806
85.81694
85.82816
85.83923
85.85064
85.86145
85.87308
85.88379
85.89469
85.90585
85.91698
85.92809
85.93914
85.95037
85.96127
85.97235
85.98354
85.99458
86.00589
86.01691
86.02807
86.03918
86.05025
86.06129
86.07236
86.08352
86.09457
86.10579
86.11677
86.12805
86.13901
86.15012
86.16117
86.17233
86.1834
86.19456
86.20568
86.2167
86.22787
86.23898
86.25007
86.26127
86.27223
86.28336
86.29459
86.3056
86.31678
86.3278
86.33891
86.34998
86.36107
86.37219
86.38344
86.39445
86.40565
86.41669
86.42781
86.43884
86.44991
86.4612
86.47227
86.48335
86.49435
86.50545
86.51651
86.52772
86.53889
86.55003
86.56101
86.5723
86.58325
86.59431
86.60542
86.61658
86.62775
86.63869
86.6498
86.66091
86.67215
86.6832
86.69424
86.70552
86.71645
86.72779
86.73869
86.74987
86.76092
86.77202
86.78311
86.79428
86.80542
86.81641
86.82761
86.83862
86.84971
86.86076
86.87202
86.88316
86.89415
86.90541
86.9164
86.92745
86.93899
86.94967
86.96085
86.97207
86.98303
86.99414
87.00517
87.0163
87.02738
87.03868
87.04961
87.06082
87.07193
87.083
87.09409
87.10526
87.11661
87.12745
87.13844
87.14957
87.16076
87.17184
87.18301
87.19408
87.20515
87.21621
87.22738
87.23856
87.24951
87.26093
87.2719
87.28297
87.29403
87.30508
87.31628
87.32752
87.33852
87.34959
87.36058
87.37183
87.3828
87.39388
87.40546
87.41614
87.42739
87.43832
87.44944
87.46066
87.47181
87.48279
87.49384
87.50518
87.51606
87.52714
87.53837
87.5496
87.56066
87.57168
87.58276
87.59396
87.60497
87.61607
87.62728
87.63815
87.64931
87.66049
87.67165
87.68266
87.69387
87.70541
87.71605
87.72708
87.73827
87.74921
87.76061
87.77151
87.78265
87.79372
87.80479
87.81602
87.82703
87.83813
87.84927
87.86032
87.87143
87.88251
87.89369
87.9049
87.9159
87.92708
87.93812
87.94924
87.96039
87.97157
87.98254
87.99359
88.00482
88.01581
88.02686
88.03801
88.04919
88.0603
88.0714
88.08253
88.09361
88.10475
88.11591
88.12706
88.13808
88.14912
88.16016
88.17139
88.18245
88.19386
88.20457
88.21568
88.22987
88.24113
88.25201
88.26421
88.27495
88.28553
88.29652
88.30768
88.31869
88.3298
88.34106
88.35217
88.36321
88.37415
88.38535
88.39642
88.43214
88.44135
88.44908
88.45905
88.47012
88.48131
88.49221
88.5034
88.51443
88.52554
88.53663
88.54788
88.5589
88.56996
88.5815
88.59227
88.60329
88.61462
88.6254
88.63657
88.64774
88.65891
88.66993
88.68155
88.69228
88.70322
88.71433
88.72543
88.73658
88.74775
88.7588
88.76995
88.78153
88.79214
88.80333
88.81453
88.82576
88.83701
88.84848
88.85928
88.87081
88.88213
88.89306
88.9044
88.91536
88.92644
88.93756
88.94884
88.95975
88.97099
88.98222
88.99312
89.00431
89.01534
89.0264
89.03758
89.04864
89.05979
89.07098
89.0822
89.09304
89.10419
89.11533
89.12642
89.13756
89.14864
89.15971
89.17093
89.18255
89.19308
89.20415
89.21545
89.22635
89.23744
89.24868
89.25977
89.27087
89.28207
89.29295
89.30424
89.31521
89.32632
89.33752
89.34857
89.35986
89.37091
89.38214
89.3931
89.40409
89.41515
89.42625
89.43733
89.44846
89.45964
89.47069
89.4818
89.49288
89.5041
89.51508
89.52629
89.53728
89.54841
89.55944
89.57066
89.58198
89.59279
89.60413
89.61516
89.62607
89.63734
89.64853
89.65946
89.67056
89.68182
89.69276
89.70402
89.71496
89.7261
89.73722
89.74831
89.75931
89.77057
89.78169
89.79278
89.80389
89.81504
89.82603
89.83727
89.84832
89.85931
89.87043
89.88168
89.89311
89.90387
89.91487
89.92593
89.93707
89.94832
89.95928
89.97042
89.98157
89.99287
90.00378
90.01483
90.02592
90.03703
90.04822
90.05937
90.07033
90.08138
90.09281
90.10365
90.11487
90.12582
90.13702
90.14828
90.15917
90.17039
90.1814
90.19254
90.20358
90.21476
90.22581
90.23705
90.24807
90.25915
90.27029
90.2816
90.29256
90.30366
90.31464
90.32574
90.33698
90.34836
90.35915
90.37019
90.38151
90.39249
90.40356
90.41482
90.42564
90.43678
90.44818
90.45942
90.47025
90.48134
90.49233
90.50367
90.51473
90.52564
90.53682
90.548
90.55898
90.5701
90.58123
90.59227
90.60342
90.6147
90.62556
90.63667
90.64779
90.65891
90.67021
90.68117
90.69229
90.70345
90.71453
90.72562
90.73679
90.74786
90.75886
90.77007
90.7812
90.79222
90.80342
90.81458
90.82549
90.83659
90.84802
90.85879
90.86999
90.88102
90.89213
90.90321
90.9144
90.92554
90.93755
90.94794
90.95879
90.96996
90.98114
90.99216
91.00331
91.01432
91.02544
91.03662
91.04774
91.05875
91.06985
91.0813
91.09209
91.10317
91.11439
91.12531
91.13649
91.14777
91.15863
91.16996
91.18106
91.19197
91.20317
91.21423
91.22533
91.23656
91.24773
91.25878
91.26993
91.28091
91.29195
91.30311
91.31425
91.32524
91.33646
91.34758
91.35858
91.36975
91.381
91.39267
91.4032
91.41426
91.42528
91.43639
91.44746
91.45863
91.46967
91.48071
91.49225
91.50304
91.51425
91.52519
91.53625
91.54752
91.55854
91.56957
91.5807
91.59207
91.603
91.61421
91.62509
91.63641
91.64743
91.65844
91.66964
91.68067
91.69196
91.70303
91.7142
91.72507
91.73624
91.74747
91.75832
91.76949
91.78088
91.79172
91.80281
91.81393
91.82501
91.83615
91.84734
91.8586
91.86948
91.88071
91.89162
91.9028
91.91405
91.9249
91.93605
91.94727
91.95827
91.96936
91.98058
91.99158
92.00272
92.014
92.02491
92.03619
92.0472
92.05824
92.06953
92.08052
92.09153
92.10265
92.11375
92.12487
92.13609
92.14715
92.1582
92.16942
92.18038
92.1916
92.20261
92.21384
92.22489
92.23595
92.24707
92.25813
92.26926
92.28047
92.29144
92.3027
92.31376
92.32526
92.33603
92.34719
92.35816
92.36919
92.38047
92.3914
92.4025
92.41367
92.42485
92.43586
92.44704
92.45805
92.46911
92.48037
92.49133
92.5025
92.51363
92.52464
92.53585
92.54701
92.55801
92.56921
92.5803
92.59126
92.60267
92.6135
92.62457
92.63582
92.64693
92.65789
92.66911
92.68063
92.69125
92.7025
92.71346
92.72454
92.73563
92.74698
92.75787
92.76913
92.78025
92.79128
92.80241
92.81342
92.82469
92.83563
92.84691
92.85781
92.86895
92.88054
92.89124
92.90233
92.91338
92.92442
92.93559
92.94687
92.95773
92.96895
92.97996
92.99111
93.00221
93.01334
93.02444
93.03552
93.04681
93.05775
93.06889
93.08006
93.09107
93.10228
93.1134
93.12433
93.13554
93.14676
93.15769
93.16889
93.17998
93.19099
93.20219
93.2132
93.22433
93.23569
93.2467
93.25779
93.2689
93.27986
93.29093
93.30212
93.31325
93.32422
93.33566
93.34682
93.35756
93.36871
93.37978
93.39101
93.40207
93.41323
93.42417
93.43583
93.44682
93.45771
93.46884
93.47978
93.49082
93.50201
93.51311
93.52419
93.53532
93.54648
93.5575
93.56867
93.57975
93.59093
93.60195
93.61304
93.62412
93.63529
93.64649
93.65745
93.66859
93.67971
93.69073
93.70207
93.71312
93.72414
93.73524
93.74651
93.75746
93.76856
93.77975
93.7907
93.80185
93.813
93.82402
93.83522
93.84639
93.85735
93.86846
93.87977
93.89068
93.90193
93.91291
93.92397
93.93516
93.94648
93.95733
93.96846
93.97961
93.99063
94.00183
94.01328
94.02393
94.03535
94.04633
94.05727
94.06841
94.07955
94.09059
94.10196
94.1128
94.12391
94.13499
94.14624
94.15715
94.16832
94.17942
94.19073
94.20177
94.21278
94.22392
94.23492
94.24628
94.25714
94.26856
94.27967
94.29058
94.30173
94.31277
94.32378
94.33492
94.34608
94.35707
94.3682
94.37926
94.39043
94.40155
94.41354
94.42367
94.43488
94.44604
94.45713
94.4682
94.4795
94.49033
94.50159
94.51268
94.52367
94.53477
94.546
94.55699
94.5682
94.57929
94.59029
94.60139
94.61269
94.62364
94.63474
94.64591
94.65716
94.66808
94.67919
94.6904
94.70143
94.71268
94.72366
94.73483
94.74586
94.75692
94.76804
94.77924
94.79036
94.80167
94.81253
94.82352
94.8347
94.84599
94.85681
94.86806
94.87917
94.89016
94.9016
94.91235
94.92349
94.93456
94.94589
94.9568
94.96796
94.97916
94.99008
95.00134
95.01241
95.02345
95.03455
95.04562
95.05682
95.06783
95.07903
95.0901
95.10125
95.11234
95.12367
95.13448
95.14563
95.15671
95.16786
95.17899
95.18999
95.20115
95.2122
95.22353
95.23448
95.24567
95.2568
95.26786
95.27907
95.29
95.30122
95.31226
95.32329
95.33447
95.34558
95.3566
95.36802
95.37891
95.39005
95.40108
95.41228
95.42326
95.43449
95.44559
95.45656
95.46775
95.47895
95.48989
95.50159
95.5123
95.52322
95.5345
95.54579
95.55742
95.56762
95.57867
95.5901
95.60115
95.61219
95.62312
95.63433
95.64537
95.65649
95.66785
95.67882
95.69041
95.70111
95.7121
95.72313
95.73423
95.74545
95.75639
95.7676
95.77902
95.78976
95.80138
95.81203
95.82319
95.83434
95.84523
95.85636
95.86742
95.87859
95.88968
95.90133
95.91211
95.92303
95.93407
95.94528
95.95631
95.9675
95.97845
96.08955
96.10069
96.11198
96.12292
96.13418
96.14513
96.15617
96.16736
96.17849
96.18948
96.20073
96.21191
96.22304
96.23399
96.24516
96.25624
96.26742
96.27846
96.28951
96.30058
96.31178
96.32279
96.33407
96.34497
96.35609
96.36747
96.37824
96.38947
96.40053
96.4118
96.42278
96.43391
96.44515
96.45602
96.46715
96.47839
96.48971
96.50083
96.5117
96.52304
96.53394
96.54542
96.55608
96.56722
96.57837
96.5893
96.60042
96.61158
96.62267
96.63371
96.64487
96.65592
96.66723
96.67839
96.68925
96.70053
96.71179
96.72264
96.73374
96.74497
96.75587
96.76747
96.77811
96.78925
96.80038
96.81149
96.82253
96.83384
96.84474
96.85583
96.86694
96.87812
96.88925
96.90026
96.91149
96.92261
96.93362
96.9447
96.95582
96.96696
96.9782
96.98927
97.00027
97.01138
97.02248
97.03352
97.04469
97.05577
97.06689
97.07803
97.08906
97.1003
97.11136
97.12247
97.13353
97.145
97.1557
97.16694
97.178
97.189
97.20055
97.21133
97.22237
97.23345
97.24459
97.25563
97.26683
97.27792
97.28899
97.30016
97.31133
97.32235
97.33358
97.34453
97.35564
97.36673
97.37798
97.38897
97.40001
97.41122
97.42221
97.43364
97.44462
97.45564
97.46669
97.4778
97.48881
97.5002
97.51116
97.52227
97.53354
97.54438
97.55568
97.5666
97.57788
97.58884
97.6
97.61117
97.62216
97.63335
97.64435
97.65552
97.66657
97.6776
97.68873
97.70004
97.71101
97.72214
97.73319
97.74439
97.75537
97.76682
97.77775
97.7887
97.79984
97.81102
97.82208
97.83325
97.84437
97.85534
97.86643
97.87749
97.88873
97.89977
97.91104
97.92213
97.9332
97.94427
97.95534
97.96648
97.97762
97.9887
97.99989
98.01095
98.02191
98.0331
98.04427
98.05527
98.06667
98.07771
98.08858
98.0998
98.11098
98.12187
98.13297
98.14419
98.15517
98.16653
98.17754
98.18882
98.19978
98.21077
98.22193
98.23303
98.24404
98.2552
98.26647
98.27763
98.28851
98.29961
98.31065
98.32177
98.33289
98.34412
98.35511
98.3662
98.37731
98.38854
98.39953
98.41076
98.42195
98.43286
98.44409
98.4551
98.46619
98.47726
98.48835
98.49945
98.51063
98.52164
98.53279
98.54417
98.55506
98.56609
98.57716
98.58832
98.59942
98.61058
98.62173
98.6328
98.6439
98.65497
98.66632
98.67726
98.68827
98.69968
98.71059
98.72166
98.73277
98.74384
98.75491
98.76606
98.77714
98.78826
98.79929
98.81044
98.82155
98.83266
98.84373
98.85492
98.86595
98.87704
98.88837
98.89941
98.91035
98.92153
98.93272
98.94384
98.95488
98.96609
98.97698
98.98817
98.99926
99.01054
99.02145
99.03291
99.04372
99.05482
99.0659
99.07707
99.0881
99.09917
99.11065
99.1214
99.13254
99.1437
99.15469
99.16619
99.17704
99.18813
99.19916
99.21075
99.22138
99.23267
99.24358
99.25469
99.26601
99.277
99.28796
99.2991
99.31052
99.32139
99.33253
99.34363
99.35464
99.36581
99.37691
99.38793
99.39932
99.41056
99.42124
99.43236
99.44351
99.45454
99.46569
99.47685
99.48791
99.49905
99.51068
99.5212
99.5323
99.54343
99.55456
99.56601
99.57697
99.58785
99.59923
99.6104
99.62116
99.63251
99.64345
99.65455
99.66562
99.67686
99.68776
99.69899
99.71002
99.7212
99.73234
99.74342
99.75446
99.76559
99.77656
99.78783
99.79877
99.80998
99.82098
99.83231
99.84331
99.85448
99.86552
99.87685
99.88764
99.89883
99.91051
99.92107
99.93212
99.94349
99.95428
99.96562
99.97649
99.98772
99.9988
100.01
100.021
100.0322
100.0434
100.0543
100.0654
100.0766
100.0877
100.0988
100.1101
100.121
100.132
100.1431
100.1542
100.1655
100.1764
100.1875
100.1986
100.21
100.2209
100.2321
100.2431
100.2546
100.2653
100.2766
100.2875
100.2986
100.3098
100.3208
100.332
100.3431
100.3543
100.3653
100.3764
100.3875
100.3985
100.4098
100.4208
100.4318
100.443
100.4541
100.4654
100.4763
100.4875
100.4987
100.5098
100.5208
100.5318
100.543
100.5541
100.5652
100.5763
100.5874
100.5985
100.6096
100.6208
100.6317
100.643
100.654
100.6652
100.6763
100.6876
100.6986
100.7095
100.7207
100.7319
100.7428
100.7541
100.7652
100.7763
100.7872
100.7983
100.8095
100.8206
100.8317
100.8428
100.8539
100.865
100.8761
100.8873
100.8982
100.9093
100.9208
100.9317
100.9427
100.9538
100.965
100.9761
100.9873
100.9983
101.0094
101.0205
101.0316
101.0427
101.0538
101.065
101.076
101.0871
101.0982
101.1093
101.1204
101.1316
101.1426
101.1538
101.1649
101.176
101.1872
101.1982
101.2094
101.2204
101.2315
101.2425
101.2537
101.2649
101.2758
101.287
101.2981
101.3091
101.3203
101.3314
101.3426
101.3537
101.3648
101.3759
101.387
101.3982
101.4091
101.4204
101.4315
101.4425
101.4535
101.4647
101.4758
101.4874
101.4981
101.5091
101.5202
101.5314
101.5424
101.5536
101.5645
101.5757
101.5868
101.5983
101.6091
101.6203
101.6314
101.6425
101.6535
101.6649
101.6756
101.6868
101.698
101.7091
101.7202
101.7313
101.7423
101.7534
101.7645
101.7756
101.7867
101.7978
101.8091
101.8202
101.8312
101.8423
101.8535
101.8646
101.8755
101.8867
101.8978
101.909
101.9201
101.9312
101.9422
101.9533
101.9646
101.9756
101.9867
101.998
102.0091
102.02
102.0313
102.0422
102.0534
102.0645
102.0755
102.0866
102.0978
102.1089
102.1199
102.1316
102.1421
102.1533
102.1644
102.1756
102.1865
102.1977
102.2087
102.2199
102.2312
102.2421
102.2532
102.2643
102.2754
102.2865
102.2977
102.3087
102.3198
102.3311
102.342
102.3531
102.3643
102.3753
102.3865
102.3977
102.4086
102.4199
102.4311
102.442
102.4533
102.4642
102.4752
102.4864
102.4975
102.5086
102.5198
102.5309
102.542
102.553
102.5641
102.5754
102.5867
102.5976
102.6086
102.6201
102.6308
102.6419
102.6531
102.6641
102.6751
102.6863
102.6975
102.7085
102.7201
102.7307
102.7419
102.753
102.7641
102.7751
102.7862
102.7973
102.8085
102.82
102.8309
102.8417
102.8529
102.864
102.8751
102.8862
102.8975
102.9085
102.9197
102.9308
102.9417
102.9528
102.9639
102.9751
102.9862
102.9975
103.0084
103.0195
103.0308
103.0419
103.0529
103.0639
103.075
103.0861
103.0973
103.1082
103.1194
103.1305
103.1416
103.1528
103.1641
103.1749
103.1863
103.1971
103.2083
103.2195
103.2307
103.2416
103.2527
103.2638
103.2749
103.286
103.2972
103.3083
103.3194
103.3306
103.3415
103.3527
103.3638
103.3749
103.3861
103.397
103.4081
103.4193
103.4304
103.4418
103.4526
103.4637
103.4748
103.4859
103.497
103.5081
103.5194
103.5305
103.5413
103.5526
103.5637
103.5747
103.5859
103.5969
103.608
103.6191
103.6305
103.6415
103.6525
103.6638
103.6748
103.6859
103.6971
103.7079
103.7191
103.7303
103.7413
103.7524
103.7636
103.7746
103.7858
103.7969
103.808
103.819
103.8304
103.8413
103.8524
103.8635
103.8746
103.8857
103.8969
103.9079
103.9193
103.9302
103.9413
103.9523
103.9635
103.9745
103.9857
103.9969
104.0078
104.019
104.0301
104.0412
104.0524
104.0635
104.0745
104.0857
104.0968
104.1078
104.1189
104.1301
104.1415
104.1522
104.1633
104.1744
104.1856
104.1966
104.2077
104.219
104.2302
104.2411
104.2522
104.2636
104.2744
104.2855
104.2968
104.3077
104.3188
104.3301
104.341
104.3522
104.3633
104.3743
104.3857
104.3967
104.4076
104.4187
104.43
104.441
104.4522
104.4632
104.4743
104.4854
104.4967
104.5076
104.5187
104.5298
104.5409
104.5521
104.5635
104.5743
104.5854
104.5966
104.6078
104.6187
104.63
104.6409
104.652
104.6631
104.6743
104.6854
104.6964
104.7075
104.7187
104.7299
104.7408
104.752
104.7635
104.7742
104.7852
104.7963
104.8074
104.8186
104.8303
104.8408
104.8519
104.8631
104.8741
104.8853
104.8964
104.9074
104.9189
104.9297
104.9407
104.9519
104.963
104.9741
104.9851
104.9966
105.0073
105.0185
105.0297
105.0408
105.0518
105.0629
105.0741
105.0852
105.0964
105.1073
105.1184
105.1295
105.1406
105.1517
105.1631
105.174
105.1851
105.1963
105.2072
105.2186
105.2295
105.2405
105.2517
105.2631
105.274
105.285
105.2963
105.3072
105.3184
105.3295
105.3405
105.3516
105.363
105.3738
105.3852
105.396
105.4071
105.4185
105.4296
105.4416
105.4515
105.4627
105.4738
105.4849
105.496
105.5071
105.5182
105.5294
105.5406
105.5516
105.5626
105.5739
105.5848
105.5961
105.6071
105.6183
105.6292
105.6404
105.6517
105.6626
105.6737
105.6853
105.6962
105.707
105.7182
105.7293
105.7403
105.7514
105.7625
105.7737
105.7848
105.7967
105.807
105.8181
105.8293
105.8403
105.8516
105.8625
105.8736
105.8848
105.8959
105.9069
105.9181
105.9294
105.9402
105.9514
105.9626
105.9735
105.9846
105.9958
106.007
106.0181
106.0291
106.0402
106.0513
106.0624
106.0735
106.0846
106.0958
106.1071
106.1181
106.129
106.1402
106.1516
106.1626
106.1735
106.1846
106.1957
106.2068
106.2179
106.2291
106.2401
106.2511
106.2623
106.2735
106.2845
106.2958
106.3067
106.318
106.329
106.34
106.3511
106.3623
106.3733
106.3845
106.3955
106.4066
106.4179
106.4295
106.4401
106.4511
106.4623
106.4734
106.4844
106.4956
106.5066
106.5177
106.5289
106.5401
106.5512
106.5624
106.5732
106.5844
106.5954
106.6065
106.6177
106.6291
106.6399
106.6511
106.6622
106.6732
106.6843
106.6955
106.7067
106.7177
106.729
106.74
106.751
106.762
106.7732
106.7843
106.7956
106.8065
106.8178
106.8289
106.8398
106.851
106.862
106.873
106.8842
106.8955
106.9064
106.9177
106.9287
106.9398
106.9509
106.9619
106.973
106.9845
106.9953
107.0064
107.0176
107.0287
107.0398
107.0509
107.0619
107.073
107.0844
107.0953
107.1063
107.1174
107.1286
107.1397
107.151
107.1619
107.173
107.1841
107.1953
107.2063
107.2173
107.2285
107.24
107.2509
107.2621
107.273
107.2842
107.2951
107.3062
107.3174
107.3286
107.3395
107.3507
107.3617
107.3728
107.384
107.395
107.4063
107.4173
107.4285
107.4396
107.4507
107.4617
107.4728
107.4839
107.4952
107.5061
107.5172
107.5284
107.5399
107.5507
107.5617
107.5729
107.584
107.5949
107.606
107.6171
107.6283
107.6394
107.6506
107.6618
107.6727
107.6839
107.6949
107.7062
107.7174
107.7287
107.7395
107.7506
107.7619
107.7727
107.7838
107.7954
107.8059
107.8173
107.8282
107.8393
107.8504
107.8616
107.8727
107.8838
107.8948
107.9059
107.9171
107.928
107.9394
107.9504
107.9615
107.9726
107.9837
107.9948
108.0058
108.017
108.0281
108.0392
108.0503
108.0614
108.0725
108.0837
108.0948
108.1059
108.117
108.128
108.1392
108.1502
108.1615
108.1725
108.184
108.1946
108.2057
108.2169
108.2279
108.2391
108.2503
108.2613
108.2724
108.2836
108.2946
108.3057
108.3168
108.328
108.3392
108.3502
108.3612
108.3724
108.3835
108.3945
108.4058
108.4168
108.4278
108.4392
108.4501
108.4612
108.4724
108.4834
108.4946
108.5056
108.5168
108.5279
108.539
108.5501
108.5611
108.5722
108.5833
108.5944
108.6055
108.6167
108.6278
108.6389
108.6502
108.6611
108.6723
108.6833
108.6945
108.7055
108.7166
108.7277
108.739
108.7502
108.7611
108.7723
108.7832
108.7946
108.8055
108.8168
108.8277
108.8392
108.8501
108.8611
108.8721
108.8832
108.8943
108.9055
108.9166
108.9277
108.9388
108.9499
108.961
108.972
108.9832
108.9943
109.1609
109.1719
109.183
109.1942
109.2053
109.2166
109.2275
109.2386
109.25
109.2608
109.2721
109.283
109.2941
109.3052
109.3163
109.3274
109.3387
109.3497
109.3609
109.3724
109.3829
109.394
109.4051
109.4162
109.4275
109.4386
109.4496
109.4608
109.4718
109.4828
109.494
109.5051
109.5163
109.5274
109.5384
109.5497
109.5607
109.5718
109.5831
109.5939
109.6051
109.6162
109.6276
109.6385
109.6495
109.6606
109.6717
109.6828
109.6939
109.705
109.7164
109.7272
109.7384
109.7497
109.7606
109.7718
109.7828
109.7939
109.805
109.8162
109.8272
109.8382
109.8495
109.8605
109.8717
109.8829
109.8939
109.9051
109.916
109.9274
109.9383
109.9493
109.9605
109.9716
109.9827
109.9937
110.005
110.016
110.027
110.0382
110.0494
110.0604
110.0715
110.0826
110.0937
110.1055
110.116
110.127
110.1387
110.1496
110.1603
110.1714
110.1826
110.1936
110.2048
110.2159
110.2269
110.2383
110.2493
110.2605
110.2715
110.2826
110.2937
110.3047
110.316
110.327
110.3382
110.3494
110.3603
110.3714
110.3828
110.3936
110.4047
110.4158
110.4268
110.4384
110.4494
110.4602
110.4713
110.4825
110.4935
110.5046
110.5158
110.5268
110.5382
110.5491
110.5601
110.5714
110.5825
110.5935
110.6047
110.6158
110.6269
110.6379
110.649
110.6602
110.6713
110.6823
110.6934
110.7045
110.7157
110.7267
110.7379
110.7491
110.76
110.7711
110.7824
110.7936
110.8046
110.8157
110.8268
110.8379
110.849
110.86
110.871
110.8826
110.8934
110.9045
110.9159
110.9266
110.9377
110.949
110.9599
110.9711
110.9824
110.9933
111.0045
111.0155
111.0266
111.0377
111.0488
111.0598
111.071
111.0822
111.0932
111.1044
111.1156
111.1265
111.1377
111.1488
111.1598
111.171
111.182
111.1932
111.2043
111.2154
111.2264
111.2377
111.2489
111.2598
111.2711
111.2821
111.2931
111.3044
111.3153
111.3265
111.3375
111.3487
111.3598
111.3708
111.3819
111.393
111.4042
111.4154
111.4264
111.4376
111.4487
111.4596
111.4708
111.4819
111.4931
111.5042
111.5153
111.5264
111.5376
111.5486
111.5597
111.571
111.5821
111.593
111.6042
111.6154
111.6262
111.6374
111.6487
111.6598
111.6707
111.6819
111.693
111.704
111.7152
111.7263
111.7375
111.7485
111.7597
111.7707
111.7817
111.7929
111.8041
111.8151
111.8263
111.8372
111.8484
111.8595
111.8707
111.8818
111.8928
111.9041
111.9152
111.9261
111.9374
111.9484
111.9594
111.9707
111.9818
111.9928
112.004
112.015
112.0261
112.0373
112.0485
112.0594
112.0706
112.0817
112.0927
112.1042
112.1151
112.1261
112.1373
112.1483
112.1595
112.1704
112.1817
112.1927
112.2038
112.215
112.2261
112.2371
112.2486
112.3372
112.3482
112.3594
112.3704
112.3817
112.3926
112.4038
112.4148
112.4258
112.4372
112.4481
112.4592
112.4704
112.4815
112.4926
112.5037
112.5148
112.5258
112.537
112.5484
112.5591
112.5702
112.5814
112.5924
112.6037
112.6147
112.6258
112.6368
112.648
112.6591
112.6703
112.6814
112.6925
112.7037
112.8701
112.8814
112.8923
112.9035
112.9145
112.9257
112.9368
112.9478
112.9594
112.97
112.9812
112.9924
113.0035
113.0145
113.0257
113.0367
113.0478
113.0588
113.0701
113.0812
113.0923
113.1033
113.1145
113.1255
113.1368
113.1478
113.159
113.17
113.181
113.1921
113.2033
113.2144
113.2255
113.2366
113.2479
113.2588
113.27
113.2812
113.2921
113.3033
113.3144
113.3255
113.3366
113.3477
113.3588
113.37
113.3811
113.3921
113.4033
113.4143
113.4254
113.4367
113.4476
113.4588
113.4699
113.4811
113.492
113.5032
113.5142
113.5255
113.5365
113.5475
113.5586
113.5698
113.5809
113.592
113.6032
113.6142
113.6254
113.6364
113.6475
113.6586
113.6697
113.6809
113.6919
113.7031
113.7142
113.7253
113.7364
113.7474
113.7588
113.7698
113.781
113.7919
113.803
113.8141
113.8252
113.8363
113.8475
113.8585
113.8698
113.8809
113.8918
113.9029
113.9142
113.9251
113.9366
113.9473
113.9584
113.9698
113.9807
113.9918
114.003
114.0141
114.0251
114.0363
114.0473
114.0584
114.0695
114.0808
114.0918
114.103
114.1141
114.125
114.1362
114.1473
114.1585
114.1695
114.1807
114.1916
114.2027
114.2141
114.2249
114.2361
114.2473
114.2583
114.2694
114.2806
114.3582
114.3693
114.3806
114.3918
114.4029
114.4138
114.4249
114.436
114.4471
114.4582
114.4693
114.4805
114.4916
114.5026
114.5138
114.5254
114.5359
114.5475
114.5582
114.5693
114.5804
114.5914
114.6026
114.6137
114.6248
114.636
114.6472
114.6581
114.6692
114.6803
114.6915
114.7026
114.7137
114.7247
114.736
114.7474
114.758
114.7692
114.7804
114.7913
114.8025
114.8137
114.8247
114.8358
114.847
114.858
114.8692
114.8803
114.8914
114.9024
114.9136
114.9246
114.936
114.9469
114.9579
114.9692
114.9802
114.9913
115.0024
115.0135
115.0246
115.0359
115.0468
115.058
115.069
115.0801
115.0912
115.1025
115.1134
115.1245
115.1356
115.1467
115.1579
115.1689
115.1802
115.1912
115.2025
115.2134
115.2245
115.2357
115.2468
115.2579
115.2692
115.2803
115.2911
115.3024
115.3133
115.3247
115.3357
115.3466
115.3578
115.3688
115.3801
115.3911
115.4022
115.4134
115.4245
115.4357
115.4466
115.4578
115.4688
115.4799
115.4912
115.5022
115.5132
115.5244
115.5359
115.5466
115.5576
115.5688
115.5799
115.591
115.6021
115.6131
115.6243
115.6354
115.6467
115.6576
115.6689
115.6799
115.6912
115.7022
115.7132
115.7243
115.7353
115.7466
115.7575
115.7688
115.7798
115.7909
115.8021
115.8131
115.8242
115.8353
115.8464
115.8575
115.8687
115.8797
115.891
115.9021
115.9132
115.9241
115.9353
115.9464
115.9575
115.9686
115.9797
115.9908
116.0021
116.0129
116.0241
116.0352
116.0465
116.0573
116.0685
116.0796
116.0907
116.102
116.1131
116.1241
116.1352
116.1462
116.1574
116.1686
116.1797
116.1907
116.2019
116.2131
116.224
116.2352
116.2462
116.2574
116.2686
116.2796
116.2906
116.3018
116.3129
116.3239
116.3354
116.3463
116.3573
116.3684
116.3795
116.3905
116.4017
116.4129
116.424
116.4352
116.4461
116.4571
116.4684
116.4796
116.4906
116.5016
116.5129
116.5238
116.5351
116.5461
116.5571
116.5683
116.5795
116.5905
116.6016
116.6127
116.6238
116.635
116.6461
116.6571
116.6683
116.6794
116.6904
116.7016
116.7127
116.7237
116.857
116.8683
116.8794
116.8904
116.9015
116.9129
116.9238
116.9348
116.9459
116.9569
116.968
116.9793
116.9903
117.0014
117.0125
117.0236
117.0348
117.0459
117.0569
117.0681
117.0792
117.0902
117.1015
117.1125
117.1236
117.1347
117.1458
117.1569
117.1681
117.1792
117.1902
117.2015
117.2124
117.2236
117.2346
117.2458
117.2569
117.268
117.2792
117.2903
117.3013
117.3124
117.3235
117.3348
117.3457
117.357
117.3679
117.379
117.39
117.4011
117.4124
117.4234
117.4347
117.4456
117.4572
117.4678
117.4789
117.4901
117.5013
117.5123
117.5233
117.5345
117.5456
117.5569
117.5678
117.5788
117.59
117.6013
117.6124
117.6233
117.6344
117.6456
117.657
117.6678
117.6789
117.6899
117.7011
117.7121
117.7233
117.7345
117.7454
117.7565
117.7678
117.7789
117.7899
117.8011
117.8122
117.8233
117.8343
117.8455
117.8569
117.8676
117.8788
117.8898
117.9009
117.9121
117.9232
117.9344
117.9455
117.9565
117.9676
117.9789
117.9898
118.0009
118.012
118.0231
118.0343
118.0454
118.0564
118.0675
118.0788
118.0898
118.1009
118.1121
118.123
118.1342
118.1454
118.1564
118.1675
118.1786
118.1897
118.2008
118.2121
118.2231
118.2341
118.2454
118.2563
118.2675
118.3562
118.3674
118.3785
118.3896
118.4006
118.4118
118.4229
118.434
118.4454
118.4564
118.4674
118.4785
118.4895
118.5008
118.5119
118.5228
118.5339
118.5455
118.5563
118.5673
118.5784
118.5897
118.6007
118.6118
118.6228
118.634
118.6452
118.6561
118.6672
118.6784
118.6896
118.7006
118.7117
118.7228
118.7338
118.745
118.7562
118.7672
118.7783
118.7894
118.8005
118.8117
118.8227
118.8339
118.8451
118.856
118.8672
118.8783
118.8893
118.9005
118.9118
118.9226
118.9339
118.9449
118.9562
118.9673
118.9783
118.9893
119.0004
119.0116
119.0226
119.0337
119.045
119.0559
119.0672
119.0781
119.0893
119.1003
119.1114
119.1225
119.1338
119.1449
119.1558
119.167
119.1782
119.1893
119.2003
119.2116
119.2226
119.2336
119.2449
119.2558
119.267
119.2781
119.2891
119.3002
119.3113
119.3224
119.3336
119.3447
119.3559
119.3669
119.3783
119.3891
119.4002
119.4113
119.4223
119.4335
119.4447
119.4558
119.467
119.478
119.489
119.5002
119.5112
119.5223
119.5335
119.5446
119.5557
119.5668
119.5779
119.589
119.6001
119.6113
119.6223
119.6335
119.6446
119.6556
119.6668
119.6778
119.6891
119.7001
119.7111
119.7222
119.7333
119.7446
119.7556
119.7667
119.7778
119.789
119.7999
119.8111
119.8225
119.8334
119.8446
119.8554
119.8666
119.8779
119.8888
119.9
119.9112
119.9222
119.9332
119.9446
119.9554
119.9669
119.9779
119.9889
120
120.0111
120.0222
120.0332
120.0444
120.0554
120.0667
120.0776
120.0888
120.0998
120.1111
120.1221
120.1333
120.1444
120.1555
120.167
120.1776
120.1886
120.1998
120.2111
120.222
120.2331
120.2442
120.2553
120.2666
120.2776
120.2887
120.2998
120.3109
120.322
120.333
120.3441
120.3553
120.3663
120.3775
120.3887
120.3997
120.4109
120.422
120.433
120.4441
120.4552
120.4665
120.4774
120.4885
120.4996
120.5108
120.5219
120.533
120.5442
120.5551
120.5663
120.5773
120.5884
120.5996
120.6108
120.6219
120.6329
120.6441
120.6551
120.6662
120.6773
120.6885
120.6995
120.7106
120.7218
120.7328
120.7441
120.7551
120.7662
120.7773
120.7884
120.7995
120.8106
120.8217
120.8328
120.8439
120.855
120.8663
120.8773
120.8884
120.8995
120.9105
120.9216
120.9329
120.9438
120.9551
120.9661
120.9772
120.9884
120.9995
121.0105
121.0216
121.0327
121.0441
121.055
121.066
121.0771
121.0884
121.0994
121.1107
121.1215
121.1326
121.1438
121.1549
121.166
121.177
121.1882
121.1993
121.2104
121.2216
121.2328
121.2438
121.2548
121.2661
121.2771
121.2883
121.2996
121.3103
121.3215
121.3326
121.3437
121.3549
121.3664
121.377
121.3882
121.3992
121.4105
121.4215
121.4326
121.4436
121.4559
121.4665
121.4769
121.4882
121.4993
121.5104
121.5214
121.5324
121.5437
121.5549
121.5661
121.5769
121.5881
121.5991
121.6103
121.6214
121.6326
121.6436
121.6546
121.6659
121.6768
121.6879
121.699
121.7102
121.7214
121.7324
121.7434
121.7547
121.7658
121.7768
121.7879
121.799
121.8102
121.8214
121.8323
121.8435
121.8546
121.8657
121.8767
121.8881
121.8989
121.9101
121.9214
121.9322
121.9433
121.9545
121.9655
121.9767
121.9878
121.9988
122.0101
122.0212
122.0323
122.0433
122.0545
122.0655
122.0767
122.0878
122.0989
122.1101
122.1211
122.1323
122.1433
122.1545
122.1655
122.1769
122.1877
122.1988
122.2099
122.2211
122.2322
122.2432
122.2543
122.2656
122.2766
122.2877
122.2988
122.3099
122.3211
122.3323
122.3432
122.3543
122.3654
122.3765
122.3877
122.3988
122.4097
122.4209
122.4321
122.4432
122.4543
122.4653
122.4764
122.4877
122.4986
122.5097
122.5212
122.5319
122.5431
122.5543
122.5655
122.5764
122.5876
122.5986
122.6097
122.6208
122.6319
122.6431
122.6542
122.6654
122.6764
122.6875
122.6985
122.7097
122.7207
122.7319
122.7429
122.7542
122.7653
122.7764
122.7873
122.7985
122.8096
122.8208
122.8318
122.8428
122.854
122.8652
122.8762
122.8874
122.8985
122.9097
122.9207
122.9317
122.9428
122.9541
122.9651
122.9766
122.9875
122.9984
123.0096
123.0206
123.0318
123.0428
123.054
123.0651
123.0761
123.0874
123.0985
123.1096
123.1207
123.1317
123.1428
123.1541
123.165
123.1765
123.1872
123.1983
123.2094
123.2206
123.2317
123.2427
123.2539
123.2651
123.2761
123.2872
123.2983
123.3095
123.3206
123.3316
123.3427
123.3539
123.3648
123.376
123.3871
123.3981
123.4093
123.4206
123.4315
123.4426
123.4537
123.4649
123.476
123.487
123.4982
123.5092
123.5203
123.5315
123.5426
123.5539
123.5649
123.576
123.5872
123.5981
123.6092
123.6203
123.6314
123.6426
123.6537
123.6649
123.6758
123.6869
123.6981
123.7092
123.7204
123.7314
123.7425
123.7537
123.7648
123.7759
123.787
123.798
123.8092
123.8203
123.8315
123.8424
123.8539
123.8646
123.8758
123.887
123.8979
123.9096
123.9202
123.9314
123.9979
124.009
124.0202
124.0312
124.0426
124.0535
124.0645
124.0756
124.0869
124.0979
124.1093
124.1201
124.1312
124.1422
124.1535
124.1645
124.1757
124.1868
124.1978
124.2089
124.22
124.2311
124.2422
124.2536
124.2647
124.2755
124.2868
124.2978
124.309
124.32
124.3311
124.3422
124.3534
124.3644
124.3755
124.3866
124.3979
124.4088
124.4199
124.431
124.4422
124.4533
124.4643
124.4754
124.4866
124.4977
124.5088
124.5199
124.5309
124.5421
124.5534
124.5645
124.5754
124.5866
124.5979
124.6087
124.6199
124.631
124.6421
124.6531
124.6644
124.6756
124.6865
124.6975
124.7087
124.72
124.7309
124.7421
124.7531
124.7642
124.7753
124.7866
124.7975
124.8086
124.8199
124.8308
124.8419
124.8531
124.8641
124.8756
124.8866
124.8976
124.9086
124.9197
124.9307
124.9418
124.9533
124.964
124.9759
124.9863
124.9974
125.0085
125.0197
125.0308
125.0419
125.0531
125.064
125.076
125.0864
125.0975
125.1084
125.1196
125.1308
125.1417
125.153
125.1639
125.1755
125.1861
125.1974
125.2084
125.2197
125.2307
125.2417
125.2529
125.264
125.2756
125.2862
125.2972
125.3083
125.3195
125.3307
125.3417
125.3527
125.364
125.4753
125.4861
125.4972
125.5082
125.5194
125.5305
125.5417
125.5528
125.5638
125.5756
125.586
125.5972
125.6081
125.6193
125.6304
125.6416
125.6528
125.6638
125.675
125.6862
125.6976
125.7081
125.7193
125.7305
125.7416
125.7528
125.7639
125.7747
125.7862
125.797
125.8081
125.8192
125.8304
125.8414
125.8526
125.8637
125.8747
125.886
125.897
125.9083
125.9193
125.9303
125.9413
125.9524
125.9637
125.9746
125.9858
125.997
126.008
126.0191
126.0303
126.0413
126.0524
126.0638
126.0746
126.0857
126.0971
126.108
126.1191
126.1303
126.1413
126.1525
126.1635
126.1745
126.1866
126.197
126.2079
126.2191
126.2302
126.2413
126.2525
126.2635
126.2747
126.2857
126.4633
126.4744
126.4859
126.4967
126.5078
126.519
126.53
126.541
126.5523
126.5633
126.5744
126.5856
126.5967
126.6077
126.6189
126.63
126.6411
126.6521
126.6632
126.6743
126.6856
126.6965
126.7076
126.7187
126.7299
126.7409
126.7521
126.7633
126.7742
126.7855
126.7965
126.8076
126.8187
126.8299
126.841
126.8521
126.8632
126.8742
126.8854
126.8965
126.9076
126.9187
126.9297
126.9409
126.9521
126.9633
126.9742
126.9856
126.9965
127.0075
127.0188
127.0299
127.0408
127.052
127.0631
127.0741
127.0854
127.0964
127.1075
127.1187
127.1298
127.1408
127.1521
127.163
127.174
127.1853
127.1963
127.2074
127.2186
127.2297
127.2407
127.2519
127.263
127.274
127.2851
