0
0.02
0.3533334
0.4329473
0.4436831
0.4542069
0.4610011
0.468477
0.479133
0.4900627
0.5009465
0.5121133
0.5232397
0.53417
0.5454289
0.5565172
0.567665
0.5787926
0.5901285
0.6010519
0.6124315
0.6230375
0.6343009
0.6454532
0.6567261
0.6677244
0.6788856
0.689712
0.7009417
0.712064
0.7231598
0.734297
0.7452658
0.756622
0.7675874
0.7784634
0.7895377
0.800719
0.8118153
0.823189
0.8344215
0.8453996
0.8563067
0.867487
0.8786237
0.8895056
0.9007654
0.9119523
0.9228693
0.9342349
0.9452894
0.9562809
0.9675999
0.9786577
0.9895129
1.000621
1.011921
1.022991
1.03406
1.045204
1.05617
1.067565
1.078509
1.089597
1.10074
1.111727
1.125204
1.139035
1.150109
1.161211
1.172376
1.183456
1.194734
1.205879
1.216868
1.227933
1.238885
1.250069
1.261281
1.272197
1.283459
1.294477
1.305801
1.3167
1.327803
1.338822
1.350007
1.361123
1.372258
1.383651
1.394474
1.405769
1.416623
1.427735
1.438798
1.449864
1.461308
1.472177
1.483225
1.494642
1.505547
1.516599
1.527724
1.538745
1.549951
1.561102
1.572012
1.583194
1.594393
1.605449
1.616508
1.627613
1.638729
1.649839
1.660995
1.672039
1.683385
1.694288
1.705315
1.716545
1.727697
1.738653
1.749719
1.760935
1.77196
1.783105
1.794191
1.805517
1.816379
1.827499
1.838656
1.849724
1.861
1.871907
1.883184
1.894289
1.905181
1.916447
1.927681
1.938527
1.949751
1.960908
1.971833
1.983097
1.994226
2.005173
2.016539
2.027625
2.038487
2.049744
2.060675
2.071777
2.082971
2.09401
2.105211
2.116186
2.127561
2.138413
2.149696
2.160651
2.171745
2.183093
2.193987
2.205053
2.216284
2.22737
2.238394
2.249536
2.260732
2.271764
2.283145
2.294047
2.305071
2.316293
2.327383
2.338305
2.349421
2.360552
2.371652
2.382764
2.394038
2.404967
2.416243
2.427284
2.438289
2.449382
2.460606
2.471596
2.482835
2.493828
2.504895
2.516151
2.527118
2.538221
2.549496
2.560468
2.571525
2.582673
2.593726
2.604873
2.616189
2.627193
2.638225
2.649277
2.660425
2.671579
2.682643
2.693711
2.704872
2.716133
2.727129
2.738094
2.749233
2.760404
2.771532
2.782585
2.793751
2.804777
2.815888
2.827059
2.838086
2.849209
2.860531
2.871367
2.882695
2.893745
2.904753
2.915847
2.927097
2.938037
2.949125
2.960238
2.971407
2.982449
2.993708
3.004703
3.015845
3.026963
3.038013
3.049193
3.060216
3.071307
3.08261
3.093527
3.104603
3.115916
3.126899
3.137943
3.149085
3.160243
3.171206
3.182377
3.193465
3.204553
3.215777
3.226826
3.237969
3.249027
3.260098
3.271187
3.282506
3.293748
3.304736
3.315676
3.326825
3.337876
3.348986
3.360025
3.371137
3.382431
3.39358
3.404527
3.415589
3.426706
3.437786
3.448886
3.459995
3.471108
3.482217
3.493342
3.504408
3.515576
3.526633
3.537732
3.54898
3.559928
3.571083
3.582157
3.593292
3.604361
3.615597
3.62667
3.637677
3.648769
3.659945
3.671255
3.682125
3.693638
3.704425
3.715452
3.726742
3.737694
3.748764
3.759867
3.770972
3.782049
3.793257
3.804295
3.815362
3.831011
3.84061
3.847475
3.86
3.868546
3.879717
3.898515
3.90752
3.919725
3.929588
3.936425
3.946204
3.954827
3.966033
3.979275
3.987953
3.999215
4.012426
4.02477
4.032484
4.043726
4.054823
4.065758
4.076864
4.087915
4.099062
4.110161
4.121387
4.132516
4.143728
4.154543
4.165986
4.177019
4.187905
4.199024
4.210106
4.221187
4.232581
4.243608
4.254493
4.265805
4.276835
4.287837
4.299029
4.310326
4.321521
4.332283
4.343563
4.354431
4.365539
4.377082
4.38785
4.398933
4.410367
4.421892
4.433407
4.44485
4.456316
4.467921
4.479497
4.490875
4.50232
4.513975
4.525669
4.536761
4.548424
4.559654
4.570649
4.581771
4.592821
4.603836
4.615613
4.626228
4.637277
4.648335
4.65947
4.670472
4.681711
4.692798
4.703858
4.715364
4.726165
4.737104
4.74824
4.759315
4.770616
4.781542
4.792804
4.803751
4.815276
4.826114
4.837232
4.848325
4.859316
4.870392
4.881541
4.892979
4.903717
4.91517
4.926043
4.937055
4.948225
4.959268
4.970344
4.98162
4.992638
5.00364
5.015088
5.026002
5.037
5.04854
5.059382
5.070318
5.081457
5.092884
5.103698
5.115073
5.125903
5.136908
5.148115
5.159111
5.170246
5.181398
5.19253
5.203557
5.215269
5.226171
5.236918
5.248098
5.259246
5.270242
5.281388
5.292601
5.303545
5.315118
5.325862
5.336844
5.348089
5.359228
5.3702
5.381261
5.392376
5.403497
5.41476
5.425783
5.436784
5.448001
5.459118
5.470145
5.481196
5.492322
5.503391
5.51456
5.525779
5.536721
5.547922
5.558996
5.570208
5.581162
5.592308
5.60337
5.614603
5.625765
5.636717
5.647859
5.65889
5.670006
5.681132
5.69272
5.703523
5.714436
5.72574
5.736634
5.747736
5.758897
5.769945
5.781039
5.792683
5.803255
5.814339
5.825484
5.836547
5.847686
5.858857
5.869929
5.881138
5.892238
5.903223
5.914298
5.925684
5.936529
5.947629
5.958854
5.969867
5.980934
5.992131
6.003201
6.014321
6.025476
6.036559
6.047649
6.05877
6.069808
6.080879
6.092013
6.103171
6.114391
6.1254
6.136426
6.147669
6.158663
6.169819
6.180878
6.192677
6.203029
6.214155
6.225495
6.236377
6.247514
6.258617
6.269701
6.280963
6.292454
6.303123
6.314209
6.325325
6.336351
6.347541
6.358672
6.369677
6.380889
6.391881
6.403131
6.414131
6.425252
6.436269
6.447398
6.458841
6.469599
6.480791
6.491835
6.503019
6.51408
6.525167
6.536242
6.547365
6.558626
6.569534
6.580651
6.591803
6.602871
6.613994
6.625234
6.636196
6.647349
6.658518
6.669513
6.680738
6.69265
6.702744
6.713931
6.725171
6.736183
6.747306
6.758356
6.769533
6.780637
6.791796
6.802863
6.813941
6.825102
6.836155
6.847248
6.858402
6.869401
6.880605
6.891685
6.90272
6.91404
6.924951
6.936113
6.94715
6.9584
6.969447
6.980532
6.991945
7.002692
7.013807
7.02496
7.036002
7.04731
7.058231
7.069348
7.080531
7.091695
7.102876
7.113855
7.125003
7.136241
7.147183
7.158299
7.169314
7.180471
7.191471
7.202547
7.213659
7.224959
7.235921
7.247016
7.258247
7.269218
7.280624
7.291514
7.302577
7.31362
7.324778
7.335866
7.346978
7.358057
7.369196
7.380286
7.391374
7.402746
7.413574
7.424793
7.435884
7.446995
7.458694
7.469078
7.480218
7.491338
7.502423
7.51357
7.52488
7.535747
7.547132
7.557935
7.569079
7.580162
7.591368
7.602413
7.613509
7.624646
7.635707
7.646827
7.657941
7.669029
7.680237
7.691421
7.702322
7.713433
7.724736
7.735698
7.746929
7.757915
7.769032
7.78011
7.791245
7.802557
7.813436
7.824573
7.835557
7.846853
7.858254
7.869179
7.880167
7.891365
7.902314
7.913341
7.924517
7.935495
7.946605
7.9581
7.968863
7.979958
7.991069
8.002197
8.013308
8.024458
8.035484
8.04657
8.057828
8.069134
8.079884
8.090985
8.102725
8.113176
8.124401
8.135409
8.146648
8.157706
8.168777
8.179893
8.190979
8.202184
8.213788
8.268761
8.280068
8.291142
8.302032
8.313149
8.324244
8.335351
8.346511
8.357546
8.368795
8.379768
8.390941
8.402067
8.413077
8.424235
8.435455
8.446403
8.457624
8.468671
8.479722
8.491001
8.501925
8.513125
8.52423
8.535255
8.546401
8.55755
8.568533
8.579676
8.590893
8.601941
8.613056
8.62417
8.635302
8.646318
8.657567
8.668621
8.679719
8.690722
8.701841
8.712931
8.724132
8.735291
8.74631
8.757464
8.768883
8.779575
8.790868
8.801823
8.812921
8.824141
8.835187
8.846395
8.857413
8.868473
8.879566
8.890882
8.901882
8.912834
8.924223
8.935032
8.946207
8.957255
8.968514
8.979472
8.990727
9.001667
9.012859
9.024379
9.03506
9.04608
9.057347
9.068392
9.07942
9.090645
9.101772
9.112692
9.124193
9.13497
9.146208
9.157507
9.168441
9.179595
9.190559
9.201579
9.212694
9.224348
9.23493
9.246077
9.257164
9.268332
9.279382
9.290571
9.301588
9.312656
9.323956
9.335162
9.345966
9.357115
9.368146
9.379266
9.390471
9.401772
9.412589
9.424028
9.434913
9.445875
9.457272
9.468133
9.479259
9.49055
9.501473
9.512557
9.523944
9.535015
9.545856
9.55708
9.568116
9.579169
9.590359
9.601613
9.612542
9.623745
9.634702
9.645802
9.656877
9.66813
9.679195
9.690295
9.701301
9.712593
9.723823
9.734762
9.745768
9.756905
9.768102
9.77977
9.790251
9.801359
9.812523
9.823549
9.834605
9.845823
9.856814
9.867949
9.879184
9.890197
9.901264
9.912318
9.923967
9.93467
9.945731
9.956781
9.967918
9.979072
9.99015
10.00115
10.01248
10.02349
10.03473
10.04569
10.05678
10.06788
10.07902
10.09006
10.10113
10.11226
10.12342
10.13456
10.14576
10.15667
10.16784
10.17893
10.18999
10.20121
10.21225
10.22339
10.23458
10.24551
10.25675
10.268
10.27892
10.29001
10.30113
10.31233
10.32333
10.33428
10.34548
10.35671
10.36767
10.37898
10.39004
10.40115
10.41211
10.4232
10.43433
10.4454
10.4565
10.46758
10.47882
10.48982
10.50093
10.51206
10.5233
10.53434
10.54547
10.55648
10.56768
10.57877
10.58981
10.60086
10.61212
10.62323
10.63422
10.64531
10.65644
10.66753
10.67868
10.68971
10.70099
10.71193
10.72316
10.73429
10.74533
10.75639
10.76744
10.77878
10.78984
10.80101
10.81194
10.82303
10.83418
10.84523
10.85647
10.86742
10.87854
10.88963
10.90077
10.91203
10.92299
10.93409
10.94527
10.95632
10.96763
10.97862
10.9897
11.0007
11.01194
11.023
11.03402
11.04518
11.05619
11.06737
11.07867
11.08961
11.10065
11.11187
11.12286
11.13408
11.14506
11.1564
11.16732
11.17847
11.18952
11.20058
11.21188
11.22287
11.23398
11.24505
11.2561
11.26725
11.2784
11.28955
11.30052
11.31175
11.32306
11.33423
11.34507
11.35605
11.36717
11.37835
11.38941
11.40047
11.41179
11.42282
11.43383
11.44491
11.45606
11.4671
11.47841
11.48933
11.50043
11.51165
11.52269
11.53384
11.54486
11.55604
11.5671
11.57824
11.5893
11.60052
11.61153
11.62277
11.63392
11.64489
11.65608
11.66705
11.67818
11.68943
11.70035
11.71149
11.72273
11.73368
11.7449
11.75595
11.76699
11.77805
11.78936
11.80029
11.81157
11.82265
11.83386
11.84491
11.85582
11.86705
11.87808
11.88913
11.90024
11.91153
11.92267
11.93358
11.94493
11.95591
11.96689
11.97805
11.98936
12.00033
12.0114
12.02254
12.03362
12.04466
12.05574
12.06686
12.07793
12.089
12.10026
12.11125
12.12236
12.13349
12.14469
12.15571
12.16689
12.17792
12.18903
12.2001
12.21122
12.22239
12.23342
12.24458
12.25573
12.26679
12.27785
12.28909
12.30005
12.31119
12.32229
12.33337
12.34458
12.35568
12.36669
12.378
12.38891
12.40014
12.41121
12.42234
12.43331
12.44453
12.45556
12.46666
12.47775
12.489
12.49991
12.5112
12.52219
12.53325
12.54454
12.55553
12.56668
12.57774
12.58879
12.59989
12.61123
12.62226
12.63326
12.64433
12.6554
12.66652
12.67764
12.68872
12.69989
12.71113
12.72211
12.73324
12.74433
12.75546
12.76648
12.77751
12.78882
12.79977
12.81098
12.82207
12.8331
12.84424
12.85532
12.86641
12.87774
12.88875
12.89982
12.9109
12.9222
12.93312
12.94415
12.95525
12.96659
12.97744
12.98862
12.99977
13.01088
13.02197
13.03316
13.04418
13.0553
13.06643
13.07746
13.08867
13.09973
13.11087
13.12195
13.13307
13.14425
13.15528
13.16627
13.17762
13.18856
13.19968
13.2108
13.22179
13.23311
13.24403
13.25576
13.2662
13.27757
13.28841
13.29964
13.31073
13.32269
13.33295
13.34406
13.35508
13.3664
13.37727
13.38843
13.3996
13.41061
13.42178
13.43332
13.44393
13.45503
13.46614
13.47731
13.48835
13.49953
13.5107
13.52172
13.53314
13.54389
13.55496
13.56614
13.57738
13.58833
13.59943
13.61052
13.62179
13.63288
13.64389
13.65499
13.66611
13.67714
13.68829
13.69931
13.71052
13.72156
13.73291
13.74371
13.75491
13.76597
13.77703
13.78836
13.79929
13.81052
13.82155
13.8327
13.84386
13.85485
13.86607
13.87705
13.88809
13.89946
13.91037
13.92145
13.93269
13.94389
13.95485
13.96596
13.97698
13.98813
13.99946
14.01032
14.02142
14.03263
14.04363
14.05471
14.06584
14.07693
14.08799
14.09918
14.11024
14.12152
14.13269
14.1437
14.15471
14.16584
14.17691
14.18808
14.1991
14.21019
14.22129
14.23247
14.24353
14.25464
14.26573
14.27691
14.28804
14.2992
14.31016
14.32122
14.33246
14.34348
14.35465
14.36564
14.37681
14.3879
14.39903
14.41011
14.42131
14.43236
14.44348
14.45452
14.46569
14.47674
14.48783
14.49895
14.51006
14.52114
14.53226
14.54333
14.55449
14.56559
14.57667
14.58785
14.59892
14.61002
14.62119
14.63225
14.6434
14.65443
14.66559
14.67665
14.68785
14.69887
14.71001
14.72117
14.7325
14.74349
14.75444
14.76563
14.77654
14.78797
14.79876
14.8099
14.82098
14.83232
14.84327
14.85435
14.86551
14.87657
14.88768
14.89889
14.90983
14.921
14.93209
14.9433
14.95436
14.96544
14.97648
14.98759
14.99876
15.00981
15.02093
15.03201
15.04322
15.05426
15.0654
15.07646
15.08787
15.09864
15.10978
15.12086
15.13195
15.14307
15.15421
15.16531
15.17639
15.18745
15.19863
15.20994
15.22094
15.23194
15.24307
15.25412
15.26531
15.27632
15.28751
15.29865
15.30964
15.32084
15.33185
15.34299
15.35413
15.3652
15.37628
15.38739
15.39854
15.4096
15.42071
15.43188
15.44293
15.45402
15.46521
15.47628
15.4873
15.49845
15.50957
15.52069
15.53179
15.54292
15.55406
15.56518
15.57614
15.58733
15.5984
15.6095
15.6206
15.63173
15.64288
15.65396
15.66507
15.6762
15.68737
15.69844
15.70954
15.72057
15.73165
15.74279
15.75389
15.76506
15.77604
15.78735
15.79837
15.80947
15.82047
15.83175
15.84274
15.85378
15.86497
15.8761
15.88722
15.89829
15.90936
15.92041
15.93179
15.94266
15.95375
15.96495
15.97601
15.98715
15.99824
16.00932
16.02036
16.03165
16.0426
16.0537
16.06488
16.07592
16.08705
16.09816
16.10926
16.12035
16.13164
16.14264
16.15378
16.16485
16.17592
16.18713
16.19806
16.20937
16.2203
16.23148
16.24261
16.25361
16.26473
16.27591
16.28691
16.29818
16.30913
16.32053
16.33135
16.34247
16.35373
16.36467
16.37578
16.38688
16.39805
16.40912
16.42023
16.43167
16.44248
16.45364
16.4647
16.47577
16.48679
16.49814
16.50907
16.52032
16.53129
16.54238
16.55347
16.5648
16.57565
16.58674
16.59804
16.60911
16.62039
16.63135
16.64238
16.65347
16.66462
16.67564
16.68671
16.6979
16.70897
16.72002
16.73125
16.74226
16.75338
16.76464
16.77552
16.78674
16.79788
16.80891
16.82006
16.83123
16.84239
16.85345
16.86445
16.87555
16.88665
17.00881
17.0199
17.031
17.04257
17.05337
17.06449
17.07552
17.08655
17.09766
17.10876
17.11983
17.13104
17.14242
17.15339
17.1644
17.17541
17.18663
17.19785
17.20873
17.22064
17.23101
17.24203
17.25311
17.26429
17.27534
17.28646
17.29771
17.30866
17.3197
17.33091
17.34199
17.35311
17.36442
17.37542
17.38651
17.39759
17.40862
17.41968
17.43094
17.44194
17.45305
17.46427
17.47526
17.48634
17.49759
17.50854
17.51966
17.53077
17.54196
17.55311
17.56418
17.57517
17.58629
17.59745
17.60855
17.61958
17.63087
17.64182
17.65292
17.66412
17.67515
17.68627
17.69755
17.70846
17.71954
17.73082
17.74273
17.7529
17.76408
17.77505
17.78627
17.79749
17.80841
17.81952
17.8307
17.84181
17.85291
17.86412
17.87501
17.88612
17.89741
17.90889
17.91948
17.93061
17.94169
17.95286
17.964
17.97501
17.98608
17.99726
18.00842
18.01943
18.03064
18.04166
18.05272
18.06387
18.07493
18.08607
18.09723
18.10826
18.11936
18.13064
18.1416
18.15266
18.16385
18.17496
18.18606
18.19723
18.20822
18.21933
18.23055
18.24161
18.25261
18.2639
18.27499
18.28593
18.29718
18.30829
18.31933
18.3304
18.34145
18.35253
18.36378
18.37486
18.3859
18.39707
18.40829
18.41928
18.4305
18.44143
18.45265
18.4639
18.47483
18.4858
18.49697
18.50814
18.5192
18.53036
18.54137
18.55248
18.56364
18.57467
18.58584
18.59687
18.60799
18.61909
18.63039
18.64133
18.65241
18.66368
18.67468
18.68577
18.69691
18.70802
18.71902
18.73026
18.74125
18.75241
18.76349
18.77456
18.78579
18.79681
18.80802
18.81895
18.83023
18.84133
18.85234
18.86347
18.87459
19.04116
19.05247
19.06341
19.07444
19.08553
19.09683
19.10785
19.11897
19.13014
19.14111
19.15218
19.16379
19.17441
19.18548
19.19659
19.20786
19.21882
19.23
19.24101
19.26325
19.32985
19.40786
19.41873
19.42994
19.4411
19.46317
19.47425
19.48534
19.50764
19.51867
19.52975
19.5409
19.5521
19.56319
19.57435
19.58529
19.59642
19.60768
19.61859
19.62974
19.64089
19.65193
19.66306
19.67426
19.68523
19.69634
19.70758
19.71864
19.72983
19.74079
19.75195
19.76297
19.77407
19.78521
19.79654
19.80765
19.81851
19.82961
19.84082
19.85184
19.86306
19.87414
19.88511
19.89625
19.90742
19.91876
19.92958
19.9409
19.95195
19.96294
19.97406
19.98506
19.99621
20.00766
20.01843
20.02961
20.04067
20.05194
20.06286
20.07391
20.08506
20.09614
20.10738
20.11848
20.12957
20.14064
20.15199
20.16281
20.17402
20.18507
20.19609
20.20728
20.21833
20.2296
20.24063
20.2518
20.26279
20.34064
20.35186
20.36271
20.37404
20.38487
20.39602
20.40726
20.41821
20.42933
20.44078
20.45162
20.46266
20.47393
20.48489
20.49611
20.50713
20.51814
20.5293
20.54067
20.55143
20.56261
20.57377
20.5848
20.59596
20.60714
20.61814
20.62925
20.64034
20.65152
20.66254
20.67379
20.68475
20.6959
20.70707
20.71809
20.72919
20.74033
20.7514
20.7625
20.77379
20.78473
20.79586
20.80716
20.81817
20.82922
20.84046
20.85135
20.86254
20.8737
20.88475
20.89586
20.90691
20.91797
20.92908
20.94019
20.95132
20.96261
20.97357
20.9846
20.99574
21.00699
21.01792
21.02903
21.04011
21.05123
21.06236
21.07359
21.08453
21.09562
21.10684
21.11815
21.12915
21.14008
21.15117
21.16228
21.17362
21.18476
21.1957
21.2068
21.21779
21.22896
21.2401
21.25126
21.26265
21.2735
21.28455
21.29559
21.3068
21.3178
21.32904
21.34009
21.35108
21.36222
21.3734
21.38447
21.3957
21.40667
21.41772
21.42903
21.44009
21.45115
21.46224
21.47329
21.48434
21.4955
21.50677
21.51769
21.52877
21.5399
21.5511
21.56214
21.5732
21.58437
21.5954
21.60651
21.61761
21.62877
21.63988
21.65094
21.66266
21.80643
21.81758
21.82866
21.84002
21.85083
21.86195
21.87307
21.88417
21.8954
21.90664
21.91743
21.92859
21.93968
21.95083
21.96195
21.97308
21.98411
21.99528
22.00661
22.01753
22.02866
22.03984
22.05087
22.06188
22.07299
22.08406
22.09511
22.10636
22.11748
22.12877
22.13964
22.15072
22.16192
22.17303
22.18406
22.19515
22.20674
22.21737
22.22846
22.23969
22.25076
22.26172
22.27297
22.28401
22.29508
22.30625
22.31732
22.32837
22.33956
22.35057
22.36188
22.37294
22.38391
22.3952
22.40609
22.41723
22.4285
22.4396
22.45054
22.46165
22.47282
22.48397
22.49511
22.5062
22.51754
22.52847
22.53944
22.55052
22.56162
22.57279
22.58391
22.59495
22.60623
22.61712
22.62844
22.63955
22.65058
22.66155
22.6728
22.68392
22.69486
22.70599
22.71711
22.72819
22.7394
22.75039
22.76154
22.77257
22.78391
22.79492
22.80594
22.81702
22.82817
22.83943
22.85032
22.86143
22.87267
22.88366
22.89489
22.90593
22.91697
22.92809
22.93925
22.95043
22.96156
22.97253
22.98386
22.99476
23.00597
23.01698
23.02803
23.03921
23.05025
23.06158
23.07269
23.08356
23.09471
23.10583
23.11695
23.12801
23.1393
23.15015
23.16138
23.1729
23.18351
23.19474
23.20584
23.21691
23.22793
23.2392
23.25016
23.26125
23.27255
23.28361
23.29462
23.30583
23.31673
23.32797
23.33908
23.35008
23.36122
23.37245
23.38338
23.39461
23.57235
23.58336
23.59448
23.60563
23.61671
23.62784
23.63879
23.65012
23.66114
23.67216
23.68335
23.69436
23.88321
23.89429
23.90538
23.91667
23.92762
23.93869
23.94982
23.96118
23.97203
23.98312
23.99428
24.00545
24.01643
24.02756
24.03861
24.04976
24.0611
24.072
24.08308
24.09421
24.10526
24.11642
24.12753
24.17226
24.183
24.22766
24.23854
24.24984
24.26076
24.27186
24.28296
24.29412
24.3052
24.31632
24.32766
24.33858
24.3496
24.36083
24.37188
24.38299
24.39414
24.40519
24.41628
24.42743
24.43857
24.44969
24.46096
24.47177
24.48313
24.49416
24.50509
24.51617
24.52736
24.53858
24.54955
24.5606
24.57175
24.58281
24.59393
24.60519
24.61631
24.62725
24.63835
24.64948
24.66054
24.67168
24.68276
24.69403
24.70504
24.71614
24.72719
24.73848
24.74938
24.76055
24.77169
24.78272
24.794
24.80523
24.81604
24.82717
24.83821
24.8494
24.86041
24.87152
24.8827
24.89382
24.90494
24.91606
24.9274
24.93821
24.94939
24.96058
24.97148
24.98261
24.99415
25.00496
25.01602
25.02729
25.03817
25.0493
25.06043
25.07156
25.08257
25.09377
25.10508
25.11591
25.127
25.13828
25.14922
25.16044
25.17144
25.18251
25.19362
25.20471
25.21595
25.22699
25.23805
25.24919
25.2602
25.27134
25.28255
25.34917
25.36029
25.37144
25.38241
25.3936
25.40458
25.41569
25.4272
25.43798
25.44905
25.46028
25.4714
25.48239
25.49347
25.50471
25.51565
25.52704
25.53797
25.54902
25.56021
25.57126
25.58233
25.59354
25.60446
25.61576
25.627
25.63794
25.6491
25.66004
25.67122
25.68236
25.6935
25.70462
25.71558
25.72689
25.73791
25.74903
25.76002
25.77112
25.78231
25.79327
25.80459
25.81552
25.82667
25.83773
25.84887
25.85999
25.87106
25.88267
25.89334
25.90444
25.9155
25.92661
25.93778
25.94896
25.95991
25.97098
25.98207
25.99328
26.00431
26.01545
26.02662
26.03764
26.04875
26.06013
26.071
26.08206
26.09334
26.27085
26.28238
26.29306
26.30421
26.31531
26.32643
26.33756
26.34857
26.3599
26.37086
26.38192
26.39307
26.40419
26.41522
26.42634
26.43749
26.44856
26.45965
26.47073
26.48183
26.49308
26.50415
26.51569
26.52623
26.53733
26.54853
26.5597
26.57068
26.58177
26.59288
26.60398
26.61512
26.62626
26.63735
26.64868
26.65952
26.67064
26.68175
26.69294
26.70413
26.71515
26.72635
26.73728
26.74839
26.7596
26.7706
26.78167
26.79277
26.804
26.81497
26.82617
26.83727
26.84836
26.85941
26.8707
26.88168
26.89279
26.90387
26.91499
26.92609
26.93721
26.94831
26.95946
26.9708
26.9816
26.99278
27.00388
27.01493
27.02615
27.03728
27.0483
27.05951
27.07072
27.08164
27.09266
27.10376
27.11489
27.12602
27.13714
27.14825
27.15928
27.17052
27.18162
27.19264
27.20379
27.21481
27.22615
27.23704
27.24815
27.44808
27.45935
27.47039
27.48138
27.53695
27.54793
27.57018
27.5813
27.59256
27.60359
27.61473
27.62582
27.63687
27.64803
27.65918
27.67017
27.68142
27.69254
27.70344
27.71472
27.72581
27.73684
27.74805
27.75917
27.77011
27.78118
27.79234
27.8036
27.81455
27.82564
27.83695
27.84791
27.8591
27.87014
27.88119
27.89238
27.90339
27.91448
27.92582
28.10334
28.11449
28.12549
28.13672
28.14768
28.15881
28.17004
28.18105
28.19235
28.20332
28.21432
28.2255
28.2366
28.24765
28.25883
28.27044
28.28105
28.29215
28.30337
28.31426
28.32554
28.33651
28.34759
28.35883
28.37047
28.38092
28.39203
28.40317
28.4142
28.42546
28.43653
28.44762
28.45886
28.46994
28.48085
28.49204
28.50328
28.51435
28.52534
28.53652
28.54755
28.55872
28.56972
28.58088
28.5919
28.6032
28.61413
28.6253
28.63634
28.64746
28.6586
28.66986
28.68072
28.69257
28.70294
28.7142
28.72524
28.73654
28.74741
28.75851
28.76966
28.78074
28.79184
28.80317
28.81404
28.8252
28.83644
28.84735
28.85852
28.86979
28.88068
28.89186
28.90299
28.91398
28.9251
28.93658
28.94732
28.95845
28.96971
28.98062
28.9918
29.00301
29.01393
29.0252
29.03638
29.04746
29.05863
29.06951
29.08063
29.0917
29.10284
29.11392
29.12509
29.1361
29.14722
29.15841
29.16957
29.18053
29.19161
29.20294
29.21395
29.22504
29.23616
29.24719
29.25828
29.26965
29.28048
29.29166
29.30278
29.31376
29.32489
29.33617
29.3471
29.35841
29.36932
29.38048
29.39166
29.40267
29.41471
29.42505
29.436
29.44732
29.45838
29.46925
29.48034
29.49168
29.50293
29.51372
29.52497
29.53604
29.54698
29.55822
29.56923
29.58028
29.59146
29.60251
29.61362
29.62481
29.63582
29.64711
29.6582
29.66926
29.68027
29.69139
29.70254
29.71358
29.72478
29.73586
29.74689
29.75807
29.76921
29.78028
29.79132
29.80259
29.81371
29.82478
29.83579
29.84692
29.85801
29.86926
29.88021
29.89135
29.90243
29.91349
29.92472
29.93567
29.94709
29.95799
29.969
29.98019
29.99121
30.00237
30.01345
30.0245
30.03562
30.04674
30.05827
30.06898
30.08015
30.09121
30.10229
30.11341
30.12458
30.13584
30.1467
30.15798
30.1691
30.18007
30.19121
30.20219
30.21331
30.22451
30.23591
30.24678
30.25778
30.26915
30.27999
30.29122
30.30223
30.31347
30.32447
30.33553
30.34673
30.35792
30.36898
30.38002
30.39124
30.4024
30.41324
30.42441
30.43543
30.44664
30.45769
30.46879
30.47995
30.49106
30.50212
30.51316
30.52429
30.53542
30.54649
30.55764
30.56891
30.57983
30.59093
30.60213
30.61325
30.62436
30.63532
30.64656
30.65774
30.6687
30.67977
30.69094
30.70199
30.71313
30.72432
30.73527
30.74641
30.75762
30.7687
30.77972
30.79089
30.80216
30.81304
30.82417
30.83529
30.84641
30.85753
30.86859
30.87977
30.89081
30.90189
30.91306
30.92407
30.9352
30.94631
30.95757
30.96851
30.9797
30.99074
31.00189
31.01303
31.02403
31.03514
31.04622
31.05752
31.06852
31.07959
31.09071
31.10179
31.1131
31.12402
31.13509
31.1463
31.15731
31.16844
31.17957
31.19072
31.20168
31.21291
31.22406
31.23505
31.24616
31.25746
31.26839
31.27949
31.29067
31.30166
31.31275
31.32399
31.33503
31.34613
31.35737
31.36833
31.37954
31.39056
31.40163
31.41287
31.424
31.43495
31.44616
31.4573
31.46823
31.47942
31.49059
31.50166
31.51273
31.52391
31.53498
31.546
31.55725
31.56824
31.57946
31.5905
31.60166
31.61263
31.62393
31.63487
31.64599
31.65717
31.66822
31.6794
31.69054
31.7015
31.71261
31.72371
31.73483
31.74592
31.75705
31.76815
31.77943
31.79035
31.80145
31.81255
31.82377
31.83472
31.84592
31.85706
31.86817
31.87949
31.89027
31.90141
31.91257
31.92359
31.93477
31.9458
31.95701
31.96803
31.97924
31.99024
32.00151
32.01254
32.02359
32.03466
32.04602
32.05696
32.06802
32.07925
32.09019
32.10129
32.11242
32.12366
32.13462
32.1457
32.15705
32.16792
32.17941
32.19022
32.20125
32.2124
32.22366
32.23454
32.24566
32.25693
32.26784
32.2793
32.29009
32.3012
32.31236
32.32344
32.33453
32.34562
32.35698
32.36783
32.37944
32.39016
32.40115
32.41225
32.42346
32.43439
32.44555
32.45681
32.46785
32.47912
32.48998
32.50113
32.51227
32.52365
32.53441
32.54554
32.55673
32.56774
32.57884
32.59004
32.60107
32.61217
32.62366
32.63435
32.64553
32.65667
32.66795
32.67908
32.69002
32.70096
32.71211
32.72329
32.73431
32.74541
32.75674
32.76759
32.77919
32.78989
32.80091
32.81204
32.82327
32.83427
32.8454
32.85648
32.86752
32.87875
32.88988
32.90094
32.91201
32.92327
32.93439
32.94532
32.95649
32.96755
32.97862
32.98971
33.0009
33.01197
33.02317
33.03415
33.04533
33.05642
33.06747
33.07887
33.08992
33.1008
33.11193
33.12309
33.13417
33.14527
33.15641
33.16746
33.17856
33.19003
33.20073
33.21188
33.22303
33.23406
33.24539
33.25653
33.26765
33.27849
33.28977
33.30123
33.31193
33.32296
33.33401
33.3454
33.35636
33.3673
33.37844
33.38969
33.40065
33.41188
33.4229
33.4339
33.44508
33.45639
33.46722
33.47865
33.4896
33.50065
33.51169
33.52286
33.53392
33.54501
33.55639
33.56724
33.57838
33.58944
33.60056
33.61166
33.62296
33.63383
33.64505
33.65622
33.66727
33.67826
33.68951
33.70045
33.7117
33.72312
33.73382
33.74511
33.75613
33.76717
33.77823
33.78951
33.80041
33.81156
33.82278
33.83377
33.84498
33.85619
33.86716
33.87818
33.88943
33.90037
33.91148
33.92268
33.93371
33.94482
33.956
33.96702
33.97823
33.98923
34.00039
34.01139
34.02265
34.03701
34.0503
34.05747
34.07156
34.07841
34.08545
34.09557
34.10633
34.11745
34.1286
34.13972
34.15178
34.16212
34.17464
34.18665
34.19869
34.2065
34.21746
34.22958
34.23961
34.25074
34.26504
34.27292
34.28432
34.29526
34.3064
34.3174
34.32869
34.33978
34.35067
34.36202
34.37295
34.38437
34.39542
34.40646
34.41728
34.4285
34.43947
34.45077
34.46215
34.47356
34.48552
34.49625
34.50776
34.51902
34.53036
34.54189
34.55326
34.56446
34.57582
34.58725
34.59856
34.60992
34.62153
34.63258
34.64389
34.65499
34.66647
34.67738
34.68872
34.6998
34.71108
34.72226
34.73331
34.7445
34.75565
34.76664
34.77778
34.7889
34.80005
34.81105
34.82253
34.83325
34.84452
34.8555
34.86661
34.87779
34.88896
34.89989
34.91107
34.92228
34.93321
34.94445
34.95564
34.96663
34.9777
34.98882
34.99979
35.01095
35.02227
35.03328
35.04425
35.05536
35.06656
35.07761
35.0889
35.0998
35.11111
35.12201
35.13318
35.14429
35.15533
35.16645
35.1776
35.1887
35.19978
35.21098
35.22216
35.23305
35.24434
35.25534
35.26646
35.27753
35.28866
35.2997
35.3109
35.32206
35.33302
35.34422
35.35524
35.36631
35.37749
35.3887
35.39965
35.41079
35.42192
35.43295
35.44407
35.45522
35.46644
35.47754
35.48847
35.49963
35.51075
35.52195
35.53291
35.54421
35.5552
35.56633
35.57742
35.58851
35.59954
35.61065
35.62187
35.63287
35.64402
35.6552
35.66623
35.67765
35.68845
35.69952
35.71078
35.72184
35.73292
35.74405
35.75528
35.76619
35.77744
35.78837
35.79941
35.81066
35.82176
35.83277
35.84382
35.85508
35.86608
35.87727
35.88843
35.89947
35.91062
35.92179
35.93272
35.94394
35.95494
35.96598
35.97713
35.9885
35.99945
36.01061
36.0217
36.03274
36.04387
36.05484
36.06603
36.07707
36.08825
36.09933
36.11053
36.12154
36.13262
36.14392
36.15484
36.16598
36.17723
36.1884
36.19936
36.21058
36.22152
36.23261
36.24377
36.2548
36.26616
36.27701
36.28838
36.29949
36.31042
36.32148
36.33255
36.34364
36.35484
36.36586
36.37719
36.38828
36.39925
36.41043
36.42137
36.43246
36.44383
36.4548
36.46585
36.47697
36.48817
36.49911
36.51036
36.52129
36.53242
36.54369
36.55464
36.56588
36.57699
36.58811
36.59905
36.61039
36.62131
36.63248
36.64346
36.65467
36.66604
36.67693
36.68798
36.69915
36.71034
36.72123
36.73239
36.74342
36.75451
36.76589
36.77676
36.78789
36.79896
36.81011
36.82124
36.83226
36.84341
36.85445
36.86557
36.87669
36.88778
36.89893
36.91002
36.92131
36.93222
36.94338
36.95444
36.9656
36.97684
36.98774
36.99916
37.0102
37.02105
37.03235
37.04327
37.0544
37.0655
37.07658
37.08767
37.09887
37.11004
37.12103
37.13219
37.14342
37.15432
37.16544
37.1766
37.18764
37.1988
37.20991
37.22096
37.2321
37.24318
37.25431
37.26547
37.27649
37.28773
37.29869
37.3098
37.32091
37.3321
37.34312
37.35425
37.36533
37.37643
37.38755
37.3987
37.40972
37.42086
37.43201
37.44318
37.45419
37.46541
37.47641
37.48751
37.49861
37.5097
37.52079
37.53191
37.54306
37.55432
37.56528
37.57633
37.58748
37.59868
37.60968
37.62077
37.63201
37.64329
37.65408
37.66516
37.67636
37.68738
37.69868
37.70965
37.72071
37.73184
37.74292
37.75416
37.76525
37.77632
37.78737
37.79847
37.80959
37.82072
37.83175
37.84289
37.85396
37.86525
37.87655
37.88734
37.89856
37.90963
37.92068
37.93188
37.94295
37.95395
38.02052
38.03163
38.04278
38.05391
38.0651
38.07605
38.08722
38.09834
38.10942
38.12052
38.13162
38.14278
38.15379
38.16512
38.17607
38.18714
38.19834
38.20969
38.2206
38.23167
38.24268
38.25378
38.26507
38.27612
38.28715
38.29818
38.30944
38.32041
38.33154
38.34264
38.35371
38.36489
38.37622
38.38703
38.39821
38.40928
38.42042
38.43148
38.44273
38.45369
38.46496
38.47592
38.48705
38.49812
38.50932
38.52036
38.53151
38.54261
38.55363
38.56472
38.57593
38.58703
38.59808
38.60917
38.62026
38.63134
38.64246
38.65351
38.66479
38.67596
38.68698
38.69806
38.70928
38.72023
38.73142
38.74248
38.75351
38.76463
38.77579
38.78692
38.79796
38.80934
38.82014
38.83125
38.84258
38.85346
38.86481
38.87574
38.88676
38.89788
38.90898
38.92016
38.93119
38.94238
38.95346
38.96478
38.97559
38.98674
38.99805
39.00908
39.02004
39.03133
39.04242
39.05343
39.06462
39.07578
39.08671
39.09779
39.1091
39.12002
39.13128
39.14232
39.15339
39.16446
39.17568
39.18668
39.19778
39.20893
39.21996
39.23128
39.24226
39.25333
39.26438
39.2756
39.28659
39.29772
39.30904
39.32001
39.33104
39.34228
39.35323
39.36442
39.37554
39.38669
39.39767
39.40892
39.41984
39.43095
39.44215
39.45325
39.46463
39.47554
39.48653
39.49768
39.50891
39.5201
39.5309
39.54221
39.55337
39.56437
39.57552
39.58646
39.5976
39.60883
39.61993
39.63106
39.64204
39.65305
39.66422
39.67538
39.68654
39.6977
39.70884
39.71972
39.73082
39.74214
39.75312
39.76416
39.77539
39.78663
39.79768
39.80869
39.81968
39.83104
39.84197
39.85297
39.86432
39.8753
39.8863
39.89782
39.90873
39.91957
39.93084
39.9419
39.95296
39.96403
39.97531
39.98627
39.9978
40.00851
40.01959
40.03076
40.04187
40.05289
40.06408
40.07509
40.08628
40.09764
40.10858
40.11953
40.13065
40.14191
40.15281
40.16396
40.1758
40.1861
40.19735
40.20847
40.21948
40.23074
40.24181
40.25285
40.26394
40.27514
40.28629
40.29726
40.30835
40.31941
40.33068
40.34177
40.35288
40.36381
40.37519
40.38612
40.39732
40.40838
40.41946
40.43047
40.44173
40.45271
40.46379
40.47499
40.48615
40.4971
40.50831
40.51931
40.53042
40.54153
40.55281
40.56375
40.57495
40.58628
40.59708
40.60828
40.61927
40.63047
40.64165
40.65262
40.66365
40.67491
40.68588
40.69708
40.70836
40.71933
40.73035
40.74171
40.75276
40.76364
40.77483
40.78598
40.79697
40.80815
40.81931
40.83027
40.8415
40.85258
40.86367
40.8748
40.88576
40.89702
40.90804
40.91911
40.93034
40.94148
40.9525
40.96354
40.97469
40.98571
40.99703
41.00805
41.01914
41.03027
41.04146
41.05236
41.06353
41.07473
41.08579
41.09681
41.10794
41.11903
41.13047
41.14132
41.15233
41.16348
41.17471
41.18569
41.19676
41.20791
41.21928
41.23012
41.24121
41.25257
41.2634
41.27445
41.28558
41.29668
41.30777
41.31885
41.33009
41.34108
41.3522
41.3634
41.37451
41.38558
41.3967
41.40776
41.4189
41.43002
41.44123
41.4522
41.46329
41.47445
41.48561
41.49662
41.50789
41.51884
41.53
41.54131
41.55211
41.56326
41.57455
41.58542
41.5966
41.60785
41.6189
41.62991
41.64128
41.65217
41.66318
41.6744
41.68542
41.69648
41.70771
41.71877
41.72984
41.74105
41.75272
41.7631
41.77418
41.7853
41.79655
41.80774
41.81871
41.82991
41.84114
41.85198
41.86307
41.8742
41.8853
41.89654
41.90764
41.91864
41.92987
41.94097
41.952
41.96317
41.97425
41.98524
41.99644
42.00748
42.01868
42.02969
42.04075
42.05216
42.063
42.0741
42.08522
42.09631
42.10753
42.11865
42.12963
42.14092
42.15184
42.16301
42.17406
42.18531
42.19627
42.2074
42.21847
42.22968
42.24073
42.25187
42.26305
42.27405
42.2851
42.44057
42.45177
42.46281
42.47399
42.48502
42.49615
42.50726
42.51835
42.52946
42.54052
42.55162
42.56284
42.57408
42.58497
42.59609
42.6072
42.61834
42.62935
42.64045
42.65153
42.66273
42.67383
42.68493
42.69601
42.70715
42.7182
42.7294
42.74053
42.75156
42.76265
42.77382
42.78493
42.79599
42.80713
42.81816
42.82937
42.84053
42.8517
42.86268
42.87365
42.88484
42.8959
42.90701
42.91813
42.92923
42.94059
42.95145
42.96255
42.97377
42.98476
42.99592
43.00711
43.01831
43.02944
43.04066
43.05138
43.06255
43.07373
43.08494
43.09594
43.10695
43.11802
43.12928
43.14024
43.15133
43.16243
43.17363
43.18467
43.19584
43.20702
43.21793
43.22922
43.24053
43.25128
43.2625
43.27357
43.28498
43.29577
43.30767
43.3179
43.32904
43.34018
43.35145
43.36241
43.37347
43.38465
43.39569
43.40705
43.41792
43.42898
43.44011
43.45123
43.46229
43.4734
43.48454
43.49567
43.507
43.51782
43.52894
43.54012
43.55112
43.56238
43.57349
43.58443
43.59554
43.60675
43.61777
43.62888
43.63995
43.65115
43.66234
43.67332
43.68445
43.69552
43.70656
43.71772
43.72894
43.73997
43.75107
43.76222
43.7732
43.78439
43.79561
43.80679
43.81774
43.82889
43.83994
43.85095
43.86208
43.87332
43.88439
43.89542
43.90658
43.91762
43.92875
43.9399
43.95095
43.96202
43.97325
43.98427
43.99543
44.00649
44.01767
44.02872
44.03992
44.05117
44.27299
44.28476
44.29522
44.30631
44.31747
44.32851
44.33969
44.35077
44.36189
44.37294
44.38411
44.39523
44.40644
44.41751
44.4285
44.43983
44.45084
44.4619
44.47298
44.48429
44.49521
44.50631
44.51735
44.52841
44.53967
44.55063
44.56211
44.57286
44.58395
44.59521
44.60625
44.61735
44.6284
44.63959
44.65057
44.66167
44.67308
44.6839
44.69499
44.70621
44.71729
44.72834
44.73959
44.75061
44.76173
44.77272
44.78389
44.79501
44.80616
44.81718
44.82831
44.83971
44.85051
44.86166
44.87277
44.88382
44.89492
44.90627
44.91714
44.92833
44.9395
44.9505
44.96156
44.97283
44.98375
44.99493
45.00597
45.01711
45.02818
45.03927
45.05061
45.06157
45.07264
45.08372
45.09489
45.10601
45.11731
45.12821
45.13932
45.15039
45.16143
45.1726
45.18362
45.19473
45.20584
45.21702
45.22814
45.23918
45.2503
45.26139
45.27275
45.28363
45.29491
45.30594
45.31697
45.32796
45.33916
45.35022
45.36139
45.3726
45.38356
45.39473
45.40591
45.4169
45.42799
45.43916
45.4502
45.46127
45.47246
45.48358
45.49474
45.50584
45.51686
45.52808
45.53922
45.55033
45.56124
45.57243
45.58349
45.59457
45.60581
45.61683
45.62801
45.63907
45.65012
45.66142
45.6723
45.6838
45.69451
45.7057
45.71674
45.72787
45.73906
45.75004
45.76116
45.77232
45.78336
45.79461
45.80573
45.81672
45.82776
45.83906
45.84999
45.86111
45.8723
45.88331
45.89443
45.9056
45.91659
45.92769
45.93888
45.94995
45.96102
45.97225
45.98331
45.99458
46.00551
46.01672
46.02792
46.03887
46.0499
46.06097
46.07209
46.0832
46.09446
46.10551
46.11655
46.12769
46.13891
46.15002
46.16107
46.17209
46.18317
46.19438
46.20544
46.21663
46.2276
46.23882
46.24982
46.26097
46.27206
46.2837
46.29418
46.30537
46.31665
46.32771
46.3387
46.34977
46.36086
46.37211
46.38306
46.39431
46.40535
46.41652
46.42755
46.43863
46.44984
46.4614
46.47206
46.48308
46.49422
46.50528
46.51633
46.52757
46.5389
46.54967
46.56091
46.57196
46.58295
46.5941
46.6052
46.61639
46.62761
46.63847
46.64958
46.66077
46.67197
46.68296
46.69402
46.70531
46.71626
46.72745
46.73861
46.74955
46.76067
46.77185
46.78291
46.79405
46.80534
46.81618
46.82735
46.83846
46.84975
46.86063
46.8718
46.8828
46.89406
46.90517
46.91614
46.92743
46.9384
46.94944
46.96053
46.9717
46.98275
46.99387
47.00511
47.01613
47.02722
47.03831
47.04943
47.06058
47.07174
47.08295
47.09383
47.10494
47.11601
47.12712
47.13839
47.14932
47.16046
47.17176
47.18281
47.19384
47.20507
47.21597
47.22714
47.23832
47.2493
47.26043
47.27166
47.28276
47.29372
47.30486
47.3159
47.32702
47.33816
47.3493
47.36037
47.3715
47.38255
47.39403
47.40482
47.4159
47.42699
47.43822
47.44955
47.46043
47.4715
47.48255
47.49374
47.50484
47.51583
47.52694
47.53805
47.54922
47.56024
47.57137
47.58277
47.59357
47.6048
47.61584
47.62695
47.63808
47.64914
47.66034
47.6715
47.6826
47.69353
47.7049
47.71573
47.72686
47.73796
47.74918
47.76021
47.77126
47.78245
47.79347
47.80461
47.82677
47.83792
47.84901
47.86019
47.87123
47.88239
47.89351
47.90453
47.91591
47.92687
47.93782
47.94909
47.96012
47.97123
47.98241
47.99339
48.00462
48.01595
48.02694
48.03791
48.04926
48.06005
48.0713
48.0824
48.09336
48.10452
48.11639
48.12672
48.13778
48.14883
48.15992
48.17112
48.18215
48.19326
48.20438
48.21556
48.22662
48.23771
48.24883
48.25987
48.27097
48.2822
48.29323
48.30438
48.31543
48.32664
48.33764
48.34876
48.35984
48.37094
48.38214
48.3932
48.40425
48.4154
48.42649
48.43761
48.44882
48.45984
48.47098
48.48224
48.49318
48.50428
48.51547
48.52649
48.53756
48.54867
48.55981
48.57085
48.58208
48.59315
48.6043
48.61558
48.6264
48.63757
48.64865
48.65971
48.6708
48.6819
48.69303
48.70423
48.71535
48.72636
48.73756
48.74858
48.75965
48.77107
48.78189
48.79305
48.80405
48.81525
48.82636
48.83742
48.84848
48.85968
48.87078
48.88183
48.89315
48.90403
48.91526
48.92625
48.93748
48.94852
48.95954
48.97068
48.98203
48.9939
49.00397
49.01505
49.02621
49.03767
49.04846
49.05967
49.07061
49.08184
49.09282
49.10399
49.11515
49.12617
49.13725
49.14854
49.15947
49.17056
49.18182
49.19282
49.20401
49.21524
49.22613
49.2372
49.24832
49.25947
49.27066
49.28162
49.29269
49.30384
49.31496
49.32613
49.33725
49.34839
49.35946
49.37045
49.38167
49.39268
49.40393
49.4151
49.42607
49.43709
49.44824
49.45937
49.47041
49.48154
49.4927
49.50386
49.51583
49.52598
49.53705
49.54816
49.55923
49.57047
49.58153
49.59254
49.60367
49.61495
49.62592
49.63703
49.64876
49.65922
49.6703
49.6815
49.69253
49.70368
49.71476
49.72596
49.73698
49.74807
49.75921
49.77027
49.78137
49.79252
49.80356
49.81472
49.82671
49.83691
49.8483
49.8591
49.87029
49.88154
49.89242
49.90348
49.91463
49.92597
49.93687
49.94805
49.95906
49.97013
49.9813
49.9924
50.00352
50.01473
50.0257
50.03688
50.04789
50.05909
50.07012
50.08121
50.09243
50.10366
50.11458
50.12568
50.13675
50.14788
50.15898
50.17014
50.18126
50.19274
50.20343
50.21461
50.22567
50.23669
50.24781
50.2589
50.27004
50.28127
50.29227
50.30367
50.31459
50.32566
50.33673
50.34789
50.35889
50.36993
50.3818
50.3922
50.40326
50.41453
50.42563
50.43664
50.44775
50.45881
50.46991
50.48124
50.4923
50.50358
50.51446
50.52561
50.53659
50.54783
50.55879
50.56988
50.58096
50.59206
50.60318
50.61431
50.62567
50.63654
50.64762
50.65881
50.66986
50.68103
50.69214
50.7031
50.7142
50.72545
50.73646
50.74763
50.75866
50.77026
50.7809
50.79202
50.80308
50.81427
50.82529
50.83648
50.84768
50.85889
50.86976
50.881
50.89198
50.90308
50.9141
50.92541
50.9364
50.94759
50.95858
50.96971
50.98088
50.99194
51.00301
51.0142
51.02525
51.03633
51.04759
51.05855
51.06959
51.08087
51.09184
51.10297
51.11417
51.12521
51.13621
51.14753
51.15846
51.16959
51.18081
51.19193
51.2029
51.21408
51.22514
51.23615
51.2473
51.25838
51.26953
51.28075
51.29171
51.30285
51.31399
51.32506
51.33614
51.34726
51.35838
51.36945
51.38068
51.39169
51.40277
51.41394
51.42504
51.43616
51.4472
51.4583
51.46938
51.48057
51.49158
51.50282
51.51381
51.52508
51.53609
51.54714
51.55832
51.56937
51.58052
51.59186
51.60263
51.61385
51.6249
51.63599
51.64735
51.65849
51.66935
51.68047
51.69166
51.70274
51.71482
51.72485
51.73591
51.7471
51.75828
51.76946
51.78038
51.79164
51.80261
51.81382
51.8248
51.8359
51.84699
51.8581
51.86929
51.88043
51.89143
51.90268
51.91386
51.92476
51.93599
51.94709
51.9581
51.96914
51.98028
51.99137
52.00266
52.01359
52.02469
52.03584
52.04689
52.05814
52.06914
52.08027
52.09134
52.1026
52.11362
52.12469
52.13577
52.14684
52.15795
52.16917
52.1803
52.19136
52.20238
52.2136
52.22499
52.23575
52.24685
52.25788
52.269
52.28016
52.29125
52.30235
52.31347
52.32475
52.33566
52.39146
52.40236
52.41346
52.42519
52.43562
52.44682
52.45797
52.46891
52.48011
52.49116
52.50232
52.51353
52.52508
52.53576
52.54694
52.5579
52.56887
52.57999
52.5914
52.60225
52.61344
52.62477
52.63574
52.64662
52.65772
52.66881
52.68012
52.69101
52.70212
52.71337
52.7249
52.73544
52.74672
52.75769
52.76931
52.7799
52.791
52.8022
52.81325
52.82431
52.83557
52.8465
52.85763
52.86878
52.8799
52.89108
52.902
52.91326
52.92451
52.93543
52.94649
52.95758
52.96862
52.97987
52.99137
53.00212
53.01319
53.0243
53.03531
53.04661
53.05756
53.06861
53.07978
53.09099
53.10215
53.11306
53.12415
53.13546
53.14651
53.15747
53.16874
53.17979
53.1909
53.20187
53.21316
53.22414
53.23532
53.24641
53.25761
53.26849
53.2798
53.29091
53.30201
53.31297
53.32429
53.33517
53.34643
53.35738
53.36849
53.37964
53.39069
53.40179
53.41288
53.42405
53.43511
53.4462
53.45752
53.46836
53.47958
53.4907
53.50178
53.51291
53.52396
53.53515
53.5462
53.55738
53.56838
53.57956
53.5906
53.60165
53.61305
53.62405
53.63504
53.6462
53.65723
53.66835
53.67963
53.69053
53.70166
53.71289
53.72392
53.73496
53.74612
53.75725
53.7685
53.77943
53.79046
53.80159
53.81293
53.82405
53.8349
53.84598
53.8571
53.86825
53.87938
53.89062
53.90155
53.91284
53.92387
53.93485
53.94599
53.95721
53.96819
53.97937
53.99058
54.00148
54.01284
54.02372
54.03489
54.04593
54.05738
54.06813
54.07925
54.09037
54.10153
54.11275
54.1238
54.13482
54.14579
54.15709
54.16809
54.17926
54.19038
54.20158
54.21259
54.22369
54.2348
54.24609
54.257
54.26802
54.2793
54.29052
54.30142
54.31259
54.32357
54.33466
54.34577
54.35703
54.3681
54.37911
54.3904
54.40126
54.41241
54.42365
54.43462
54.44571
54.45697
54.46791
54.47901
54.49013
54.50138
54.51241
54.52353
54.5346
54.54593
54.55688
54.568
54.57907
54.59019
54.60129
54.61238
54.62357
54.63453
54.64575
54.65673
54.66785
54.67894
54.69014
54.70122
54.71231
54.72338
54.73458
54.74567
54.75687
54.76778
54.77895
54.79008
54.80113
54.81223
54.82344
54.83443
54.84564
54.85707
54.86773
54.87888
54.89025
54.90105
54.91224
54.92328
54.93436
54.94556
54.95657
54.96764
54.97886
54.98996
55.00105
55.01224
55.02334
55.03452
55.04554
55.05667
55.06764
55.07874
55.08984
55.10096
55.1122
55.12328
55.13469
55.14539
55.15675
55.16766
55.1787
55.18999
55.20089
55.21207
55.22316
55.23419
55.24536
55.25663
55.26768
55.27876
55.2898
55.30087
55.31211
55.32327
55.33414
55.34536
55.35648
55.36748
55.37873
55.38972
55.40082
55.41192
55.42313
55.43407
55.44535
55.45641
55.46746
55.47878
55.48975
55.50072
55.5119
55.52312
55.53403
55.54515
55.55631
55.56739
55.57856
55.58963
55.60071
55.61186
55.62298
55.63406
55.64512
55.65627
55.66734
55.67843
55.68961
55.70061
55.71179
55.72306
55.73399
55.74515
55.75635
55.76722
55.77845
55.78969
55.80086
55.81181
55.82282
55.83391
55.84507
55.8562
55.86717
55.87844
55.88947
55.90056
55.91165
55.92302
55.93386
55.94533
55.95627
55.96716
55.9783
55.98968
56.00047
56.01167
56.02279
56.03379
56.04504
56.05611
56.06713
56.07821
56.08932
56.10053
56.11158
56.12289
56.13374
56.145
56.15604
56.16714
56.1782
56.18939
56.20041
56.2115
56.22269
56.23368
56.24501
56.25608
56.26705
56.27822
56.28952
56.30032
56.31147
56.32275
56.33372
56.34479
56.3561
56.36698
56.37811
56.38927
56.4003
56.41143
56.42266
56.43371
56.44473
56.456
56.46696
56.47805
56.48915
56.50027
56.51136
56.5225
56.53355
56.54478
56.55587
56.56696
56.57799
56.58919
56.60039
56.61138
56.62238
56.6335
56.64469
56.65578
56.66681
56.67802
56.68912
56.70015
56.71123
56.72279
56.73353
56.7447
56.78909
56.80012
56.81128
56.82241
56.83348
56.84466
56.85561
56.86676
56.87792
56.88932
56.89998
56.91123
56.92239
56.93375
56.9445
56.95568
56.96668
56.9778
56.98908
57.00002
57.0111
57.02247
57.03368
57.04451
57.05575
57.06663
57.07775
57.08894
57.09996
57.11107
57.12225
57.13361
57.14437
57.15556
57.1666
57.17766
57.18905
57.19994
57.21109
57.2222
57.23332
57.24447
57.2556
57.26653
57.27766
57.28884
57.29983
57.31098
57.32217
57.33323
57.34449
57.35538
57.3665
57.37769
57.38874
57.39981
57.41104
57.42216
57.43313
57.44418
57.45534
57.46641
57.4775
57.48874
57.49987
57.51086
57.52201
57.53307
57.54422
57.55553
57.5664
57.57748
57.58866
57.59993
57.6109
57.62206
57.63309
57.6442
57.65538
57.66643
57.67746
57.68863
57.69966
57.71078
57.72187
57.73296
57.74417
57.75525
57.76624
57.77733
57.78866
57.79972
57.81079
57.82189
57.83295
57.84405
57.85521
57.86621
57.87761
57.88861
57.89962
57.91061
57.92188
57.93284
57.94393
57.95501
57.96624
57.97731
57.98841
57.99973
58.01063
58.02181
58.03285
58.04406
58.05506
58.0661
58.07723
58.08836
58.09949
58.11068
58.12174
58.13276
58.1439
58.15496
58.16607
58.17719
58.18844
58.19942
58.21053
58.22172
58.2327
58.24396
58.25507
58.26601
58.27728
58.28831
58.29937
58.31053
58.32166
58.33269
58.34377
58.35502
58.36598
58.37715
58.38845
58.39936
58.41042
58.42165
58.43268
58.44377
58.45497
58.4661
58.47729
58.4883
58.49929
58.51034
58.52161
58.53257
58.54373
58.55489
58.56587
58.57704
58.58826
58.59919
58.61038
58.62164
58.63258
58.64367
58.65491
58.66604
58.6771
58.68824
58.6991
58.7104
58.72155
58.73252
58.74371
58.75466
58.76575
58.77685
58.78805
58.79957
58.81037
58.8215
58.83249
58.84368
58.85461
58.86577
58.87685
58.88798
58.89911
58.91018
58.92131
58.93237
58.94351
58.95459
58.96571
58.9768
58.98791
58.99905
59.0102
59.02127
59.03239
59.0435
59.05476
59.0657
59.07677
59.0881
59.09895
59.11008
59.12124
59.1326
59.14344
59.15447
59.16559
59.17679
59.18786
59.19899
59.21017
59.22127
59.23221
59.24348
59.25451
59.26554
59.27662
59.28781
59.29892
59.30998
59.32103
59.33224
59.34329
59.35447
59.36573
59.37661
59.38786
59.39893
59.40992
59.42106
59.43229
59.44345
59.45438
59.4656
59.47655
59.48796
59.49878
59.50994
59.5211
59.53205
59.54348
59.55436
59.5654
59.57656
59.5878
59.59871
59.60987
59.62097
59.63203
59.64318
59.65425
59.66546
59.67651
59.68769
59.69882
59.70977
59.72177
59.73195
59.74314
59.75424
59.76532
59.77637
59.78758
59.7986
59.8097
59.82087
59.83202
59.84311
59.85431
59.86567
59.87637
59.88765
59.89855
59.90979
59.92096
59.93195
59.94299
59.95415
59.96526
59.9763
59.98749
59.99851
60.00971
60.02072
60.03181
60.0437
60.05401
60.06511
60.07627
60.08736
60.09846
60.10962
60.12077
60.13181
60.14297
60.15411
60.16509
60.17627
60.18732
60.19846
60.20957
60.22065
60.23171
60.24286
60.25414
60.26503
60.27638
60.28756
60.29842
60.30947
60.32062
60.33166
60.34278
60.35394
60.36501
60.3762
60.38718
60.39831
60.40951
60.42056
60.43195
60.44287
60.45391
60.46501
60.47605
60.4872
60.49828
60.50947
60.52054
60.53161
60.54279
60.55382
60.56491
60.57616
60.5871
60.59821
60.60939
60.62042
60.63181
60.64295
60.65379
60.66491
60.67599
60.68703
60.69817
60.70926
60.7204
60.73149
60.74295
60.75386
60.76487
60.77594
60.78698
60.79812
60.80926
60.82042
60.83148
60.84322
60.85386
60.86476
60.87585
60.88706
60.89804
60.90917
60.9204
60.93153
60.94264
60.95374
60.9647
60.97596
60.98695
60.99807
61.00916
61.0204
61.03133
61.04241
61.05354
61.06462
61.076
61.08693
61.09796
61.10929
61.1202
61.1313
61.14259
61.15343
61.16461
61.17579
61.18681
61.19791
61.20899
61.22013
61.23127
61.24246
61.25349
61.26451
61.2756
61.28672
61.29787
61.30897
61.32006
61.33117
61.34238
61.35374
61.36449
61.37569
61.38678
61.39782
61.40895
61.42001
61.4312
61.4423
61.45335
61.46446
61.47552
61.48671
61.49776
61.50886
61.51992
61.5312
61.54228
61.55337
61.56441
61.57563
61.58662
61.5977
61.60884
61.61993
61.63102
61.64215
61.65333
61.66449
61.67564
61.687
61.6978
61.70888
61.71988
61.73101
61.74211
61.75323
61.7643
61.77538
61.78658
61.79768
61.80884
61.81982
61.831
61.84217
61.85325
61.86423
61.87536
61.88647
61.89758
61.90865
61.91988
61.93111
61.94202
61.95311
61.96416
61.97528
61.98641
61.99752
62.00883
62.01974
62.03081
62.04203
62.0531
62.06421
62.07526
62.08642
62.09748
62.10862
62.11974
62.13078
62.14186
62.15302
62.16423
62.17543
62.18644
62.19757
62.20847
62.21964
62.23071
62.24207
62.25305
62.26426
62.27522
62.28626
62.29738
62.30862
62.31962
62.33068
62.34201
62.35289
62.364
62.3752
62.38629
62.39731
62.40855
62.41953
62.4306
62.44181
62.45285
62.46402
62.47511
62.4862
62.49738
62.50837
62.51949
62.53059
62.54167
62.55282
62.56387
62.57497
62.5861
62.59724
62.60845
62.61943
62.63062
62.6417
62.65285
62.66385
62.67505
62.68618
62.69721
62.70839
62.71951
62.73047
62.74163
62.75269
62.76381
62.7749
62.78613
62.79721
62.80836
62.81946
62.83044
62.84173
62.85273
62.86402
62.87492
62.88601
62.89708
62.90813
62.91928
62.93038
62.94164
62.95259
62.9637
62.97487
62.98607
62.99702
63.00827
63.0194
63.03032
63.0416
63.05279
63.0639
63.07489
63.08601
63.0971
63.10836
63.11931
63.1303
63.14152
63.15254
63.16362
63.17469
63.18599
63.19695
63.2083
63.21915
63.23025
63.24135
63.25263
63.26353
63.27467
63.28596
63.29729
63.30805
63.31912
63.3302
63.34134
63.35241
63.36348
63.37473
63.38586
63.39688
63.40796
63.41908
63.43018
63.44128
63.45237
63.46347
63.47453
63.48564
63.49695
63.50786
63.51896
63.53007
63.54124
63.55236
63.5635
63.57449
63.58567
63.5967
63.60806
63.619
63.63007
63.64119
63.6523
63.66339
63.67465
63.6856
63.69666
63.70783
63.71917
63.73
63.74116
63.75221
63.76329
63.77439
63.78563
63.79664
63.80791
63.81885
63.82994
63.84111
63.85213
63.86325
63.8744
63.88554
63.89659
63.90777
63.91892
63.92987
63.94117
63.95209
63.96325
63.97436
63.98549
63.99649
64.00763
64.01878
64.02991
64.04111
64.05207
64.06317
64.07423
64.08533
64.09655
64.10773
64.11888
64.12983
64.14094
64.152
64.16311
64.1743
64.18539
64.19643
64.20773
64.21878
64.22984
64.2408
64.25194
64.26301
64.27425
64.28714
64.29634
64.30745
64.31879
64.33208
64.34444
64.35528
64.36336
64.37431
64.39053
64.39722
64.40405
64.41513
64.42509
64.43618
64.44922
64.45942
64.47349
64.48072
64.49194
64.50304
64.51396
64.52501
64.53618
64.54726
64.55839
64.56947
64.58057
64.5918
64.60296
64.61395
64.62514
64.63612
64.64719
64.65839
64.66946
64.68054
64.69176
64.70279
64.71381
64.72495
64.73632
64.74744
64.75877
64.7701
64.78139
64.79269
64.80408
64.81569
64.82674
64.83817
64.84946
64.86081
64.87226
64.88344
64.89474
64.90607
64.91739
64.92876
64.9401
64.95159
64.96257
64.97408
64.98503
64.99603
65.00722
65.0182
65.02951
65.04067
65.05166
65.06268
65.0738
65.08499
65.09598
65.10715
65.11819
65.12934
65.14045
65.1516
65.16274
65.17392
65.18498
65.19608
65.2071
65.21823
65.22952
65.24051
65.25149
65.26257
65.27374
65.28487
65.2959
65.30704
65.31812
65.32923
65.34027
65.35136
65.36259
65.37359
65.38488
65.39588
65.40695
65.41801
65.42932
65.4403
65.45161
65.4625
65.47366
65.48465
65.49577
65.50685
65.51799
65.52908
65.54026
65.55128
65.56252
65.57357
65.58478
65.59589
65.60681
65.61812
65.62933
65.6403
65.65122
65.66256
65.6736
65.68463
65.69569
65.70679
65.71788
65.72904
65.74014
65.75147
65.76239
65.77341
65.78468
65.79565
65.80675
65.81828
65.82918
65.84007
65.85113
65.8623
65.87333
65.88451
65.89564
65.90674
65.91781
65.92892
65.94011
65.95119
65.96232
65.97338
65.98444
65.9956
66.0067
66.01772
66.02892
66.03999
66.088
66.09573
66.10658
66.11765
66.12878
66.1399
66.15096
66.16209
66.17324
66.18433
66.19548
66.2065
66.21761
66.22885
66.23991
66.25097
66.26221
66.27322
66.28424
66.29539
66.30647
66.31764
66.3287
66.33984
66.3509
66.36221
66.37312
66.38432
66.39546
66.40642
66.41763
66.42875
66.43975
66.45082
66.46204
66.47308
66.48432
66.49529
66.50642
66.51749
66.52868
66.53967
66.55087
66.56202
66.57307
66.58411
66.5953
66.60629
66.61739
66.62859
66.6399
66.65073
66.66206
66.67294
66.68407
66.6953
66.70649
66.71737
66.72874
66.73965
66.75069
66.76217
66.77357
66.78405
66.79525
66.8065
66.81734
66.82848
66.83958
66.85069
66.86193
66.87287
66.88396
66.89513
66.90621
66.91729
66.92848
66.93959
66.95065
66.96178
66.97278
66.98391
66.99506
67.00613
67.01742
67.02843
67.03949
67.05056
67.06187
67.07278
67.08387
67.0951
67.1061
67.11718
67.12833
67.13951
67.15048
67.16159
67.17282
67.18378
67.19498
67.20615
67.21729
67.22823
67.23963
67.25047
67.26164
67.27263
67.28377
67.29501
67.30597
67.31703
67.32837
67.33934
67.35039
67.36173
67.37269
67.3837
67.39497
67.40605
67.41701
67.42815
67.43923
67.45034
67.46154
67.47258
67.4837
67.49478
67.50616
67.51709
67.52818
67.53926
67.55029
67.56145
67.57249
67.58362
67.59485
67.6058
67.61693
67.62809
67.63925
67.65027
67.66154
67.67271
67.68354
67.69476
67.70597
67.71687
67.72808
67.73912
67.75038
67.76153
67.77243
67.78352
67.79482
67.80597
67.81683
67.82793
67.83906
67.85014
67.86134
67.87244
67.88348
67.89471
67.90566
67.91682
67.92812
67.93916
67.95017
67.96149
67.97237
67.98339
67.99459
68.0059
68.01675
68.0282
68.03905
68.05008
68.06123
68.07225
68.08333
68.09444
68.10575
68.11668
68.12792
68.13903
68.15001
68.16122
68.17228
68.18332
68.19451
68.20567
68.21682
68.22779
68.23901
68.24998
68.26127
68.27224
68.28324
68.29446
68.30562
68.31654
68.32782
68.33885
68.3499
68.36102
68.37237
68.38325
68.39458
68.4054
68.41669
68.42766
68.43904
68.44991
68.46097
68.47207
68.48318
68.49428
68.50551
68.51649
68.52761
68.53892
68.54993
68.56091
68.57227
68.58311
68.59432
68.6054
68.61643
68.62785
68.63876
68.64971
68.66088
68.6721
68.68307
68.69419
68.70526
68.7164
68.72761
68.73872
68.74976
68.76082
68.77192
68.78297
68.79419
68.80531
68.81643
68.82749
68.83854
68.84966
68.86085
68.87193
68.88308
68.89407
68.90536
68.9163
68.92742
68.93878
68.94961
68.96083
68.97195
68.98289
68.994
69.00526
69.01622
69.02734
69.03854
69.04955
69.06123
69.07175
69.08289
69.09396
69.1051
69.11618
69.12733
69.13845
69.14955
69.16087
69.17184
69.18283
69.19404
69.20502
69.21614
69.22723
69.23837
69.24946
69.26081
69.2718
69.28272
69.29391
69.30508
69.31607
69.3272
69.33842
69.34951
69.3606
69.37163
69.38272
69.39385
69.40512
69.41605
69.42713
69.43846
69.44946
69.46046
69.47163
69.4827
69.4938
69.50518
69.516
69.52711
69.53836
69.54933
69.5604
69.57153
69.58266
69.59377
69.60483
69.61594
69.62702
69.63829
69.64923
69.66084
69.67164
69.68266
69.69373
69.70476
69.71586
69.72703
69.7381
69.74927
69.76052
69.7714
69.78251
69.79366
69.80482
69.81602
69.82698
69.83823
69.84924
69.86028
69.87134
69.88269
69.89357
69.90488
69.91582
69.9269
69.93799
69.94907
69.96017
69.97165
69.98237
69.99348
70.00481
70.01598
70.02686
70.03793
70.04907
70.06017
70.07125
70.08236
70.09373
70.10468
70.11572
70.12687
70.13791
70.14908
70.16013
70.1713
70.18237
70.19355
70.20457
70.43791
70.44891
70.46008
70.47113
70.4822
70.4933
70.50461
70.51552
70.52661
70.53783
70.5488
70.55993
70.57115
70.58217
70.59328
70.60444
70.61546
70.62653
70.63782
70.64889
70.65993
70.67129
70.68208
70.69323
70.70431
70.71542
70.72648
70.73787
70.74881
70.75979
70.7709
70.78197
70.79319
70.80426
70.81535
70.82645
70.83759
70.84867
70.85982
70.87098
70.88219
70.89306
70.90421
70.91534
70.92653
70.93772
70.94865
70.95979
70.97095
70.98195
70.99318
71.00421
71.01525
71.02637
71.03754
71.04857
71.05979
71.07096
71.08189
71.09314
71.10412
71.1152
71.12628
71.13752
71.14851
71.15971
71.17085
71.18185
71.19317
71.20408
71.2152
71.2264
71.23737
71.24851
71.25965
71.27074
71.28179
71.29287
71.30418
71.31516
71.32623
71.33736
71.34844
71.35973
71.37077
71.38177
71.39282
71.40404
71.41503
71.42638
71.43729
71.44849
71.45957
71.4706
71.48164
71.493
71.50388
71.51503
71.52626
71.53743
71.54829
71.55954
71.5705
71.58176
71.59271
71.6038
71.61499
71.62614
71.63741
71.64828
71.65938
71.67046
71.68163
71.93737
71.94827
71.95927
71.97034
71.98148
71.99273
72.00379
72.01476
72.02583
72.03693
72.04819
72.05927
72.07045
72.08134
72.0925
72.10358
72.11468
72.12589
72.13699
72.14813
72.15919
72.17038
72.18131
72.19249
72.2037
72.21469
72.22591
72.23693
72.24801
72.25919
72.27023
72.28126
72.29242
72.30369
72.31458
72.32581
72.33704
72.34793
72.35921
72.37011
72.3812
72.3923
72.40341
72.41453
72.42597
72.43702
72.44792
72.45909
72.47011
72.48119
72.49236
72.5034
72.51469
72.52579
72.53675
72.54794
72.55915
72.57015
72.58115
72.59226
72.60334
72.61484
72.62555
72.63673
72.6482
72.65897
72.66996
72.68118
72.6923
72.70338
72.71455
72.72562
72.73661
72.74782
72.75885
72.77047
72.78104
72.7922
72.80326
72.81432
72.82542
72.83655
72.84798
72.85885
72.87004
72.88102
72.89228
72.90325
72.91444
72.92565
72.9365
72.94778
72.95885
72.96985
72.98109
72.99216
73.00317
73.01425
73.02544
73.03656
73.04768
73.05863
73.0698
73.08104
73.09197
73.1031
73.11446
73.12535
73.13641
73.1476
73.15902
73.16977
73.181
73.19198
73.203
73.21413
73.22535
73.23644
73.24787
73.25876
73.27436
73.28562
73.29496
73.30331
73.3145
73.32675
73.33717
73.34845
73.35905
73.37013
73.38094
73.39213
73.40314
73.41413
73.42523
73.43655
73.44772
73.45903
73.46989
73.48096
73.49209
73.50313
73.5145
73.5252
73.53641
73.54764
73.55888
73.56992
73.58109
73.59201
73.603
73.6142
73.62529
73.63637
73.64745
73.65869
73.67004
73.68089
73.69209
73.70304
73.71407
73.72533
73.73635
73.74767
73.75894
73.76994
73.78091
73.79195
73.80293
73.81416
73.82531
73.83625
73.84744
73.85863
73.86964
73.88075
73.89201
73.90296
73.91414
73.92513
73.93626
73.94735
73.95843
73.96966
73.98238
73.99281
74.00605
74.01419
74.02525
74.03838
74.04751
74.05833
74.06961
74.08039
74.09193
74.10288
74.11392
74.12511
74.13615
74.1471
74.15832
74.16933
74.18082
74.19201
74.20318
74.2138
74.2252
74.23632
74.24745
74.25864
74.27011
74.28052
74.29174
74.30273
74.31396
74.32478
74.33594
74.34692
74.35815
74.36911
74.38023
74.39137
74.40242
74.41362
74.42477
74.43587
74.44685
74.45792
74.46914
74.48051
74.49162
74.50288
74.51373
74.52489
74.53603
74.54713
74.55821
74.56927
74.58031
74.59151
74.6025
74.61362
74.62467
74.63583
74.64687
74.65826
74.66897
74.68014
74.69116
74.70227
74.71336
74.72488
74.7359
74.74703
74.75835
74.76966
74.78006
74.79133
74.80251
74.81364
74.8252
74.83575
74.84691
74.85828
74.87022
74.88065
74.89163
74.90274
74.9138
74.92474
74.93559
74.94666
74.95783
74.96904
74.97994
74.99128
75.00216
75.0134
75.02472
75.03544
75.04669
75.05775
75.06878
75.07996
75.09098
75.10213
75.11317
75.12441
75.13544
75.14654
75.15784
75.16875
75.18006
75.19124
75.20203
75.21329
75.22423
75.23566
75.24725
75.25786
75.269
75.27985
75.29091
75.30204
75.31355
75.32426
75.33527
75.34663
75.35763
75.3689
75.37979
75.39091
75.40192
75.41325
75.42413
75.43522
75.44644
75.45766
75.46861
75.47974
75.49083
75.50194
75.51299
75.52457
75.53541
75.54634
75.55755
75.56863
75.57977
75.59077
75.60191
75.61296
75.62402
75.63519
75.64624
75.65748
75.66858
75.67957
75.69079
75.70196
75.71292
75.72421
75.73516
75.7464
75.75742
75.76839
75.77968
75.79082
75.80181
75.81287
75.82405
75.83523
75.84624
75.85731
75.86842
75.91467
75.92514
75.93264
75.94132
75.95217
75.96329
75.9744
75.98548
75.9968
76.00785
76.01884
76.03003
76.04102
76.05213
76.06329
76.07462
76.09784
