0
0.0251301
0.4295657
0.5172822
0.5351799
0.5436472
0.5542367
0.5661663
0.5772876
0.5883228
0.5996972
0.6107141
0.621797
0.632568
0.643328
0.653958
0.6644866
0.6752974
0.6850058
0.6951672
0.7050984
0.7150006
0.7247565
0.7342685
0.7435001
0.7529831
0.7620572
0.7710217
0.7797235
0.788383
0.7969506
0.8054675
0.8136138
0.8214557
0.8293883
0.837126
0.8446813
0.8519368
0.8593881
0.8662574
0.8732535
0.879836
0.8864805
0.8928586
0.8990016
0.9050676
0.9108816
0.9165674
0.9220788
0.927607
0.9324467
0.9375729
0.942163
0.9468754
0.9511619
0.9554362
0.9594427
0.9632812
0.9669469
0.9703913
0.9736746
0.9768124
0.9796599
0.9823301
0.9848446
0.987183
0.9896818
0.992076
0.9937326
0.9951971
0.9964594
0.9975342
0.9984155
0.9991181
0.9996024
0.9998965
0.9999999
0.9999071
0.9996207
0.9991392
0.9984665
0.9976001
0.9965287
0.9952602
0.9938151
0.9921789
0.9903246
0.9882929
0.9860625
0.9836752
0.981061
0.9782171
0.9752682
0.972077
0.9687126
0.965167
0.9613732
0.9574327
0.9533821
0.9490882
0.9445957
0.9398169
0.9350686
0.9299381
0.9247178
0.9193773
0.9137555
0.9080814
0.9020728
0.8959978
0.8896894
0.8832909
0.8766074
0.8697468
0.8628211
0.8556866
0.8483844
0.8409917
0.8333462
0.8254636
0.8175961
0.8093752
0.8010588
0.792742
0.7841321
0.7753561
0.7665233
0.7573711
0.7482668
0.7389152
0.7294291
0.7198508
0.7100708
0.7002153
0.6901463
0.680088
0.6696755
0.6591631
0.6487242
0.6377199
0.6273132
0.6163648
0.6053407
0.5940019
0.5828879
0.571243
0.5598791
0.5483466
0.5360884
0.524733
0.5127076
0.5008259
0.4881512
0.4764369
0.4640632
0.4517563
0.4392722
0.4260236
0.4138889
0.4012427
0.388373
0.3755727
0.3625964
0.3490039
0.3364601
0.3232603
0.3094354
0.2967036
0.2834127
0.2699277
0.2565712
0.242836
0.2293378
0.2157048
0.2021814
0.1879314
0.174693
0.1607402
0.1471466
0.1333744
0.1194599
0.1057085
0.09178686
0.07786196
0.06390093
0.0498514
0.03610199
0.02209451
0.008111539
-0.005773361
-0.01972604
-0.03378115
-0.04760525
-0.06162012
-0.07570773
-0.08939864
-0.1032823
-0.1171577
-0.1309978
-0.1449197
-0.1588591
-0.1724805
-0.1861089
-0.1998451
-0.213455
-0.2270102
-0.240571
-0.2541339
-0.2676184
-0.2813891
-0.2945498
-0.3078163
-0.3210373
-0.3342647
-0.3473088
-0.3604163
-0.3733558
-0.3864088
-0.3990898
-0.4117995
-0.4247621
-0.4372082
-0.4497316
-0.4619284
-0.474255
-0.4866047
-0.4988838
-0.5110004
-0.5227271
-0.5347382
-0.5462983
-0.557988
-0.5695339
-0.5809855
-0.5922096
-0.6035368
-0.6146119
-0.6254342
-0.6362217
-0.6469553
-0.6575328
-0.6682038
-0.6783158
-0.6884684
-0.6986046
-0.7084619
-0.7184075
-0.7278681
-0.7373739
-0.7467046
-0.7559461
-0.7649987
-0.7738873
-0.7827613
-0.7912951
-0.7997853
-0.8081052
-0.8161808
-0.8241673
-0.8319709
-0.8396125
-0.84734
-0.8545845
-0.8616116
-0.8687129
-0.8754449
-0.8821237
-0.8885965
-0.8949959
-0.9011394
-0.9070322
-0.9128664
-0.9184514
-0.9238647
-0.92911
-0.9341591
-0.9390514
-0.9437602
-0.9482991
-0.9526587
-0.9568281
-0.9607308
-0.9645314
-0.9747204
-0.9777824
-0.9805781
-0.9832752
-0.9856889
-0.9879246
-0.9900065
-0.9918662
-0.9935699
-0.9950386
-0.9963322
-0.9974292
-0.9983345
-0.9990379
-0.9995529
-0.9998748
-0.9999983
-0.9999286
-0.9996641
-0.9992064
-0.9985563
-0.9977
-0.9966601
-0.9954174
-0.9939532
-0.9923395
-0.9905384
-0.9885471
-0.9863221
-0.98396
-0.9813567
-0.9785349
-0.9756135
-0.9723763
-0.969003
-0.9655722
-0.9618494
-0.9578859
-0.9538075
-0.9495355
-0.945057
-0.9404309
-0.9355221
-0.9305605
-0.9253711
-0.9200186
-0.9141024
-0.9087257
-0.9027234
-0.896671
-0.8904155
-0.8839881
-0.8773735
-0.8706
-0.863634
-0.8564743
-0.8490925
-0.8418311
-0.8341712
-0.8264288
-0.8183897
-0.8103894
-0.8020867
-0.793588
-0.7850749
-0.7764373
-0.767533
-0.7583581
-0.7492743
-0.7400361
-0.7305688
-0.7209877
-0.71119
-0.7013803
-0.6913756
-0.6811965
-0.6707806
-0.6604878
-0.6498842
-0.6391221
-0.6284323
-0.6175545
-0.6064872
-0.5953164
-0.5841346
-0.5727764
-0.5611555
-0.5495034
-0.5378122
-0.5260787
-0.5141477
-0.5022062
-0.4900792
-0.4774888
-0.4655801
-0.4531665
-0.4404667
-0.4281358
-0.4154002
-0.4025403
-0.3899163
-0.3760731
-0.3640741
-0.3509033
-0.337954
-0.3246405
-0.3114145
-0.2982372
-0.2848045
-0.2714702
-0.2579399
-0.2445285
-0.2308943
-0.2172715
-0.2037443
-0.189946
-0.1762484
-0.1625421
-0.1487025
-0.1349858
-0.1211003
-0.107292
-0.09334907
-0.07939444
-0.06537808
-0.05159977
-0.03756099
-0.02379032
-0.009392902
0.004115745
0.01825392
0.03223736
0.04611352
0.06012405
0.07394347
0.0881192
0.1019356
0.1155992
0.1297139
0.1433143
0.1569899
0.1709367
0.1846286
0.1982384
0.2119001
0.2255284
0.2391497
0.2526194
0.2661226
0.2796237
0.2931025
0.3063114
0.319631
0.332867
0.3458838
0.358846
0.3718199
0.3848259
0.3976689
0.4103844
0.4231382
0.4356545
0.4481708
0.460802
0.4729118
0.4852247
0.4975699
0.5094135
0.5217168
0.5332677
0.5449671
0.556767
0.5681667
0.5795996
0.5908986
0.6021332
0.6132306
0.6243174
0.6351565
0.6458053
0.656471
0.6667625
0.677106
0.6873548
0.6974415
0.7073751
0.7171324
0.7269944
0.7362987
0.7457067
0.7549367
0.7639725
0.772919
0.78174
0.7904122
0.7988628
0.807119
0.8153299
0.8233843
0.8311007
0.8387569
0.8464273
0.8537025
0.860846
0.8678516
0.8747659
0.8814924
0.8880251
0.8943022
0.9004056
0.9063575
0.9121752
0.9178111
0.9233515
0.9285848
0.9338694
0.9385385
0.9432924
0.9478087
0.9522442
0.95637
0.9603358
0.9642253
0.967795
0.9712633
0.9744178
0.97746
0.98028
0.982945
0.9854137
0.9877424
0.9897987
0.9916941
0.9933967
0.9948804
0.9962008
0.9973181
0.9982323
0.9989749
0.9995035
0.9998474
0.9999936
0.9999458
0.9997038
0.9992682
0.9986359
0.9978117
0.9967932
0.9955717
0.9941683
0.992502
0.9907688
0.988749
0.9865924
0.9842226
0.9816571
0.9789194
0.9759664
0.9727658
0.9694903
0.965977
0.9622819
0.958382
0.9543096
0.9500136
0.9456041
0.9409584
0.9361375
0.9311255
0.9259729
0.9203967
0.9150454
0.9093555
0.9034247
0.8974038
0.8911331
0.8846358
0.8780675
0.871285
0.8644311
0.8572866
0.8500749
0.8426551
0.8350812
0.8272635
0.8191582
0.8112479
0.8030693
0.7946045
0.786082
0.777393
0.7684358
0.7593715
0.7503856
0.7410718
0.7315944
0.7220941
0.7122824
0.7022337
0.6924044
0.6822177
0.6717096
0.6613922
0.651082
0.6404116
0.6295767
0.6187627
0.6076264
0.5965499
0.5853602
0.5739602
0.562507
0.5508502
0.5392126
0.5274063
0.5155716
0.5030658
0.4914267
0.4792154
0.4668365
0.4544715
0.4418379
0.4295561
0.4168754
0.4039586
0.3912434
0.378273
0.3655376
0.3524997
0.33941
0.3261425
0.3127932
0.2997339
0.2862272
0.2726927
0.2595508
0.2460186
0.2324957
0.2188524
0.2051261
0.1913902
0.1777405
0.1640952
0.1503429
0.1365209
0.1226126
0.1087958
0.09500931
0.08086423
0.0668608
0.05317465
0.03919453
0.02510472
0.01131413
-0.002604506
-0.01660273
-0.03053288
-0.04456
-0.05857358
-0.07234734
-0.08634105
-0.1001545
-0.1142481
-0.1278695
-0.141734
-0.1555123
-0.1695424
-0.1831773
-0.196749
-0.2104099
-0.2239889
-0.2376431
-0.2511158
-0.264677
-0.278046
-0.2914799
-0.3049029
-0.3180603
-0.3313745
-0.3443616
-0.3573909
-0.3703785
-0.3832888
-0.3964784
-0.4092256
-0.4216676
-0.4342276
-0.4469042
-0.4591968
-0.471615
-0.4841497
-0.496042
-0.5080464
-0.5201216
-0.5320242
-0.5436786
-0.5554242
-0.5669468
-0.5783681
-0.5897758
-0.6008086
-0.6119257
-0.6231082
-0.6338573
-0.6446179
-0.6552135
-0.6657635
-0.6760451
-0.68628
-0.6962958
-0.7061886
-0.7160434
-0.7258296
-0.7352346
-0.7448036
-0.7538686
-0.7629718
-0.7718904
-0.7808866
-0.7894937
-0.7979845
-0.8063418
-0.8143419
-0.8224376
-0.8303196
-0.8379104
-0.8455004
-0.8528745
-0.8600332
-0.8670577
-0.8739799
-0.8806278
-0.8872613
-0.8936173
-0.8996949
-0.9057158
-0.9115161
-0.9171569
-0.9226943
-0.9279571
-0.933052
-0.9380579
-0.942786
-0.9473094
-0.9517076
-0.9559405
-0.9599103
-0.9637318
-0.967351
-0.9707692
-0.9740542
-0.9771208
-0.9799632
-0.9826633
-0.985152
-0.9874456
-0.9895959
-0.9915142
-0.9932375
-0.9947139
-0.9960641
-0.9971942
-0.9981422
-0.9989008
-0.9994543
-0.9998174
-0.9999875
-0.9999607
-0.9997343
-0.999322
-0.9987123
-0.9979034
-0.9969103
-0.9957125
-0.9943008
-0.9927347
-0.9909807
-0.9889928
-0.9868115
-0.9845039
-0.9819575
-0.9791524
-0.9762704
-0.9731479
-0.9698632
-0.9663821
-0.9626656
-0.9587695
-0.9547238
-0.9505274
-0.9460514
-0.9414693
-0.9366885
-0.9316679
-0.9265569
-0.9211336
-0.9156616
-0.910018
-0.9040423
-0.8980368
-0.8917699
-0.8853794
-0.8787879
-0.8721107
-0.8652158
-0.8580925
-0.8509014
-0.8434781
-0.8359168
-0.8039553
-0.79555
-0.7869841
-0.7784163
-0.7693174
-0.7604821
-0.7514296
-0.7421112
-0.7326829
-0.7231579
-0.7133303
-0.7034125
-0.6935758
-0.6834047
-0.6731352
-0.6628606
-0.6521778
-0.6416768
-0.6305215
-0.6199409
-0.6090899
-0.5978906
-0.5866597
-0.5752158
-0.563733
-0.5522874
-0.5403122
-0.5288515
-0.5164495
-0.5047921
-0.4927706
-0.4804953
-0.4680502
-0.4558426
-0.4433786
-0.4308067
-0.4182165
-0.4049857
-0.3927302
-0.3799114
-0.3668596
-0.3538966
-0.3407092
-0.3276924
-0.3134079
-0.3010926
-0.2872657
-0.2744545
-0.2610182
-0.2475616
-0.233944
-0.2201733
-0.2066442
-0.1930548
-0.1791656
-0.1656412
-0.151588
-0.1380348
-0.1241189
-0.1102876
-0.09636363
-0.08239324
-0.06865022
-0.05470655
-0.0408113
-0.02678706
-0.01285578
0.001052252
0.01524996
0.02897178
0.04305878
0.05694299
0.07077053
0.08467856
0.09871911
0.1124084
0.1264074
0.1402133
0.1539618
0.1677831
0.1817243
0.1954017
0.2088268
0.2226376
0.2362166
0.2496878
0.2631127
0.2769239
0.2901845
0.3033378
0.3165276
0.3299816
0.3428859
0.3560539
0.3690851
0.3819472
0.3947383
0.4074839
0.4204941
0.432987
0.4455867
0.4578207
0.4703003
0.4824477
0.4946098
0.5068814
0.5188196
0.5308014
0.5423824
0.554093
0.5656455
0.5771401
0.5884953
0.5996662
0.6107161
0.6218329
0.6328833
0.6432895
0.6539463
0.6645489
0.6749913
0.6850744
0.6951239
0.705132
0.7150776
0.7246618
0.7343155
0.7435508
0.7528855
0.7619749
0.7712354
0.7800616
0.7883694
0.7969962
0.8053153
0.8135631
0.8214917
0.8293396
0.8370721
0.8446409
0.8520071
0.8592952
0.8662762
0.8733313
0.879981
0.8864458
0.8929736
0.899038
0.9050599
0.9109364
0.9165494
0.9221284
0.9274178
0.9325056
0.9375206
0.9422246
0.946823
0.9511855
0.9554342
0.9594305
0.9632795
0.9669522
0.9703835
0.9736867
0.9767755
0.9796423
0.9823991
0.984883
0.9872346
0.9893202
0.9912587
0.9930204
0.9945652
0.9959299
0.9970905
0.998047
0.9988233
0.9994043
0.9997922
0.9999785
0.9999714
0.9997696
0.9993781
0.998788
0.9980006
0.9970229
0.9958402
0.9944942
0.9929211
0.9911696
0.9892188
0.9870832
0.9847696
0.9822407
0.979542
0.9766079
0.9734912
0.9702695
0.9667518
0.9630556
0.9592351
0.9552326
0.9510196
0.9465729
0.9419892
0.9372283
0.9322149
0.9271357
0.9217734
0.9162688
0.9105673
0.9045994
0.8987479
0.8920048
0.8861048
0.8795857
0.8729138
0.8660393
0.8589599
0.8517324
0.8443278
0.8367255
0.8290634
0.8211728
0.8131209
0.8049018
0.7965807
0.7879144
0.7791573
0.7704869
0.7615875
0.7524447
0.7431591
0.733844
0.7242449
0.714552
0.7044114
0.6946108
0.684624
0.674271
0.6640798
0.6534605
0.6427578
0.6320921
0.6211574
0.6101669
0.5990875
0.587815
0.5765885
0.5181117
0.5062392
0.4941571
0.4816388
0.4697337
0.4573679
0.4448138
0.4323059
0.4196589
0.4069046
0.3941748
0.3813442
0.3681799
0.3551376
0.3422695
0.3290478
0.3160245
0.3026007
0.2892041
0.2758195
0.2624234
0.2489526
0.2355048
0.2219225
0.2082466
0.1945271
0.1808445
0.1669951
0.1533916
0.1255427
0.1118643
0.09790665
0.08386505
-0.09703384
-0.1937351
-0.2074867
-0.2346505
-0.2481872
-0.2616332
-0.2751772
-0.2885809
-0.3018802
-0.3150648
-0.3282195
-0.3413969
-0.3545878
-0.3676855
-0.3804055
-0.3933538
-0.4061949
-0.4188073
-0.4315546
-0.4441102
-0.4566998
-0.4689122
-0.4814051
-0.4934045
-0.5055147
-0.5174692
-0.5292231
-0.5411875
-0.55287
-0.5643899
-0.5758772
-0.5872628
-0.5984004
-0.6094976
-0.6205769
-0.631433
-0.6422443
-0.6528383
-0.6634716
-0.6737049
-0.6841139
-0.693968
-0.7040623
-0.7139429
-0.7236478
-0.7331157
-0.7425062
-0.7520711
-0.7610151
-0.7699227
-0.7787952
-0.7874511
-0.7959982
-0.8043069
-0.81252
-0.8206164
-0.8290242
-0.8362888
-0.8440934
-0.851245
-0.8584816
-0.8655838
-0.8725383
-0.8791858
-0.8857896
-0.8923091
-0.898394
-0.9043413
-0.910246
-0.9159757
-0.9214801
-0.9269277
-0.9319463
-0.9369531
-0.941997
-0.9462972
-0.9507919
-0.9549649
-0.9589977
-0.9629238
-0.9665754
-0.97003
-0.9733681
-0.9765129
-0.9793577
-0.9820814
-0.9845985
-0.9869344
-0.9890953
-0.9910859
-0.9928433
-0.9943933
-0.9958114
-0.9969614
-0.9979514
-0.998744
-0.9993451
-0.9997569
-0.9999698
-0.9999836
-0.9998054
-0.9994181
-0.9988694
-0.9981069
-0.9971426
-0.9960093
-0.9946477
-0.9931073
-0.9913849
-0.9894698
-0.9871763
-0.9850488
-0.9824805
-0.9798069
-0.9769565
-0.9738896
-0.9706014
-0.9671915
-0.9634845
-0.9596994
-0.9556458
-0.9514866
-0.9470767
-0.9424988
-0.9377708
-0.9327783
-0.9277127
-0.9223804
-0.9169203
-0.911279
-0.9054151
-0.8994291
-0.8932016
-0.8867787
-0.8803633
-0.8736454
-0.8667235
-0.8596703
-0.8525621
-0.8451611
-0.8376225
-0.8299251
-0.8219393
-0.8139946
-0.8049146
-0.7975124
-0.7889707
-0.7802905
-0.7715131
-0.7626295
-0.7535245
-0.7441452
-0.7348329
-0.7253157
-0.7155512
-0.7058543
-0.6958685
-0.6857255
-0.6754067
-0.665152
-0.6545511
-0.6440738
-0.6333798
-0.6224963
-0.6115183
-0.6002702
-0.5890762
-0.5777681
-0.5664061
-0.5548339
-0.5430252
-0.5314588
-0.5195056
-0.5074236
-0.4954116
-0.4833058
-0.4710278
-0.4586562
-0.4461933
-0.4335659
-0.4211106
-0.4081349
-0.3955895
-0.3828183
-0.3697592
-0.3567299
-0.3437293
-0.3306824
-0.3173205
-0.304217
-0.2908713
-0.2774743
-0.2639881
-0.2503615
-0.2369445
-0.2235083
-0.209718
-0.1961121
-0.1825134
-0.1686297
-0.1548763
-0.1411628
-0.1271742
-0.1135242
-0.0996117
-0.08540034
-0.07143221
-0.05784804
-0.04351572
-0.02976164
-0.01586652
-0.001804303
0.01191307
0.02592945
0.03994074
0.05384515
0.06780953
0.08160666
0.09572612
0.1093657
0.1232629
0.1372096
0.1508596
0.1646785
0.1786508
0.1921755
0.2057814
0.2196192
0.2331089
0.2465852
0.2602719
0.2735322
0.2869619
0.3003008
0.3135341
0.3267591
0.3400407
0.3532261
0.366143
0.3789845
0.3919323
0.4046286
0.4175229
0.4300754
0.4427352
0.455146
0.4673863
0.4797252
0.4919018
0.5039714
0.5160872
0.5279191
0.539916
0.5519537
0.5629667
0.5745943
0.5858766
0.5971644
0.6083745
0.619424
0.6303449
0.6411335
0.6515771
0.6622002
0.6725139
0.6827782
0.6928846
0.7029219
0.7128077
0.7225525
0.7320493
0.7414559
0.7508185
0.7598789
0.7692025
0.777802
0.786455
0.7951196
0.8033886
0.8116292
0.8197016
0.8276058
0.8354834
0.8429744
0.8503867
0.8577076
0.8648155
0.8721743
0.8784037
0.8849869
0.8914722
0.8976511
0.9037108
0.9095898
0.9153506
0.9208779
0.926254
0.9313591
0.9363422
0.9411617
0.9458186
0.950221
0.9544733
0.958577
0.9624291
0.9661297
0.9696948
0.9729589
0.9760822
0.9790491
0.9817915
0.9843321
0.9867323
0.9888702
0.9908808
0.9926509
0.994243
0.9956235
0.9968328
0.9978478
0.998662
0.9992956
0.9997171
0.9999514
0.9999913
0.9998362
0.9994817
0.9989445
0.9981949
0.9972678
0.9961387
0.9948188
0.9933124
0.9915906
0.9896978
0.9875914
0.9853087
0.9828216
0.9801307
0.9772655
0.9742458
0.9710046
0.9675598
0.9639606
0.9601683
0.9561546
0.9519809
0.9476125
0.9430466
0.9383314
0.9333233
0.9283276
0.9230482
0.9176072
0.9118596
0.9059653
0.900077
0.8939751
0.887586
0.8810971
0.8743317
0.8676043
0.8605823
0.8533728
0.8458366
0.8384709
0.8306918
0.8229259
0.8149092
0.8067097
0.7983807
0.7899849
0.7813478
0.7724833
0.7635877
0.754387
0.7453002
0.7359372
0.7263985
0.7167457
0.7069321
0.6969886
0.6869342
0.6766019
0.6660805
0.655798
0.645181
0.6345073
0.6237231
0.6127827
0.6015909
0.5904523
0.5791517
0.5676337
0.5561793
0.5444664
0.5326883
0.5207996
0.5087433
0.4967966
0.4845232
0.4725049
0.4599596
0.4476015
0.4351746
0.4221731
0.4098742
0.396984
0.3840555
0.3712638
0.3583336
0.3450765
0.3320597
0.3189304
0.3057615
0.2923606
0.2790101
0.265164
0.2520753
0.2385773
0.2247431
0.2113203
0.1976461
0.1838772
0.1702544
0.156486
0.1420961
0.1288698
0.1149138
0.101121
0.08717198
0.07339225
0.05926911
0.04524651
0.03130459
0.01725741
0.003336527
-0.01070326
-0.02457695
-0.03859457
-0.05262936
-0.06629978
-0.0803285
-0.09401853
-0.1077894
-0.1217592
-0.1355179
-0.1494051
-0.1631481
-0.1768802
-0.1906005
-0.2043825
-0.2181893
-0.2317095
-0.2453718
-0.2586356
-0.2720783
-0.2854371
-0.2988062
-0.3121005
-0.3254531
-0.3385742
-0.351578
-0.3646759
-0.3776385
-0.3910454
-0.40348
-0.415981
-0.4287692
-0.4411776
-0.4536961
-0.4661375
-0.4785008
-0.4906137
-0.5027562
-0.5147349
-0.5267193
-0.5385855
-0.5501165
-0.5616855
-0.5734051
-0.5846559
-0.5959423
-0.6071228
-0.618057
-0.6289174
-0.639891
-0.650414
-0.6609997
-0.6714046
-0.6816579
-0.6917735
-0.7018421
-0.7117456
-0.7213855
-0.7311751
-0.7406243
-0.7497261
-0.7589664
-0.767911
-0.7767756
-0.7854806
-0.7941141
-0.8025094
-0.8107723
-0.8188416
-0.8266975
-0.8345343
-0.8421646
-0.8495514
-0.8569896
-0.8639433
-0.8709086
-0.8777846
-0.8843758
-0.8907179
-0.896979
-0.9030414
-0.9089323
-0.9147773
-0.9202585
-0.9255859
-0.9309596
-0.9358267
-0.9406725
-0.9452758
-0.949733
-0.9540123
-0.9581667
-0.962038
-0.9657332
-0.9692963
-0.9725937
-0.97575
-0.978707
-0.9814627
-0.9840418
-0.9864348
-0.9886503
-0.9906428
-0.9924749
-0.9940773
-0.9954817
-0.9967235
-0.9977462
-0.9986025
-0.9992322
-0.9996821
-0.999936
-0.9999966
-0.9998594
-0.9995344
-0.9990065
-0.9982965
-0.9973861
-0.996262
-0.9949801
-0.9934884
-0.9917784
-0.9899203
-0.9878454
-0.9855589
-0.9831172
-0.9804665
-0.9776016
-0.974538
-0.9713249
-0.967905
-0.9643903
-0.9605932
-0.9565544
-0.9524378
-0.9480929
-0.9236497
-0.9181926
-0.9125553
-0.9066989
-0.9007999
-0.8946658
-0.8883494
-0.8818666
-0.8751121
-0.8682602
-0.861349
-0.8541765
-0.8467829
-0.839279
-0.8315873
-0.8237144
-0.8157908
-0.8075456
-0.7992817
-0.7908394
-0.7822782
-0.7734192
-0.764661
-0.7554868
-0.7463577
-0.7369685
-0.7273695
-0.7177842
-0.7080486
-0.6981438
-0.6879984
-0.6777546
-0.6675294
-0.6569698
-0.6464499
-0.6355642
-0.6244776
-0.6139416
-0.6028446
-0.5916574
-0.5803396
-0.5688913
-0.5573697
-0.545751
-0.5339118
-0.5220956
-0.510257
-0.4980034
-0.4859263
-0.4738413
-0.4613653
-0.4486252
-0.4365656
-0.4239849
-0.4111862
-0.3985735
-0.3856335
-0.3727321
-0.3598153
-0.346516
-0.3334704
-0.3202432
-0.3070276
-0.2936104
-0.279866
-0.2669481
-0.2534139
-0.2400817
-0.225868
-0.2123554
-0.1991647
-0.1855555
-0.1718223
-0.1578937
-0.1439146
-0.1304004
-0.1166043
-0.1026472
-0.08860708
-0.07458171
-0.06094136
-0.04706481
-0.0331582
-0.01910024
-0.005030865
0.008715264
0.02274196
0.0370196
0.05060012
0.06457861
0.07863571
0.09234484
0.1061768
0.120634
0.1341017
0.1480295
0.1619017
0.1753438
0.1892628
0.2028712
0.2164814
0.2303171
0.2435033
0.257063
0.2706403
0.2841274
0.2972416
0.310601
0.3238848
0.3369848
0.3507595
0.3630977
0.3760019
0.3890444
0.4019221
0.4146947
0.4272568
0.4397438
0.4522178
0.4647256
0.4769872
0.4891848
0.5013734
0.5137414
0.5252231
0.5370413
0.549136
0.5603777
0.5719583
0.5833951
0.5946407
0.6058955
0.6170979
0.6278204
0.6386584
0.6495583
0.6597775
0.6702924
0.6805108
0.690629
0.7007376
0.7107316
0.720346
0.72997
0.739409
0.748734
0.7578894
0.7669237
0.7759036
0.7845657
0.7931181
0.801527
0.8098431
0.8179085
0.8258086
0.8336775
0.8413394
0.8487825
0.8560856
0.8632092
0.870102
0.8770312
0.8837479
0.8899778
0.8962702
0.9023682
0.9082939
0.9140033
0.9196317
0.9249903
0.9302809
0.9353018
0.9400917
0.9448317
0.9492533
0.9535375
0.9576908
0.9616558
0.9653125
0.9689019
0.9722197
0.9753971
0.978406
0.981297
0.9837656
0.9862052
0.9884085
0.990431
0.9922631
0.9938888
0.9953284
0.9965845
0.9976429
0.9985127
0.9991746
0.9996483
0.9999185
0.9999993
0.9998857
0.9995798
0.9990789
0.9983474
0.9974859
0.9964079
0.9951355
0.9936356
0.9919828
0.9901193
0.9880832
0.9858181
0.9832456
0.9807774
0.9779592
0.9748958
0.9717543
0.9683647
0.9647859
0.9610296
0.9570421
0.9527183
0.9485917
0.9441
0.9393368
0.9345075
0.9294392
0.9241914
0.9187984
0.9130884
0.9071083
0.9014551
0.8953662
0.8890545
0.8825746
0.8759087
0.8690363
0.862141
0.8548971
0.847516
0.8401721
0.8325631
0.824661
0.8166561
0.8086347
0.8001902
0.7918752
0.7832946
0.7742073
0.7656205
0.7565348
0.7472397
0.7379596
0.7284411
0.7187905
0.7090598
0.6991732
0.6890543
0.6789882
0.6685249
0.6581112
0.6476109
0.6369287
0.6260396
0.6152676
0.604115
0.5929043
0.5814704
0.5702589
0.5585558
0.5470806
0.5352519
0.5234424
0.5115725
0.499586
0.4871366
0.4751817
0.4628493
0.450413
0.4378698
0.4250959
0.4126814
0.3997144
0.3871821
0.3740863
0.360951
0.3480155
0.3348732
0.3218948
0.3086923
0.2952679
0.2819845
0.268564
0.2551393
0.2415189
0.2280179
0.2144021
0.2007744
0.1870178
0.1730348
0.1595119
0.1456723
0.1318003
0.1180843
0.1041826
0.09013318
0.07644429
0.06246115
0.04839906
0.03471814
0.02075611
0.0065974
-0.007255562
-0.02125396
-0.03544072
-0.04910027
-0.06306854
-0.07715187
-0.09086844
-0.1048637
-0.1185996
-0.1324659
-0.1463385
-0.1600958
-0.1738051
-0.1875857
-0.2013033
-0.2153448
-0.2284395
-0.2421131
-0.2554824
-0.2690106
-0.2824201
-0.2957419
-0.3091605
-0.3223788
-0.3354915
-0.3486914
-0.3617994
-0.3747762
-0.3876395
-0.4006392
-0.4131332
-0.4257933
-0.4384272
-0.4509461
-0.4632889
-0.4757674
-0.4878129
-0.4999314
-0.5122248
-0.5239007
-0.5358512
-0.5475436
-0.5591728
-0.5708871
-0.5821484
-0.5935555
-0.6045893
-0.615615
-0.6265379
-0.6373184
-0.648105
-0.6586224
-0.6690298
-0.6794433
-0.6894993
-0.6995864
-0.7096421
-0.7192903
-0.7289807
-0.7384164
-0.7478099
-0.7568964
-0.7659641
-0.7749313
-0.7835602
-0.7922328
-0.8006796
-0.808885
-0.8171084
-0.8250061
-0.8328694
-0.8405154
-0.8479096
-0.855266
-0.862341
-0.8693505
-0.8761534
-0.8828507
-0.889299
-0.8955785
-0.901734
-0.9078079
-0.9134528
-0.9190573
-0.9243873
-0.9297226
-0.9347104
-0.9395467
-0.9442684
-0.9487854
-0.9530874
-0.9572079
-0.9611955
-0.9649173
-0.9684594
-0.9718433
-0.9750675
-0.9780607
-0.9808849
-0.9835536
-0.9859173
-0.9881928
-0.9902098
-0.9920621
-0.99372
-0.9951829
-0.9964674
-0.9975255
-0.9984136
-0.9991075
-0.9995967
-0.9998996
-0.9999999
-0.9999076
-0.9996231
-0.9991422
-0.998475
-0.9975961
-0.9965379
-0.9952641
-0.9938286
-0.9921771
-0.9903116
-0.9882525
-0.9860557
-0.9836885
-0.9810894
-0.9782218
-0.9752944
-0.9720847
-0.9687204
-0.9651778
-0.96141
-0.9574494
-0.9533689
-0.9491038
-0.9445489
-0.9399303
-0.9350119
-0.9299853
-0.9247966
-0.9193864
-0.9138337
-0.9080216
-0.9020342
-0.8960475
-0.8897271
-0.8833369
-0.8766322
-0.8699138
-0.8629413
-0.8555992
-0.8484615
-0.8409175
-0.8333623
-0.8254567
-0.8175977
-0.8094758
-0.8012748
-0.7928472
-0.7842308
-0.7754701
-0.7666555
-0.7574163
-0.7484342
-0.7390364
-0.7294091
-0.7198999
-0.7100455
-0.7001753
-0.6902136
-0.6801627
-0.6698661
-0.6593014
-0.6487312
-0.6380916
-0.6273926
-0.6164312
-0.605141
-0.5941052
-0.5829208
-0.5715106
-0.5600963
-0.5482237
-0.5367209
-0.524913
-0.5130424
-0.5009606
-0.4887438
-0.4764723
-0.4643016
-0.4515916
-0.4392828
-0.4267824
-0.4141356
-0.4012355
-0.3885645
-0.3753672
-0.3625448
-0.3495963
-0.3363543
-0.3232982
-0.3102038
-0.2967169
-0.2833755
-0.2697991
-0.2566076
-0.2427871
-0.2293702
-0.2157811
-0.2023126
-0.1884179
-0.174846
-0.1610036
-0.1473238
-0.1333039
-0.1192458
-0.1056722
-0.09179392
-0.07793962
-0.06394082
-0.04996372
-0.03624368
-0.02230896
-0.008356554
0.006213546
0.01960764
0.03353579
0.04791658
0.06168777
0.07532933
0.08923415
0.1031501
0.1170496
0.1313631
0.1447282
0.1586358
0.1722396
0.186131
0.1997499
0.213388
0.2270386
0.2406854
0.2544195
0.2675768
0.2810103
0.2943981
0.3080369
0.3209587
0.3340225
0.3471101
0.360214
0.3733994
0.3862846
0.3998136
0.4118104
0.4244893
0.437029
0.4496529
0.4618815
0.4743738
0.4867597
0.4987162
0.5107492
0.5225756
0.5344876
0.5462177
0.5582848
0.5695031
0.5807435
0.5925045
0.6034046
0.614464
0.6253384
0.6361752
0.6469287
0.6574946
0.6679924
0.6781374
0.6883099
0.6984962
0.7084405
0.7181666
0.727927
0.7373592
0.7466776
0.7559217
0.7648749
0.7738374
0.7825836
0.7912035
0.7996943
0.8079696
0.8163971
0.8240755
0.8319675
0.8395952
0.847071
0.8544245
0.8616455
0.8685904
0.8754774
0.8820456
0.8885745
0.894889
0.9010855
0.9070422
0.912882
0.9185134
0.9238419
0.929079
0.9341824
0.9390163
0.9437585
0.9482729
0.9525941
0.9567689
0.9607638
0.9645214
0.9680932
0.9715309
0.9747097
0.9777523
0.9806028
0.9831978
0.9856673
0.9879111
0.9899893
0.9918843
0.9935485
0.9950239
0.9963223
0.9974346
0.998325
0.9990433
0.9995553
0.9998716
0.9999983
0.9999258
0.9996676
0.9992067
0.9985379
0.9977094
0.9966662
0.9954329
0.9940076
0.9923366
0.9905619
0.9885425
0.9863187
0.9839523
0.9813507
0.9785736
0.9756455
0.9724862
0.9691343
0.9655731
0.9618868
0.9579173
0.9538612
0.9496194
0.9450403
0.9404652
0.9356363
0.930613
0.9253806
0.9200538
0.9144973
0.9087628
0.9028167
0.8967487
0.8903787
0.8840148
0.8773639
0.87057
0.8637136
0.8565636
0.8493238
0.8419042
0.834141
0.8263743
0.8185042
0.8104572
0.8013722
0.7937928
0.7851841
0.776498
0.7676445
0.758391
0.7493258
0.7401794
0.7305971
0.7209638
0.7111356
0.7012779
0.6913256
0.681313
0.6710016
0.6604641
0.6499835
0.6394187
0.6285005
0.617697
0.6066452
0.5954014
0.5842503
0.5723842
0.5611898
0.5497356
0.5379328
0.5261143
0.5143472
0.5022647
0.4900201
0.4779529
0.4656125
0.4531129
0.4408351
0.4281917
0.4155784
0.4028497
0.38999
0.377142
0.3641287
0.3511368
0.338023
0.3247964
0.3116256
0.2981944
0.2849708
0.2714908
0.2580384
0.2445469
0.2309189
0.2174315
0.203656
0.1901584
0.1764371
0.1625985
0.1486902
0.1351152
0.1212119
0.1073341
0.09321892
0.07954885
0.06546794
0.05172446
0.03775771
0.02382934
0.009659847
-0.004122492
-0.01798033
-0.03213973
-0.0460107
-0.05998323
-0.07394022
-0.08788273
-0.1016638
-0.115577
-0.1293352
-0.1431893
-0.1571435
-0.1709048
-0.1846366
-0.198396
-0.2118666
-0.2254049
-0.2389627
-0.2525812
-0.2661719
-0.2927766
-0.306301
-0.3193879
-0.3326157
-0.3456995
-0.3587949
-0.3719085
-0.3846667
-0.3977928
-0.4102397
-0.422984
-0.4355421
-0.4480945
-0.4604576
-0.4729774
-0.4850755
-0.4972535
-0.5095445
-0.5212344
-0.533079
-0.5450376
-0.5565503
-0.568086
-0.5795887
-0.5907894
-0.6020237
-0.6131188
-0.6241659
-0.6349009
-0.6456255
-0.6562328
-0.6666865
-0.6769825
-0.6872364
-0.6974153
-0.7072316
-0.7170756
-0.7268704
-0.7361968
-0.7455279
-0.7548652
-0.764047
-0.7728661
-0.7815716
-0.7902445
-0.7987321
-0.8070726
-0.8153877
-0.8232975
-0.8310485
-0.8387494
-0.84628
-0.8536273
-0.8609057
-0.8677921
-0.8746361
-0.8813821
-0.8878583
-0.894158
-0.9002988
-0.9062929
-0.912135
-0.9178172
-0.9232133
-0.9284686
-0.9335567
-0.9384791
-0.943209
-0.9477343
-0.9522876
-0.9563076
-0.9602908
-0.9641158
-0.9676898
-0.9711567
-0.9743456
-0.9774161
-0.9802425
-0.9829177
-0.9854277
-0.9995037
-0.9998465
-0.9999467
-0.9997053
-0.9992671
-0.9986135
-0.9978065
-0.9967646
-0.9955894
-0.9941489
-0.9925773
-0.9907945
-0.9888017
-0.9866199
-0.9842354
-0.9816913
-0.9788162
-0.9759597
-0.9728411
-0.9695221
-0.9660178
-0.9623265
-0.9584094
-0.9543406
-0.9500747
-0.9456581
-0.9410133
-0.936172
-0.9311686
-0.9260424
-0.9206575
-0.91513
-0.9094122
-0.903504
-0.897461
-0.8911963
-0.8847798
-0.8781182
-0.8714632
-0.8644196
-0.8573828
-0.8501297
-0.8426437
-0.8351089
-0.8273348
-0.8113561
-0.8031204
-0.7947075
-0.7861438
-0.7774889
-0.7685743
-0.75956
-0.7503849
-0.7410858
-0.731645
-0.7220802
-0.7124262
-0.7025106
-0.6925585
-0.6823696
-0.6720973
-0.6617426
-0.6511847
-0.6404378
-0.629813
-0.6189042
-0.607796
-0.596745
-0.5854869
-0.5739399
-0.562574
-0.5509862
-0.5392206
-0.5275723
-0.5155103
-0.5035528
-0.491508
-0.4793417
-0.4670186
-0.4545428
-0.4421415
-0.4295862
-0.4169438
-0.4040772
-0.3912389
-0.3785147
-0.3655589
-0.3526246
-0.3394324
-0.326119
-0.3131609
-0.2998967
-0.2863733
-0.2729725
-0.2595148
-0.2461063
-0.2324873
-0.2187482
-0.2054023
-0.1916849
-0.1780051
-0.1642306
-0.1502429
-0.1366484
-0.1227819
-0.1087474
-0.09499879
-0.08115598
-0.06707293
-0.05328886
-0.03926974
-0.02522764
-0.01146282
0.002487276
0.01670769
0.03047481
0.04453721
0.05830137
0.07219903
0.08620051
0.1001888
0.1138806
0.1277514
0.1416689
0.155438
0.1692934
0.183018
0.1966247
0.2101936
0.2238263
0.2374524
0.2510134
0.26461
0.277905
0.2916651
0.3046386
0.3178705
0.3310947
0.3442077
0.3574248
0.3703369
0.3834316
0.3960713
0.408814
0.4215432
0.4342002
0.446871
0.4592765
0.4714384
0.4837216
0.4960031
0.5080054
0.5199424
0.5319177
0.543573
0.5553338
0.5671951
0.5782461
0.5896357
0.6007293
0.6118956
0.6228755
0.6339023
0.6443934
0.6550038
0.6659222
0.6758821
0.6861586
0.6963218
0.7060907
0.7159216
0.7256361
0.7351098
0.7445771
0.753927
0.7629516
0.7718759
0.780727
0.7893117
0.7978368
0.8062008
0.8143713
0.8223031
0.830174
0.8378975
0.8455096
0.8527924
0.859987
0.867119
0.8739349
0.8805904
0.8871434
0.8934589
0.8996192
0.9056491
0.911622
0.9171987
0.9226234
0.9279397
0.9329996
0.9379264
0.9427269
0.9472529
0.9516549
0.9558697
0.9598312
0.9637129
0.9672936
0.9707261
0.9740782
0.9771106
0.9799482
0.9826281
0.9851391
0.987429
0.9895412
0.9914721
0.99317
0.9947014
0.996051
0.9971894
0.998135
0.9988912
0.9994541
0.9998182
0.9999862
0.9999624
0.9997447
0.9993239
0.9987234
0.9979128
0.9969094
0.9957264
0.9943408
0.992751
0.9909957
0.9890258
0.986847
0.9845179
0.9819842
0.9792511
0.9763008
0.9731666
0.9698657
0.9664
0.9627461
0.9588434
0.9548176
0.9505469
0.9461293
0.9415461
0.9365786
0.9317566
0.9266253
0.9212397
0.9156869
0.9100563
0.9041857
0.8980704
0.891923
0.8854272
0.8788829
0.8721913
0.865275
0.8581977
0.8509054
0.8435314
0.8359613
0.8281795
0.8201561
0.8119614
0.8039961
0.7956828
0.7871134
0.778466
0.769639
0.7605681
0.7514723
0.7422493
0.7324602
0.7232474
0.7134606
0.7036165
0.6937124
0.6835947
0.6732508
0.6628677
0.6524422
0.6416665
0.6310616
0.6201639
0.6089333
0.5980441
0.5865647
0.5753437
0.5639662
0.5523088
0.5406451
0.5288053
0.5169924
0.5047969
0.492875
0.4807294
0.4681369
0.4559241
0.4432794
0.430811
0.4182217
0.405691
0.392838
0.3799784
0.3668107
0.3538296
0.3405505
0.3277545
0.3143224
0.3013508
0.2878045
0.2744132
0.2611157
0.2475431
0.2339291
0.2195546
0.2068344
0.1931548
0.1795164
0.1657268
0.1518443
0.1381736
0.1241283
0.1104562
0.09656195
0.08221924
0.06879191
0.05494073
0.04079312
0.02678604
0.01302163
-0.0009550491
-0.01514896
-0.02881361
-0.04287305
-0.05702304
-0.0706593
-0.08459406
-0.09866414
-0.1126008
-0.126417
-0.1400802
-0.1541051
-0.1676327
-0.1814252
-0.1952194
-0.2089379
-0.2225075
-0.2359674
-0.2494819
-0.2631468
-0.2765098
-0.2900203
-0.3032697
-0.3165295
-0.3297673
-0.3430625
-0.355833
-0.3688246
-0.3819984
-0.3946499
-0.4075928
-0.4201636
-0.4327197
-0.4452777
-0.4579454
-0.4700967
-0.4823533
-0.4945129
-0.5066258
-0.5190504
-0.5304546
-0.5422831
-0.5539414
-0.5660614
-0.5770202
-0.5885301
-0.5996411
-0.6106648
-0.6218255
-0.6325363
-0.6432414
-0.6539261
-0.6643137
-0.6747999
-0.6850015
-0.6950677
-0.7050158
-0.7148563
-0.7246204
-0.7340339
-0.7434794
-0.7528191
-0.7618465
-0.7708716
-0.7797328
-0.7883136
-0.7969559
-0.80523
-0.8134234
-0.8214781
-0.8293445
-0.8370226
-0.8446129
-0.8520211
-0.8591923
-0.8662519
-0.8732114
-0.8799919
-0.8865535
-0.8927507
-0.898959
-0.9050891
-0.9108384
-0.9165185
-0.9220181
-0.9273903
-0.9324539
-0.9374456
-0.9423717
-0.9467644
-0.9511514
-0.9554241
-0.9594217
-0.9633233
-0.966935
-0.9704601
-0.9737912
-0.9767606
-0.979641
-0.9823591
-0.9848662
-0.9871917
-0.9893168
-0.9912542
-0.9929838
-0.9945439
-0.9959144
-0.9970807
-0.9980429
-0.9988205
-0.9993983
-0.9997873
-0.9999794
-0.9999745
-0.9997776
-0.999389
-0.9987963
-0.9980175
-0.9970145
-0.9958736
-0.99449
-0.9929449
-0.9912017
-0.9892332
-0.9871168
-0.984786
-0.9822282
-0.9795727
-0.9766435
-0.9735555
-0.9702517
-0.966822
-0.9631624
-0.9593053
-0.9552718
-0.9510488
-0.9465504
-0.9420266
-0.9372316
-0.9323311
-0.9271232
-0.9218022
-0.9163597
-0.9106493
-0.9048115
-0.8987283
-0.8925804
-0.8861843
-0.8796002
-0.8729547
-0.8660631
-0.85887
-0.8517813
-0.8442674
-0.836634
-0.8290458
-0.8212364
-0.8131458
-0.8049742
-0.7965086
-0.7881163
-0.7794029
-0.770502
-0.7616313
-0.7525401
-0.743145
-0.7339042
-0.7242994
-0.7145494
-0.7047775
-0.6947823
-0.6847261
-0.6743492
-0.664057
-0.6535593
-0.6429549
-0.6322081
-0.6213861
-0.6102386
-0.5990149
-0.5880117
-0.5766367
-0.5652025
-0.5536617
-0.5419367
-0.5301181
-0.5181043
-0.5062079
-0.4941745
-0.4818384
-0.4697632
-0.4573347
-0.4448983
-0.4321519
-0.4197238
-0.4070701
-0.394194
-0.3814058
-0.3684911
-0.3555868
-0.3424531
-0.3290864
-0.3160009
-0.3027351
-0.2895089
-0.2760989
-0.2626497
-0.2487465
-0.235615
-0.2220461
-0.2083296
-0.1946617
-0.1810198
-0.1672301
-0.1535546
-0.1396645
-0.1258643
-0.1119638
-0.09802616
-0.08414912
-0.07026715
-0.05626492
-0.04244217
-0.02834819
-0.01458423
-6.601012E-05
0.01333844
0.02730105
0.04136887
0.05541706
0.06919171
0.08296458
0.09691147
0.1108507
0.1249196
0.1385667
0.1522479
0.1664041
0.1799707
0.1934657
0.207122
0.2207716
0.2344633
0.2479868
0.2614253
0.2748939
0.2884367
0.3017111
0.3149852
0.3283457
0.341189
0.3543221
0.3674212
0.3808959
0.3931749
0.4063012
0.4187104
0.4315202
0.4440898
0.4564877
0.4687572
0.4810875
0.4931938
0.5054654
0.5180827
0.5292069
0.5409726
0.5527732
0.5641522
0.5759178
0.5871332
0.59824
0.6094235
0.6208252
0.6313399
0.6423452
0.6526679
0.6632848
0.673595
0.6838399
0.6940038
0.7039879
0.714166
0.7235241
0.7330626
0.7425151
0.7518071
0.7608927
0.7699215
0.7786936
0.7873347
0.7959371
0.8042978
0.8125445
0.8205423
0.8285963
0.8361728
0.8437752
0.8511279
0.8584601
0.8654701
0.872391
0.8790922
0.885709
0.8921093
0.8983974
0.904334
0.9101575
0.9158785
0.9214163
0.9267859
0.931873
0.9369445
0.9416772
0.9462638
0.9507033
0.9549038
0.9589506
0.9628698
0.9665304
0.969992
0.9732981
0.9763932
0.9793137
0.9820383
0.9846075
0.9869301
0.9891012
0.9910416
0.9928064
0.9943938
0.9957531
0.9969482
0.9979503
0.9987338
0.9993437
0.999752
0.9999655
0.9999843
0.9998099
0.9994343
0.9988739
0.998109
0.9971458
0.9960085
0.9946743
0.9931281
0.9913629
0.9894789
0.9873734
0.9850479
0.9825189
0.9798393
0.9769642
0.9739044
0.9706582
0.9671803
0.963511
0.9597669
0.9557059
0.951486
0.9471366
0.9425702
0.9377794
0.93288
0.9277789
0.9224923
0.9170131
0.9113395
0.9054856
0.8994958
0.8933063
0.8869055
0.8803316
0.8737159
0.8667539
0.8598116
0.852589
0.8451365
0.8376974
0.8299591
0.821999
0.8140611
0.8058688
0.7974087
0.7891054
0.7803405
0.771524
0.762606
0.7534856
0.7442101
0.7349364
0.7254049
0.7157057
0.7058664
0.6959109
0.685867
0.6754742
0.6652872
0.6548077
0.6440548
0.6334122
0.622535
0.6115695
0.600473
0.5892842
0.5780187
0.5665224
0.5547085
0.5431213
0.5314652
0.5195512
0.507693
0.4955921
0.4833542
0.4712263
0.4588087
0.4461744
0.4338735
0.4212455
0.408396
0.3957138
0.3828676
0.369993
0.3568474
0.3438206
0.3307561
0.317429
0.3042968
0.2909022
0.277542
0.263977
0.2506698
0.2370631
0.2235696
0.2099361
0.1960672
0.1824777
0.1684811
0.155076
0.1410683
0.1273236
0.1134711
0.09965339
0.08564921
0.07181834
0.05780608
0.0439463
0.03007423
0.01599041
0.002052187
-0.01187881
-0.02584563
-0.03972736
-0.05363572
-0.06756032
-0.08152879
-0.09559519
-0.109252
-0.1233841
-0.137359
-0.1507937
-0.1644829
-0.1783769
-0.1920446
-0.2056788
-0.2193141
-0.2331516
-0.2464984
-0.2599755
-0.2734204
-0.2869181
-0.3001699
-0.3135378
-0.3267899
-0.3397663
-0.3528282
-0.3658963
-0.3792351
-0.3917972
-0.4045902
-0.417412
-0.4299343
-0.4425454
-0.4549167
-0.4673021
-0.4796332
-0.4919766
-0.5039089
-0.515981
-0.5278512
-0.5396062
-0.5514352
-0.5629305
-0.574396
-0.585852
-0.5970114
-0.6083685
-0.6193657
-0.6301835
-0.6408159
-0.651648
-0.6620315
-0.6724081
-0.6827016
-0.692875
-0.7028066
-0.7127957
-0.7224497
-0.7319624
-0.7414061
-0.7507984
-0.7597934
-0.7689794
-0.7777001
-0.7865281
-0.7949716
-0.8034
-0.8115992
-0.8196153
-0.8275084
-0.8352852
-0.8429375
-0.8503165
-0.8576929
-0.8647494
-0.8715737
-0.8783463
-0.8849949
-0.8914108
-0.8975872
-0.9036838
-0.9095249
-0.9153361
-0.9209418
-0.9262827
-0.9313132
-0.9363624
-0.9411127
-0.9457226
-0.9502222
-0.9544489
-0.9585292
-0.9624281
-0.9660918
-0.969623
-0.9729294
-0.9760561
-0.9790685
-0.9817589
-0.9843028
-0.9866641
-0.988858
-0.9908369
-0.9926162
-0.994229
-0.9956105
-0.9968359
-0.9978465
-0.9986579
-0.9992861
-0.9997134
-0.9999514
-0.999992
-0.9998381
-0.9994882
-0.9989456
-0.9982068
-0.9972783
-0.9961557
-0.9948291
-0.993278
-0.9915997
-0.9897043
-0.9875982
-0.98531
-0.9828262
-0.9801851
-0.977316
-0.9742355
-0.9708831
-0.967633
-0.9639505
-0.9602013
-0.9562038
-0.9519551
-0.9476393
-0.9430568
-0.9383182
-0.9333432
-0.9283637
-0.9230753
-0.9176201
-0.912002
-0.9061331
-0.9001824
-0.8939751
-0.8876738
-0.8810647
-0.8744066
-0.8676555
-0.8606201
-0.853345
-0.8460156
-0.8385353
-0.8308638
-0.8229963
-0.814992
-0.8067706
-0.7984817
-0.7900784
-0.7814454
-0.7725802
-0.7636061
-0.7546098
-0.7453166
-0.736021
-0.7264614
-0.7168015
-0.7069509
-0.6970487
-0.6868537
-0.6765892
-0.6663223
-0.6559448
-0.6453427
-0.634603
-0.6234919
-0.6128504
-0.6017828
-0.5905368
-0.579203
-0.5677844
-0.5562015
-0.5443496
-0.5328561
-0.5209314
-0.5090814
-0.4968495
-0.4848217
-0.4725099
-0.4600442
-0.4477021
-0.4352432
-0.4226692
-0.4098011
-0.39718
-0.3841488
-0.3713488
-0.3584885
-0.3452447
-0.332137
-0.3190117
-0.3055563
-0.292408
-0.2789844
-0.2657194
-0.252234
-0.2384884
-0.2250999
-0.2114451
-0.1977601
-0.1840927
-0.1699724
-0.1566611
-0.1427889
-0.1288924
-0.1151941
-0.1012462
-0.08718711
-0.07344544
-0.05956035
-0.04542364
-0.03162861
-0.01761778
-0.003775143
0.01038482
0.02416515
0.03834115
0.05204087
0.06595919
0.08000537
0.09380022
0.1078615
0.1215908
0.13538
0.1492298
0.1629487
0.1766738
0.1906043
0.2042425
0.2178152
0.2314572
0.2450428
0.2584145
0.2718985
0.2856693
0.2987116
0.3120136
0.3251935
0.3383355
0.3514227
0.3646831
0.3775131
0.3902887
0.4031257
0.4158804
0.4284883
0.4410408
0.4535211
0.4660583
0.4782948
0.4904326
0.5025122
0.5146679
0.5264745
0.5386081
0.550306
0.561695
0.5731223
0.5846435
0.595757
0.607082
0.6180541
0.6289515
0.6397473
0.6503199
0.6608595
0.6712788
0.681503
0.6917115
0.7017674
0.7116988
0.7213815
0.7310243
0.7404718
0.7496491
0.7588584
0.7679062
0.7767648
0.7854984
0.793997
0.8023274
0.8107142
0.8187628
0.8266279
0.8345259
0.8420483
0.8495192
0.8568215
0.8638809
0.8708177
0.8776549
0.8842805
0.8906547
0.8969799
0.903007
0.9089156
0.9146625
0.9202048
0.9255599
0.9307708
0.9358006
0.9406233
0.9452721
0.9497055
0.9539677
0.9581372
0.9620286
0.965704
0.9692349
0.9726415
0.97573
0.9787109
0.9814671
0.9840272
0.9864668
0.9886282
0.9906235
0.9924316
0.9940518
0.9954786
0.9967012
0.9977382
0.9985744
0.9992208
0.9996766
0.9999329
0.9999966
0.999866
0.9995414
0.9989882
0.9982976
0.9973868
0.9962862
0.9949694
0.9934986
0.9918162
0.9899063
0.9878685
0.9855905
0.9831378
0.9804829
0.9775856
0.9745859
0.9714241
0.9679937
0.9644055
0.9605995
0.9566044
0.9523919
0.9481553
0.9436196
0.9388285
0.9340162
0.9286904
0.923627
0.9182568
0.9124968
0.9066724
0.9008553
0.8946913
0.888338
0.8818819
0.8752726
0.8680964
0.8613316
0.8542479
0.8467625
0.8394065
0.8315947
0.8237576
0.8158966
0.8077154
0.7993894
0.7910331
0.7823387
0.7734675
0.7646782
0.7555243
0.7462865
0.7370884
0.727592
0.7177814
0.708128
0.6981602
0.6880302
0.6779718
0.6675095
0.657066
0.646329
0.6357836
0.6248857
0.6140665
0.6028171
0.5917358
0.5805663
0.5691297
0.5574774
0.5458004
0.5340779
0.5222387
0.5103865
0.4980199
0.4861346
0.4736481
0.4614651
0.4490444
0.4365707
0.4238397
0.4110905
0.3985718
0.385732
0.3728383
0.3599576
0.3468576
0.3337149
0.3204852
0.307229
0.2935921
0.2805983
0.2671778
0.2536094
0.2400798
0.2264105
0.2128343
0.1992581
0.1855573
0.1718204
0.1581516
0.1441996
0.1303361
0.1167274
0.102353
0.0886412
0.07504572
0.0610974
0.0471257
0.03326679
0.01926798
0.005135696
-0.008989984
-0.02257614
-0.03679094
-0.05057161
-0.06454061
-0.07854641
-0.09241518
-0.1062167
-0.11996
-0.1338315
-0.1476089
-0.1616928
-0.1752256
-0.1889988
-0.2032242
-0.2163791
-0.2298624
-0.2436976
-0.2569488
-0.2705926
-0.2844749
-0.2971834
-0.3105648
-0.3238163
-0.3368717
-0.3502272
-0.3632702
-0.3760408
-0.3888354
-0.4018244
-0.414365
-0.4270965
-0.4397919
-0.452223
-0.4646379
-0.4770291
-0.4891067
-0.5011969
-0.5134321
-0.525207
-0.5373132
-0.5487263
-0.560354
-0.5718442
-0.583437
-0.5944766
-0.6057332
-0.6168518
-0.6277121
-0.6386746
-0.649277
-0.6596858
-0.670216
-0.6805598
-0.690527
-0.7005879
-0.7104229
-0.7203037
-0.7300561
-0.7392845
-0.7486494
-0.7578173
-0.7669678
-0.775693
-0.784483
-0.7931924
-0.8015327
-0.8102368
-0.8178975
-0.8257797
-0.8335838
-0.8413013
-0.8486897
-0.8560462
-0.8631332
-0.8700672
-0.8770514
-0.8835872
-0.8900943
-0.896288
-0.9023263
-0.908274
-0.9140096
-0.9196249
-0.9249526
-0.9303285
-0.9352296
-0.9400436
-0.9446898
-0.9491873
-0.9535668
-0.9576722
-0.9615946
-0.965307
-0.969049
-0.9722282
-0.9753639
-0.9783495
-0.9811723
-0.9837595
-0.9861473
-0.9884065
-0.9904014
-0.9923382
-0.9939002
-0.9953198
-0.996582
-0.9976448
-0.9984893
-0.9991722
-0.999639
-0.999915
-0.9999992
-0.9998865
-0.9995826
-0.9990799
-0.9983836
-0.9975025
-0.996394
-0.9951168
-0.9936757
-0.9919919
-0.9901308
-0.9880512
-0.9858664
-0.9833933
-0.9807748
-0.977946
-0.9749543
-0.9717731
-0.9683989
-0.9648024
-0.9609293
-0.9571095
-0.9529169
-0.9486545
-0.9440993
-0.9394257
-0.9345896
-0.9294617
-0.9242831
-0.9188624
-0.9132252
-0.9074427
-0.9014253
-0.895288
-0.8890388
-0.8825997
-0.8759372
-0.8691033
-0.8622153
-0.8549505
-0.8475888
-0.8402466
-0.832506
-0.824567
-0.8167464
-0.8086672
-0.8003388
-0.7919625
-0.7831025
-0.7746405
-0.765699
-0.7565771
-0.74745
-0.7380844
-0.7285795
-0.7189005
-0.709166
-0.6993381
-0.6892132
-0.679117
-0.6687262
-0.6582088
-0.6475411
-0.6369714
-0.6260485
-0.61526
-0.604273
-0.5930256
-0.5816705
-0.5703952
-0.5585969
-0.5471795
-0.5354822
-0.5224621
-0.5117199
-0.4996256
-0.487483
-0.4751078
-0.4628509
-0.4504947
-0.4380035
-0.4254756
-0.4126814
-0.399973
-0.3871979
-0.3741711
-0.3612835
-0.3482657
-0.3351373
-0.3220121
-0.3085127
-0.295359
-0.2821015
-0.268654
-0.2550249
-0.2416076
-0.2281626
-0.2144095
-0.2009238
-0.1870627
-0.1730704
-0.1596004
-0.1458892
-0.1320177
-0.117874
-0.1043665
-0.09031167
-0.07633392
-0.0626305
-0.04869428
-0.03445501
-0.02070455
-0.006728932
0.007076347
0.02104046
0.03514534
0.04893841
0.06304577
0.07698079
0.09071845
0.1045982
0.1187493
0.1324982
0.1461574
0.1605006
0.1738145
0.1873703
0.2013127
0.2147451
0.2283115
0.2420854
0.255512
0.2690217
0.2824275
0.2958002
0.3090172
0.3227129
0.335364
0.3486164
0.361547
0.3747267
0.3875042
0.4003684
0.4129735
0.4257658
0.438333
0.4509172
0.4632839
0.4755074
0.4877264
0.499943
0.512143
0.5239999
0.5356467
0.547483
0.5592045
0.5706366
0.5821298
0.5939653
0.6043857
0.6156962
0.6264829
0.637342
0.6481312
0.6586024
0.6692339
0.6792852
0.689487
0.6994938
0.7095078
0.7192426
0.7289768
0.7383291
0.7476428
0.7569165
0.7658807
0.7747347
0.7834346
0.7922421
0.8006522
0.8089411
0.8169996
0.8249253
0.8327047
0.8404555
0.8479046
0.8551129
0.8623159
0.8693826
0.8761103
0.8827504
0.8892589
0.8955378
0.9016433
0.9075534
0.9134195
0.9189543
0.9244332
0.9296166
0.9347212
0.9396113
0.9441849
0.9488318
0.9530153
0.957167
0.9611919
0.9648858
0.9684722
0.9718595
0.9750324
0.9780368
0.9808797
0.9834646
0.9859144
0.9881405
0.9902045
0.9920568
0.9936967
0.9951623
0.9964514
0.997527
0.9984012
0.9990932
0.9995932
0.9998941
0.9999999
0.9999101
0.9996288
0.9991384
0.9984738
0.9975887
0.9965539
0.9952865
0.9938521
0.9922004
0.9903613
0.9883415
0.986065
0.9837011
0.9810941
0.9783124
0.9752754
0.972112
0.968744
0.9650555
0.9614657
0.9575578
0.9534172
0.9490527
0.9446234
0.939955
0.9350957
0.9300805
0.9248641
0.9194059
0.9138376
0.908135
0.9021403
0.8960577
0.8897985
0.8833386
0.8766735
0.8699392
0.8629461
0.8558054
0.8485099
0.8410639
0.8334045
0.8255234
0.817691
0.8095407
0.8012839
0.7928157
0.7842107
0.7754424
0.7666126
0.7576952
0.7484341
0.7391481
0.7295395
0.7200547
0.7103636
0.700389
0.6903143
0.6801794
0.6698675
0.6592354
0.6489924
0.6381195
0.6274832
0.6165243
0.6052898
0.5942739
0.5830401
0.5715967
0.5599682
0.5485474
0.5366629
0.5249633
0.5129703
0.5008433
0.4889234
0.4767171
0.4644215
0.4518008
0.4394764
0.4268134
0.4142397
0.4015306
0.3886277
0.3756022
0.3628291
0.3496016
0.3365913
0.3233865
0.3101692
0.2968589
0.2835419
0.27017
0.2566204
0.2431164
0.2293683
0.2160436
0.2021182
0.1884029
0.1745905
0.1612257
0.1473822
0.133404
0.1193727
0.1058826
0.09204265
0.0779985
0.064133
0.0498665
0.03632557
0.02223262
0.008406071
-0.005578481
-0.0196878
-0.03348058
-0.04744226
-0.06175638
-0.0756356
-0.08928362
-0.1030553
-0.1172277
-0.1309755
-0.1446075
-0.1584721
-0.1724895
-0.185865
-0.200361
-0.2133005
-0.2271018
-0.2405799
-0.2540561
-0.2676376
-0.2808548
-0.2942414
-0.3075234
-0.3207023
-0.3340064
-0.3471441
-0.3601571
-0.3732066
-0.386158
-0.3988903
-0.4116192
-0.4244169
-0.4371886
-0.4494945
-0.4617936
-0.4741019
-0.4864249
-0.4986353
-0.5106951
-0.5224991
-0.5345811
-0.5462066
-0.5577816
-0.5692146
-0.5807809
-0.5921357
-0.6034533
-0.6143075
-0.6251867
-0.6360635
-0.6467105
-0.6573567
-0.6677681
-0.6781235
-0.6883542
-0.6984416
-0.7082602
-0.7182304
-0.7279009
-0.737251
-0.746637
-0.7558768
-0.7648529
-0.7737215
-0.7826216
-0.7911919
-0.7995638
-0.807918
-0.816168
-0.8241944
-0.8321474
-0.8396139
-0.8470406
-0.8543789
-0.8616126
-0.8685034
-0.8753447
-0.8821014
-0.8885062
-0.8947936
-0.900978
-0.9069667
-0.9127885
-0.9183912
-0.9238157
-0.9290889
-0.9340898
-0.9389914
-0.9437623
-0.9481943
-0.9525848
-0.9567511
-0.9606907
-0.9645496
-0.9681171
-0.9715101
-0.9746773
-0.977746
-0.9805594
-0.983218
-0.9856512
-0.987949
-0.9899915
-0.9918789
-0.9935272
-0.9950395
-0.9963033
-0.9974198
-0.9983143
-0.9990286
-0.9995492
-0.9998682
-0.9999977
-0.9999306
-0.9996688
-0.9992025
-0.9985633
-0.997712
-0.9966863
-0.9954529
-0.9940127
-0.9923752
-0.9905802
-0.9885822
-0.9863846
-0.983981
-0.9813778
-0.9786239
-0.9756162
-0.9725173
-0.9691343
-0.9656266
-0.9618513
-0.9579929
-0.9538943
-0.9496253
-0.9451849
-0.9405196
-0.935678
-0.9305642
-0.9254615
-0.9200583
-0.9145312
-0.908734
-0.9028512
-0.896779
-0.8905348
-0.884038
-0.8773492
-0.8705812
-0.8637866
-0.8566462
-0.849364
-0.8419535
-0.8342146
-0.8264366
-0.8185129
-0.810294
-0.8020493
-0.7938368
-0.7852833
-0.7765796
-0.767598
-0.7586967
-0.7494166
-0.7402178
-0.7306725
-0.7211647
-0.7113501
-0.7015226
-0.6916012
-0.6812208
-0.6710467
-0.6605386
-0.6501718
-0.6394774
-0.6284885
-0.6177239
-0.6064541
-0.5955791
-0.5842657
-0.5727782
-0.5613381
-0.5498152
-0.5381513
-0.5263738
-0.5142654
-0.5023636
-0.4902329
-0.4779997
-0.4657542
-0.453208
-0.4405474
-0.4282744
-0.4156373
-0.4026611
-0.3898669
-0.3770148
-0.3643134
-0.3510474
-0.3380373
-0.3248974
-0.3115675
-0.2984456
-0.2850292
-0.2716339
-0.2583074
-0.2446394
-0.2311786
-0.2175134
-0.2038539
-0.1902482
-0.1765196
-0.1627979
-0.1489579
-0.1352285
-0.1211437
-0.1074858
-0.09329101
-0.07963624
-0.06582568
-0.05189582
-0.03792537
-0.023978
-0.0100069
0.004065344
0.01801854
0.03191867
0.04603364
0.05976245
0.0735979
0.0879056
0.1014856
0.1154066
0.129445
0.1429893
0.1574977
0.170717
0.1843142
0.1981829
0.2116691
0.2253269
0.2390184
0.2524152
0.2658704
0.2796
0.2928861
0.3060541
0.319576
0.3324754
0.3456065
0.3586632
0.3716607
0.3845858
0.3975408
0.4102224
0.4229737
0.4356315
0.4480025
0.4603865
0.4728867
0.485279
0.4972106
0.5093345
0.5211595
0.5330178
0.5449609
0.5564616
0.5679761
0.5794023
0.5908049
0.6021699
0.6130827
0.6240348
0.6348067
0.6454857
0.6560976
0.6666183
0.6769488
0.6873279
0.697295
0.7073179
0.7170943
0.7267577
0.7362639
0.7455838
0.7548102
0.763855
0.7727112
0.7815027
0.7902259
0.7986816
0.8069443
0.8151602
0.8231503
0.8309743
0.8386539
0.8461805
0.8535817
0.860799
0.8678149
0.8746176
0.8812956
0.887867
0.8941819
0.9003187
0.906541
0.9121007
0.9177794
0.9232558
0.9286853
0.9345567
0.9389275
0.9434103
0.9479872
0.9521618
0.9563823
0.9602823
0.964056
0.96766
0.9710839
0.9744082
0.9773806
0.9802274
0.9828889
0.9853634
0.9876891
0.9897496
0.99165
0.9933423
0.9949009
0.9961748
0.997301
0.9982271
0.9989949
0.9995041
0.9998431
0.9999927
0.999947
0.9997011
0.9992687
0.998647
0.9978247
0.9968077
0.995598
0.9941867
0.9925866
0.9907919
0.9887549
0.9866242
0.9842536
0.9817189
0.9789425
0.9759788
0.9728543
0.9695566
0.9660237
0.9623192
0.9584377
0.9543816
0.9500628
0.9456779
0.9409823
0.9361787
0.9312409
0.9260424
0.9204534
0.9151684
0.9092931
0.9035612
0.897397
0.8912741
0.884746
0.8782586
0.871452
0.8643927
0.8574259
0.8501256
0.8427731
0.8351928
0.8273519
0.8194556
0.8113293
0.8030704
0.7946404
0.7862664
0.7775728
0.7687378
0.7597535
0.7505159
0.7412625
0.7318296
0.7221805
0.7124262
0.7026463
0.6926823
0.6824281
0.6722526
0.6617597
0.6513381
0.6407337
0.6299404
0.6189221
0.608023
0.5968551
0.5855889
0.5742521
0.5626717
0.5510753
0.5395
0.5275366
0.515193
0.5036252
0.4916143
0.4791743
0.4670151
0.4547942
0.4422407
0.429717
0.4170963
0.4043737
0.3914881
0.3786312
0.3656937
0.352571
0.3394574
0.3262559
0.3131789
0.3000131
0.2862344
0.2732624
0.2596216
0.2461062
0.2327507
0.218964
0.2055366
0.1917485
0.1778924
0.1640386
0.1505295
0.1366294
0.1227402
0.108827
0.09513543
0.07996579
0.06735831
0.05336878
0.03920106
0.02549832
0.01153904
-0.002376721
-0.01636067
-0.03041006
-0.04443057
-0.05819862
-0.07209257
-0.08604856
-0.09991936
-0.1137556
-0.1276833
-0.1415708
-0.1553627
-0.169192
-0.1828981
-0.196419
-0.2101266
-0.224187
-0.2375784
-0.2508953
-0.2643783
-0.2778831
-0.2912602
-0.3045951
-0.3177259
-0.3311416
-0.3440824
-0.3571862
-0.3703193
-0.3831181
-0.3959558
-0.4089881
-0.4214395
-0.4341556
-0.4465673
-0.4590766
-0.4713342
-0.4836483
-0.4958143
-0.507943
-0.5199197
-0.5316722
-0.5434514
-0.5552197
-0.5668024
-0.5782306
-0.5896943
-0.600766
-0.611778
-0.6228637
-0.6337253
-0.6443176
-0.6550875
-0.6654981
-0.675764
-0.6861892
-0.6962288
-0.70608
-0.7160788
-0.7256125
-0.7350608
-0.744572
-0.7537441
-0.7628801
-0.7717207
-0.7805673
-0.789218
-0.7978714
-0.8060699
-0.8141875
-0.8224877
-0.830106
-0.8377975
-0.8453997
-0.8527506
-0.8599208
-0.8672255
-0.8738589
-0.8805723
-0.8870783
-0.8934949
-0.8996242
-0.9056394
-0.9114338
-0.9170741
-0.9226808
-0.927843
-0.9330202
-0.9379608
-0.9426671
-0.9472395
-0.951669
-0.9558081
-0.9598023
-0.9636518
-0.9672743
-0.9707078
-0.9739953
-0.9770473
-0.9799277
-0.9826224
-0.985126
-0.9874218
-0.9895131
-0.9914343
-0.9931656
-0.9947053
-0.9960391
-0.9971868
-0.9981427
-0.9988872
-0.9994501
-0.9998145
-0.9999858
-0.9999632
-0.9997389
-0.9993334
-0.9987178
-0.9979246
-0.9969336
-0.9957475
-0.9943343
-0.9927808
-0.990989
-0.9890438
-0.9868371
-0.9845487
-0.9819734
-0.9792789
-0.9763296
-0.9732394
-0.9698843
-0.9664598
-0.9626811
-0.9588585
-0.9548538
-0.9505303
-0.9461848
-0.9415897
-0.9367028
-0.931776
-0.9266712
-0.9212679
-0.9156685
-0.910129
-0.9041743
-0.8980821
-0.8920092
-0.8854733
-0.8789684
-0.872292
-0.8653151
-0.8581586
-0.8509915
-0.8435149
-0.8360428
-0.8282799
-0.8202586
-0.8120727
-0.8041593
-0.7957082
-0.7872357
-0.7785689
-0.7697168
-0.7606053
-0.7515679
-0.7423003
-0.7328729
-0.7233554
-0.7134899
-0.7037194
-0.6936437
-0.6836309
-0.6731943
-0.6628448
-0.6524075
-0.6418976
-0.6311119
-0.6201488
-0.609263
-0.5979187
-0.5868488
-0.5754123
-0.5639881
-0.5524741
-0.5406226
-0.5290319
-0.5171001
-0.5050076
-0.4928484
-0.4807394
-0.468511
-0.4561515
-0.4435665
-0.4311001
-0.4185161
-0.4058234
-0.3928835
-0.3800207
-0.366942
-0.3541185
-0.341013
-0.3277616
-0.3145902
-0.3014089
-0.2879506
-0.2746992
-0.2612335
-0.2476428
-0.2341367
-0.2206448
-0.2069986
-0.1931697
-0.1795351
-0.1655348
-0.1520817
-0.1382529
-0.1244651
-0.1103652
-0.09642519
-0.0824815
-0.06885653
-0.05506636
-0.04088452
-0.02707578
-0.01315506
0.0008597532
0.01508037
0.02872598
0.04267113
0.056707
0.07061752
0.08465115
0.09866801
0.1121953
0.1262997
0.1399255
0.1537735
0.1676591
0.1812339
0.1949539
0.208882
0.2229389
0.2358155
0.2493305
0.2628855
0.2763815
0.2897794
0.3031571
0.3162726
0.329825
0.3428726
0.3557546
0.3687112
0.381801
0.3947797
0.4074361
0.4201187
0.4327816
0.4453119
0.4579455
0.4699688
0.4823267
0.4946555
0.506491
0.5184993
0.5306067
0.5421517
0.5540971
0.565747
0.5768738
0.5882525
0.5995221
0.6108733
0.6216522
0.6324152
0.6431568
0.6538771
0.6644506
0.6752474
0.6848626
0.6950074
0.7049996
0.7149764
0.7246888
0.7340003
0.7434718
0.7527161
0.7618885
0.7707891
0.7796803
0.7882339
0.7968131
0.805325
0.8133059
0.8214107
0.8293828
0.8371061
0.8444945
0.8519253
0.8591572
0.8663739
0.873258
0.8798561
0.8863558
0.8926958
0.8989072
0.9049399
0.9107897
0.9164804
0.9219885
0.9273161
0.9324016
0.9373487
0.9421367
0.9467694
0.9512091
0.9553429
0.9593711
0.9632127
0.9669077
0.9703238
0.9736505
0.9767083
0.9796057
0.9823769
0.9848166
0.9871637
0.9893007
0.991235
0.9929765
0.9945435
0.995892
0.9970638
0.9980386
0.9988086
0.9993913
0.9997876
0.9999769
0.9999748
0.9997755
0.9993739
0.998807
0.9980129
0.9970447
0.9958459
0.9945152
0.9929562
0.9912173
0.98927
0.9871338
0.9848013
0.982269
0.9795635
0.9766632
0.9735764
0.97026
0.9668522
0.9631398
0.9593269
0.9552763
0.9510947
0.9466599
0.9421021
0.9373021
0.9323449
0.9272603
0.921845
0.9164207
0.9107155
0.9048212
0.8987583
0.8927008
0.8862938
0.8797017
0.8730365
0.8661622
0.8590574
0.8517992
0.8444554
0.8367823
0.8291247
0.8212995
0.8130859
0.8048881
0.7966307
0.7879449
0.7795152
0.7706698
0.7616931
0.7526079
0.7433771
0.7338316
0.7243704
0.7146053
0.7048126
0.6949496
0.6846761
0.6744843
0.6642594
0.6536257
0.6430542
0.6322583
0.6213142
0.6103504
0.5993599
0.5880394
0.5767333
0.5651143
0.5534837
0.5420007
0.5302604
0.5181565
0.5062111
0.4943535
0.4822027
0.4698506
0.4574602
0.4449051
0.4324202
0.4198657
0.4071257
0.3944113
0.3814657
0.3686151
0.3556295
0.3425534
0.3293817
0.3161384
0.3029786
0.2896367
0.2761429
0.2628079
0.249127
0.2355816
0.2221316
0.2085347
0.1946804
0.1811548
0.1673917
0.1536035
0.1397249
0.1258491
0.1121305
0.09824628
0.08438852
0.07036982
0.04259074
0.02863792
0.01467952
0.0005504051
-0.01339573
-0.02716384
-0.04131558
-0.05505529
-0.06946197
-0.08296466
-0.09681662
-0.1113853
-0.1245601
-0.1384837
-0.1521613
-0.1660054
-0.1798544
-0.1938026
-0.2072788
-0.2207233
-0.234341
-0.2479129
-0.2613333
-0.2747986
-0.2881665
-0.3016166
-0.3148983
-0.3281836
-0.341354
-0.3543151
-0.3673716
-0.3803068
-0.3930698
-0.4059248
-0.4186516
-0.4312415
-0.4438916
-0.456291
-0.468609
-0.4808768
-0.4931242
-0.5051956
-0.5171559
-0.5290872
-0.5408956
-0.5526493
-0.5641176
-0.5755592
-0.5869077
-0.5982156
-0.6093208
-0.6203436
-0.6314228
-0.6420412
-0.6526419
-0.6634703
-0.6736091
-0.6837898
-0.693839
-0.7040692
-0.713744
-0.7234899
-0.7330366
-0.7424514
-0.7516361
-0.760816
-0.7698218
-0.7786193
-0.7872713
-0.7959325
-0.804248
-0.8125246
-0.8205577
-0.8284318
-0.8360912
-0.843681
-0.8510979
-0.8583643
-0.8653822
-0.8722829
-0.879065
-0.8856099
-0.8919973
-0.8983388
-0.9042803
-0.9101717
-0.9158785
-0.9213912
-0.9266699
-0.9319685
-0.9368591
-0.9417683
-0.9462231
-0.9506855
-0.9548777
-0.9589463
-0.9627915
-0.9664746
-0.9699484
-0.9733437
-0.9763849
-0.9793338
-0.9820448
-0.9846001
-0.9869511
-0.9890591
-0.9910396
-0.9927895
-0.994368
-0.9957577
-0.9969476
-0.9979424
-0.9987361
-0.9993427
-0.9997525
-0.9999655
-0.9999852
-0.9998101
-0.9994419
-0.9988773
-0.9981135
-0.997163
-0.9960156
-0.9946829
-0.9931285
-0.9913929
-0.9894993
-0.9872626
-0.9850728
-0.9825253
-0.9798751
-0.9770204
-0.9739199
-0.9706958
-0.9672461
-0.9636018
-0.9597626
-0.9556295
-0.9515059
-0.9471868
-0.942602
-0.9378879
-0.9328868
-0.9277817
-0.922317
-0.9169902
-0.911319
-0.9055373
-0.8995124
-0.8933834
-0.8869531
-0.8801832
-0.8737864
-0.8668965
-0.8595563
-0.8526049
-0.8452466
-0.8376703
-0.8300356
-0.8221727
-0.8140965
-0.805959
-0.7975928
-0.7891874
-0.7804836
-0.7715336
-0.7627392
-0.7535809
-0.7444317
-0.73497
-0.7253103
-0.7155751
-0.705942
-0.6960232
-0.6858808
-0.6756541
-0.6653299
-0.654698
-0.6441743
-0.6335627
-0.6225559
-0.6116962
-0.6005735
-0.5893211
-0.5779843
-0.566516
-0.5548735
-0.5433838
-0.5316234
-0.5197923
-0.5076897
-0.4956451
-0.4835378
-0.4712699
-0.4589442
-0.4464133
-0.4337875
-0.4213873
-0.4086083
-0.3956927
-0.3829733
-0.3700674
-0.3571538
-0.3440068
-0.3309792
-0.3175845
-0.304453
-0.2910737
-0.2776958
-0.2641609
-0.2506623
-0.2371445
-0.2235583
-0.2099435
-0.1964224
-0.1825489
-0.1689397
-0.1551325
-0.1413703
-0.127543
-0.1133573
-0.09960397
-0.08573275
-0.07113718
-0.05805735
-0.04417488
-0.02999409
-0.0160056
-0.002090262
0.01164238
0.02575418
0.03975412
0.05361674
0.06741576
0.08185583
0.09536742
0.1092483
0.1231078
0.1371248
0.1507297
0.1646297
0.1783995
0.1919098
0.2056527
0.2191393
0.2330812
0.2464652
0.2598687
0.2734205
0.2867281
0.3003519
0.3133713
0.3268079
0.339734
0.3527605
0.366294
0.3787269
0.3916745
0.4045589
0.4171972
0.4299619
0.4424497
0.4548726
0.4672954
0.4795931
0.4917309
0.5038068
0.5158439
0.5277864
0.5397668
0.5513525
0.562795
0.8592327
0.8676487
0.8732184
0.8784648
0.8851069
0.8913521
0.8976815
0.9035957
0.9094853
0.9152623
0.9207529
0.926113
0.9312646
0.9362767
0.9411076
0.9456867
0.9501925
0.9544375
0.9585172
0.9623742
0.9660584
0.9695764
0.9729047
0.9761009
0.9789978
0.9817632
0.9842921
0.9867342
0.9888603
0.9908183
0.9926463
0.9942101
0.9956034
0.9968208
0.9978345
0.9986567
0.9992963
0.9997228
0.9999565
0.9999906
0.9998303
0.9994717
0.9989178
0.9981576
0.9972365
0.9960859
0.9944853
0.9931632
0.991527
0.9896474
0.9875377
0.9850962
0.9827586
0.980092
0.9772456
0.9741976
0.9708859
0.9675434
0.9638092
0.9600531
0.9557167
0.9518827
0.9474771
0.942978
0.9381809
0.9330758
0.8144412
0.8065225
0.7981761
0.7898187
0.7810643
0.7723864
0.7635568
0.7546272
0.7453878
0.7360339
0.7264901
0.7168787
0.7071289
0.6971061
0.6870117
0.676738
0.6557748
0.6481212
0.6413972
0.6348123
0.6279197
0.6178089
0.6066067
0.595577
0.5841924
0.5731356
0.5616453
0.537239
