0
0.02
0.3533334
0.4326406
0.4493904
0.4573926
0.4674743
0.478935
0.489722
0.5005289
0.5117807
0.5227938
0.5339928
0.5449978
0.5561171
0.5672317
0.5783743
0.5899618
0.6005009
0.6116742
0.622743
0.633934
0.6451194
0.6561866
0.6670893
0.6784645
0.6895263
0.700635
0.711601
0.7227035
0.7338873
0.7452142
0.7562572
0.7670941
0.7782772
0.7894148
0.8005251
0.8114299
0.8228881
0.8337026
0.8449852
0.8558692
0.8671426
0.8782594
0.8892658
0.9004499
0.9114926
0.9226294
0.9337766
0.9453446
0.955826
0.9673315
0.9780282
0.9894478
1.000271
1.011536
1.022585
1.033685
1.044829
1.05587
1.067
1.078298
1.089224
1.100182
1.11128
1.122455
1.135586
1.149755
1.160859
1.171975
1.183016
1.194104
1.205196
1.216577
1.227561
1.238552
1.249803
1.260846
1.271918
1.28302
1.294076
1.305143
1.316324
1.327509
1.338551
1.349592
1.360788
1.371886
1.383016
1.393987
1.405121
1.4164
1.42735
1.438496
1.449585
1.460654
1.4719
1.483021
1.49394
1.50502
1.516135
1.527488
1.538344
1.54965
1.560752
1.571733
1.582922
1.593867
1.605113
1.616154
1.627302
1.638307
1.649503
1.660705
1.671739
1.682838
1.693939
1.704931
1.716055
1.727284
1.738266
1.749515
1.760676
1.771632
1.782771
1.793926
1.804963
1.816209
1.827216
1.838346
1.849465
1.860525
1.871657
1.882718
1.893865
1.904854
1.916083
1.927277
1.938257
1.949694
1.960386
1.971512
1.982592
1.993868
2.004807
2.016153
2.027119
2.038144
2.049753
2.060413
2.071606
2.082574
2.094179
2.10482
2.115978
2.126994
2.138091
2.149785
2.160425
2.171446
2.182593
2.193615
2.204726
2.2163
2.226926
2.238053
2.24965
2.260282
2.271333
2.282501
2.293518
2.304806
2.31586
2.326988
2.337992
2.349554
2.360267
2.37153
2.382478
2.393547
2.404709
2.415722
2.426855
2.437977
2.449115
2.460313
2.471265
2.482416
2.493545
2.504594
2.515698
2.526887
2.537897
2.549067
2.560304
2.571236
2.582336
2.593446
2.604545
2.615731
2.626954
2.637945
2.648969
2.66011
2.671179
2.682238
2.693337
2.704476
2.715591
2.726988
2.737924
2.748996
2.760079
2.77122
2.782261
2.793413
2.804482
2.815711
2.826684
2.837749
2.849106
2.860082
2.871201
2.882106
2.893206
2.904412
2.915641
2.926812
2.937713
2.948974
2.959909
2.971066
2.982191
2.993332
3.00436
3.015606
3.026718
3.037695
3.048759
3.059895
3.071
3.082341
3.093225
3.104291
3.115488
3.126526
3.137821
3.148722
3.159836
3.170913
3.182057
3.193151
3.204226
3.215474
3.226482
3.237633
3.248767
3.259782
3.270891
3.281969
3.293045
3.304493
3.31547
3.326361
3.337631
3.348579
3.359717
3.370797
3.382054
3.39317
3.404144
3.41534
3.426399
3.437469
3.448562
3.459621
3.470734
3.481846
3.492994
3.504159
3.515317
3.52625
3.537421
3.570688
3.581941
3.592907
3.604255
3.615209
3.626208
3.637403
3.648435
3.659708
3.670698
3.681823
3.692927
3.704065
3.715089
3.726203
3.737406
3.748557
3.759512
3.770625
3.781706
3.792766
3.803982
3.815056
3.826213
3.837557
3.848562
3.859555
3.870553
3.881768
3.892721
3.903902
3.915177
3.926103
3.937478
3.948652
3.959418
3.970519
3.981769
3.992816
4.003888
4.015015
4.026055
4.037324
4.0483
4.059383
4.070433
4.082242
4.092641
4.103911
4.114946
4.126034
4.137121
4.148234
4.159327
4.170457
4.181625
4.192873
4.203694
4.214866
4.225922
4.237168
4.248139
4.259308
4.270526
4.281561
4.292562
4.30371
4.315004
4.326006
4.337021
4.348137
4.359221
4.370391
4.381419
4.392512
4.40365
4.414898
4.425874
4.437043
4.448245
4.459242
4.470309
4.481445
4.492567
4.503585
4.514666
4.525892
4.537042
4.548127
4.559154
4.570271
4.581305
4.59242
4.603868
4.614614
4.625736
4.637033
4.647926
4.659104
4.670318
4.68126
4.693185
4.703464
4.714686
4.725663
4.736892
4.747993
4.759003
4.770178
4.781225
4.792391
4.803417
4.814587
4.825711
4.836722
4.847922
4.859009
4.870077
4.881226
4.892252
4.903394
4.914455
4.925607
4.936753
4.947937
4.95892
4.970103
4.981066
4.992525
5.003275
5.014527
5.025658
5.036709
5.047874
5.058896
5.070214
5.081259
5.092197
5.103515
5.11444
5.125447
5.136698
5.14777
5.158805
5.169913
5.181027
5.192172
5.20323
5.214356
5.225524
5.236719
5.247737
5.258897
5.27004
5.281052
5.292074
5.303165
5.314346
5.325452
5.336514
5.347679
5.358707
5.369811
5.381095
5.391993
5.403155
5.414435
5.425344
5.43677
5.44759
5.458644
5.469896
5.480868
5.491977
5.503067
5.514206
5.525326
5.536557
5.547661
5.558695
5.569879
5.580801
5.591915
5.60307
5.614196
5.625302
5.636364
5.647708
5.65857
5.66972
5.680831
5.691884
5.70301
5.714169
5.725334
5.736412
5.747436
5.758611
5.769792
5.780722
5.791793
5.803127
5.814121
5.825162
5.836249
5.847462
5.858652
5.869807
5.880818
5.891825
5.902871
5.913996
5.925113
5.936404
5.947434
5.958976
5.969549
5.980722
5.991767
6.003077
6.014066
6.02512
6.0365
6.047493
6.058764
6.069613
6.080721
6.091702
6.102819
6.113916
6.125275
6.136236
6.147364
6.158499
6.169442
6.180611
6.191706
6.202677
6.213965
6.224922
6.236098
6.247158
6.258289
6.269371
6.280445
6.29157
6.302655
6.313747
6.324918
6.335983
6.34751
6.358211
6.369483
6.380457
6.391545
6.402652
6.413686
6.424819
6.436145
6.447076
6.458176
6.469257
6.48039
6.491482
6.502671
6.51368
6.524817
6.535935
6.54707
6.558117
6.569664
6.580386
6.591438
6.602612
6.613626
6.624778
6.636017
6.647082
6.658217
6.669197
6.680371
6.691391
6.702478
6.713551
6.724741
6.736103
6.746972
6.757997
6.769196
6.780265
6.791354
6.802588
6.813766
6.824669
6.835794
6.846941
6.857949
6.869154
6.880465
6.891378
6.902539
6.9139
6.924915
6.935789
6.946909
6.958071
6.969086
6.980304
6.991344
7.002383
7.013516
7.024592
7.035758
7.046804
7.057911
7.068949
7.080513
7.091189
7.102303
7.113484
7.12457
7.135816
7.146675
7.157813
7.169085
7.180112
7.191295
7.202213
7.213329
7.224431
7.235627
7.246838
7.257755
7.268997
7.280214
7.291063
7.302194
7.313277
7.324421
7.335598
7.346751
7.357803
7.368824
7.379905
7.39102
7.402182
7.413251
7.424279
7.43558
7.446754
7.457665
7.468802
7.48002
7.490996
7.502072
7.513212
7.524301
7.535471
7.546638
7.557622
7.568793
7.579834
7.591115
7.602035
7.613169
7.624257
7.635572
7.646595
7.657596
7.668699
7.67977
7.690937
7.701993
7.713163
7.724217
7.735369
7.74656
7.757578
7.768781
7.779761
7.790833
7.80193
7.813022
7.824419
7.835503
7.846387
7.857447
7.868684
7.879657
7.890821
7.902177
7.913034
7.92408
7.935283
7.946421
7.957422
7.96861
7.979688
7.990776
8.00196
8.012886
8.024012
8.035326
8.046323
8.057459
8.068553
8.079735
8.090769
8.101893
8.112925
8.123967
8.135121
8.146359
8.15732
8.168642
8.179536
8.190651
8.201721
8.21308
8.224142
8.23525
8.246389
8.257255
8.268466
8.279605
8.290557
8.301744
8.312857
8.323893
8.334979
8.346173
8.357197
8.368487
8.379602
8.390528
8.401665
8.412718
8.423804
8.435044
8.446091
8.457162
8.468443
8.479511
8.490523
8.501682
8.512899
8.523909
8.535024
8.546094
8.557118
8.56833
8.579448
8.590431
8.601605
8.612698
8.623771
8.635109
8.646256
8.657401
8.668141
8.679373
8.690374
8.701485
8.712686
8.723708
8.734794
8.746021
8.757052
8.768345
8.779305
8.790389
8.801539
8.812571
8.823716
8.835
8.845983
8.856958
8.868179
8.879384
8.890274
8.901394
8.912776
8.923705
8.934829
8.945862
8.956925
8.968132
8.979307
8.990376
9.001359
9.012583
9.023614
9.034685
9.045884
9.056885
9.068161
9.079168
9.090169
9.101463
9.112483
9.123659
9.134747
9.145882
9.156877
9.167953
9.179124
9.190141
9.201261
9.212341
9.256812
9.267955
9.279103
9.290058
9.301491
9.312407
9.323411
9.334561
9.34567
9.356725
9.367965
9.379147
9.390085
9.401246
9.412368
9.423355
9.434639
9.445598
9.457103
9.467891
9.478837
9.490014
9.501106
9.512295
9.523412
9.534388
9.545765
9.556557
9.568133
9.578922
9.58996
9.601142
9.612391
9.623344
9.634449
9.645573
9.656638
9.668191
9.678826
9.689886
9.701082
9.712141
9.723331
9.734323
9.746323
9.756621
9.768134
9.778756
9.789854
9.800926
9.812092
9.823344
9.834364
9.845401
9.85665
9.867577
9.878903
9.889803
9.900973
9.912057
9.923197
9.934359
9.945327
9.956444
9.967514
9.978681
9.989769
10.00084
10.01214
10.02306
10.03428
10.04534
10.05636
10.06747
10.07869
10.08964
10.10086
10.11195
10.12301
10.13415
10.14542
10.1565
10.16741
10.17867
10.18977
10.20082
10.21187
10.22329
10.23429
10.24525
10.25629
10.26761
10.27851
10.28969
10.30082
10.31187
10.32291
10.33398
10.34536
10.35635
10.36751
10.37842
10.38964
10.40063
10.41172
10.423
10.43407
10.44527
10.45619
10.46734
10.47843
10.48958
10.5007
10.51175
10.5228
10.53403
10.54532
10.55608
10.56722
10.57844
10.58963
10.60058
10.61163
10.62278
10.63402
10.64501
10.65624
10.66715
10.67835
10.68942
10.7009
10.71203
10.72269
10.73395
10.74501
10.75619
10.76714
10.77821
10.78934
10.80046
10.81154
10.82274
10.83373
10.84511
10.85611
10.86708
10.87846
10.88933
10.90044
10.9116
10.92259
10.93388
10.94494
10.95596
10.96721
10.97817
10.98932
11.00033
11.01153
11.02255
11.03368
11.04485
11.05584
11.06704
11.07816
11.08915
11.10048
11.11146
11.12271
11.13359
11.1447
11.15592
11.167
11.17818
11.18928
11.20026
11.21139
11.22253
11.23378
11.24478
11.25601
11.26708
11.27807
11.28918
11.30033
11.31142
11.32261
11.33354
11.34474
11.35583
11.36696
11.37804
11.38906
11.4002
11.41124
11.42246
11.43364
11.44453
11.45578
11.46698
11.478
11.48901
11.50009
11.5113
11.52238
11.53346
11.54468
11.55566
11.56685
11.57796
11.58911
11.60042
11.61119
11.62325
11.6335
11.64455
11.65557
11.66664
11.67778
11.68888
11.7
11.71117
11.72219
11.7333
11.74442
11.75554
11.7666
11.7779
11.78912
11.80003
11.81105
11.82219
11.83332
11.84431
11.85547
11.86658
11.87803
11.88894
11.89992
11.91114
11.92206
11.93329
11.94448
11.95549
11.96666
11.97776
11.98882
11.99997
12.01096
12.06659
12.07759
12.08869
12.1001
12.11087
12.12198
12.13317
12.14425
12.15537
12.16652
12.17758
12.18865
12.19995
12.21108
12.22201
12.23318
12.24413
12.25536
12.26652
12.27763
12.2887
12.29978
12.31081
12.32192
12.33306
12.34421
12.35529
12.36648
12.37745
12.39983
12.41079
12.42196
12.43318
12.57734
12.65515
12.66632
12.68849
12.69959
12.71065
12.72184
12.73296
12.74403
12.75506
12.76612
12.77725
12.78845
12.79962
12.81054
12.82171
12.83286
12.84388
12.85509
12.8662
12.87742
12.88838
12.89968
12.91062
12.92174
12.93281
12.94379
12.95506
12.96617
12.97722
12.98835
12.99949
13.01049
13.02157
13.03275
13.04383
13.05499
13.06605
13.07729
13.08825
13.09953
13.11035
13.12158
13.13273
13.14384
13.15484
13.16591
13.17736
13.18825
13.19926
13.21042
13.2215
13.23263
13.24366
13.25476
13.26592
13.27776
13.2882
13.29965
13.31038
13.32148
13.33263
13.34382
13.35478
13.36596
13.37729
13.38816
13.39909
13.41027
13.42145
13.43255
13.4439
13.45473
13.46592
13.47763
13.48802
13.49932
13.51027
13.52133
13.53263
13.54367
13.55468
13.56593
13.57719
13.58803
13.59913
13.61016
13.62122
13.63237
13.64367
13.65474
13.66569
13.67714
13.68795
13.69905
13.71011
13.7212
13.73245
13.74382
13.75456
13.7657
13.77715
13.78784
13.79897
13.81017
13.82112
13.83237
13.84349
13.85453
13.86559
13.87758
13.88778
13.89918
13.91019
13.92117
13.93225
13.94344
13.95441
13.96571
13.97669
13.9879
13.99889
14.01005
14.02117
14.03222
14.04344
14.05443
14.0656
14.07667
14.08774
14.0989
14.10996
14.12113
14.13234
14.14325
14.15437
14.16555
14.17667
14.18762
14.19876
14.20986
14.22096
14.23223
14.24322
14.25553
14.26537
14.27654
14.28768
14.29875
14.30977
14.32088
14.33214
14.34315
14.35423
14.36544
14.37641
14.38755
14.39871
14.40992
14.42092
14.43214
14.44311
14.45417
14.4653
14.4764
14.48765
14.49873
14.50981
14.52083
14.53195
14.5432
14.55411
14.56529
14.5765
14.58754
14.59859
14.60971
14.62083
14.63195
14.64314
14.6541
14.66545
14.67635
14.68738
14.6986
14.70973
14.72077
14.7318
14.74304
14.75401
14.76514
14.77626
14.78741
14.79863
14.80963
14.82062
14.83186
14.84292
14.85394
14.86516
14.87626
14.88729
14.89852
14.90946
14.9206
14.93196
14.94311
14.95394
14.96536
14.97631
14.98737
14.99856
15.00948
15.02064
15.03179
15.04287
15.054
15.06501
15.07629
15.0872
15.09834
15.10953
15.12051
15.13165
15.14293
15.15388
15.16493
15.1762
15.18722
15.19827
15.20953
15.22048
15.23161
15.24272
15.25378
15.26489
15.2761
15.28729
15.2983
15.30932
15.32048
15.3315
15.34275
15.35378
15.36498
15.37603
15.38701
15.39816
15.40924
15.42032
15.43153
15.44257
15.45386
15.46529
15.47585
15.4871
15.49812
15.50926
15.52044
15.53158
15.54272
15.55384
15.56473
15.57594
15.58696
15.59807
15.60915
15.6203
15.63144
15.64258
15.65359
15.66466
15.67585
15.68685
15.69837
15.70916
15.72021
15.73148
15.74243
15.75355
15.76465
15.77574
15.78703
15.79799
15.80908
15.82028
15.83141
15.84323
15.85348
15.86458
15.87582
15.88682
15.89792
15.90901
15.92022
15.93132
15.94247
15.95344
15.96453
15.97566
15.98685
15.99786
16.00895
16.02015
16.03117
16.04229
16.05359
16.06452
16.0756
16.08682
16.09791
16.10895
16.12023
16.13116
16.14245
16.15346
16.16457
16.17552
16.18665
16.19778
16.20883
16.22013
16.23107
16.24216
16.25332
16.2644
16.27562
16.28656
16.29782
16.30884
16.31995
16.33104
16.34208
16.35327
16.36432
16.37549
16.38657
16.39771
16.4089
16.42001
16.43099
16.4421
16.45325
16.46429
16.47536
16.48652
16.49761
16.50872
16.51987
16.53093
16.54224
16.55312
16.56422
16.57529
16.58662
16.59787
16.60877
16.61976
16.63095
16.64201
16.65325
16.66415
16.67525
16.68638
16.69775
16.70862
16.71986
16.73085
16.74197
16.75311
16.76423
16.77522
16.78633
16.79753
16.80859
16.81984
16.83076
16.84185
16.85298
16.86408
16.8752
16.88631
16.89739
16.90863
16.91993
16.93083
16.94195
16.95301
16.96405
16.97512
16.98633
16.99737
17.00846
17.01965
17.03067
17.04183
17.05295
17.06409
17.07528
17.08627
17.09748
17.10837
17.11966
17.1307
17.14172
17.15317
17.16393
17.17514
17.18632
17.19731
17.20836
17.21963
17.23064
17.24169
17.25272
17.2639
17.27498
17.28643
17.29722
17.3083
17.31961
17.33056
17.34167
17.35284
17.36385
17.37496
17.38654
17.39716
17.40835
17.41939
17.43054
17.44154
17.45281
17.46398
17.47508
17.48627
17.49734
17.50852
17.51956
17.53072
17.5419
17.5528
17.56399
17.57493
17.58594
17.59713
17.60817
17.61934
17.63041
17.6415
17.65261
17.6638
17.67504
17.68608
17.69728
17.70818
17.71928
17.73035
17.74147
17.75258
17.76379
17.77486
17.78589
17.79705
17.80816
17.81972
17.8305
17.8414
17.85263
17.8636
17.87474
17.88589
17.89705
17.90807
17.9192
17.93027
17.94144
17.9526
17.96354
17.97462
17.98594
17.99693
18.00805
18.01919
18.0302
18.04125
18.05255
18.06351
18.07467
18.08577
18.09685
18.10793
18.1191
18.13024
18.14124
18.15257
18.16368
18.17454
18.18574
18.19676
18.20786
18.21896
18.23016
18.24125
18.25238
18.26346
18.27446
18.28566
18.2968
18.30782
18.31917
18.33003
18.34117
18.35245
18.36354
18.37449
18.38561
18.39668
18.40775
18.41908
18.43005
18.44107
18.45257
18.46336
18.47451
18.48552
18.49661
18.50773
18.51901
18.53003
18.54107
18.55229
18.56326
18.57439
18.58549
18.59654
18.60764
18.61878
18.62999
18.64105
18.65231
18.66335
18.67432
18.68556
18.69656
18.70792
18.71881
18.72993
18.741
18.75208
18.76335
18.77428
18.78547
18.79646
18.80755
18.81883
18.82977
18.84086
18.85211
18.86308
18.8742
18.8854
18.89643
18.90755
18.91874
18.92996
18.94103
18.95216
18.963
18.97414
18.98543
18.99642
19.00752
19.06298
19.07412
19.08526
19.09649
19.10745
19.11853
19.12963
19.14072
19.15197
19.1631
19.17405
19.18515
19.19634
19.20744
19.21858
19.22974
19.24076
19.25199
19.26303
19.27411
19.28514
19.29636
19.30727
19.3185
19.3295
19.34064
19.35186
19.36289
19.37394
19.38502
19.39622
19.40738
19.41838
19.42959
19.44063
19.45192
19.46328
19.47396
19.48508
19.49618
19.5073
19.51843
19.52953
19.54061
19.5518
19.56288
19.57388
19.58517
19.5962
19.60717
19.6184
19.62978
19.64049
19.65158
19.66279
19.67376
19.68496
19.69605
19.7071
19.71841
19.72945
19.74059
19.75166
19.76286
19.77427
19.78496
19.79612
19.80706
19.8187
19.82972
19.84044
19.85148
19.86259
19.87382
19.88508
19.89593
19.907
19.91817
19.9294
19.94059
19.95147
19.96253
19.97361
19.9848
19.996
20.00694
20.0181
20.02946
20.04028
20.05143
20.06264
20.07359
20.08465
20.09623
20.10704
20.11823
20.12941
20.14026
20.15152
20.16257
20.17365
20.18494
20.19574
20.20689
20.21809
20.22926
20.24017
20.25133
20.26247
20.27352
20.28519
20.2957
20.30675
20.31799
20.32914
20.34028
20.3513
20.36233
20.37342
20.38462
20.39568
20.40676
20.41793
20.42935
20.44004
20.45115
20.46261
20.47336
20.48454
20.49569
20.50676
20.51796
20.52923
20.54013
20.55128
20.56261
20.57337
20.58458
20.5956
20.60666
20.61786
20.62909
20.64004
20.65117
20.66224
20.67334
20.68442
20.69553
20.70676
20.71778
20.72886
20.73995
20.75112
20.76217
20.7732
20.78442
20.79558
20.80666
20.81778
20.82887
20.83987
20.8512
20.86247
20.8732
20.88433
20.89543
20.90654
20.91756
20.92878
20.93982
20.95109
20.96218
20.97315
20.98444
20.9954
21.00647
21.01769
21.02892
21.03979
21.05102
21.06199
21.07311
21.08432
21.09585
21.10641
21.11767
21.12872
21.13982
21.15095
21.16198
21.17305
21.18421
21.19535
21.20659
21.21766
21.22889
21.23984
21.25093
21.26203
21.27307
21.28416
21.29576
21.30644
21.31747
21.32852
21.33983
21.35083
21.36196
21.37297
21.38418
21.39587
21.40628
21.41739
21.42869
21.43959
21.4507
21.46181
21.47289
21.48409
21.49568
21.50627
21.51733
21.5286
21.5396
21.55073
21.56185
21.5729
21.58423
21.59571
21.60625
21.61728
21.62841
21.63952
21.65066
21.66185
21.67281
21.68405
21.69524
21.70613
21.71718
21.72841
21.73956
21.75052
21.76183
21.77276
21.78384
21.79537
21.80608
21.81723
21.82845
21.83947
21.85061
21.86174
21.8728
21.88388
21.89507
21.90605
21.91731
21.92839
21.93942
21.95051
21.96169
21.97262
21.98382
21.99495
22.00619
22.01711
22.02839
22.03935
22.05054
22.06162
22.07266
22.08371
22.0951
22.10596
22.11707
22.12819
22.13933
22.1506
22.16148
22.17277
22.18362
22.19489
22.20613
22.21714
22.22827
22.2392
22.25027
22.26148
22.27252
22.28363
22.2947
22.30589
22.31694
22.32805
22.33913
22.35029
22.36161
22.37252
22.38366
22.39481
22.40581
22.41694
22.42818
22.43911
22.45026
22.46147
22.47237
22.48348
22.49475
22.50577
22.51691
22.52821
22.53909
22.55022
22.56146
22.57241
22.5836
22.5946
22.60572
22.61687
22.62795
22.63902
22.65017
22.66129
22.67272
22.6834
22.6946
22.70559
22.71674
22.72784
22.73892
22.75012
22.76121
22.77225
22.78343
22.79459
22.8057
22.81677
22.82803
22.83891
22.85001
22.86116
22.87228
22.88333
22.89457
22.90551
22.9166
22.92795
22.93881
22.95002
22.96109
22.9722
22.9835
22.99447
23.00569
23.01666
23.02773
23.03882
23.04989
23.06109
23.07215
23.08323
23.09445
23.10542
23.11658
23.12786
23.13883
23.15001
23.16106
23.17224
23.18321
23.19434
23.20554
23.2165
23.2277
23.23882
23.24982
23.26106
23.27207
23.28326
23.29437
23.30535
23.31651
23.32751
23.33866
23.34975
23.36095
23.37202
23.38309
23.39426
23.40561
23.41648
23.42762
23.43856
23.44988
23.46085
23.47188
23.48307
23.49422
23.50528
23.51636
23.52759
23.53859
23.5496
23.56071
23.57193
23.583
23.59416
23.60548
23.61629
23.62759
23.63856
23.64967
23.66077
23.67186
23.68309
23.69401
23.70517
23.71638
23.7274
23.73872
23.74972
23.76082
23.77185
23.78296
23.79395
23.80519
23.81624
23.82748
23.83845
23.8496
23.86086
23.8721
23.88305
23.89393
23.905
23.91638
23.92726
23.93847
23.94956
23.96062
23.97179
23.98298
23.99397
24.00498
24.01625
24.02722
24.03847
24.04955
24.06059
24.07171
24.08277
24.09398
24.10518
24.11606
24.12724
24.13823
24.14946
24.16043
24.17155
24.18297
24.19382
24.20504
24.21603
24.22729
24.23826
24.24938
24.26039
24.27149
24.28264
24.29378
24.3048
24.31615
24.32701
24.3382
24.34949
24.36047
24.37169
24.38276
24.39379
24.40477
24.41588
24.42713
24.43825
24.44931
24.4603
24.47144
24.48279
24.49376
24.50477
24.51589
24.52691
24.53826
24.54916
24.56024
24.57129
24.58245
24.59364
24.60479
24.61576
24.62714
24.63808
24.64912
24.66021
24.67145
24.68243
24.69379
24.70477
24.7158
24.72701
24.73802
24.74901
24.76027
24.77136
24.78261
24.79349
24.80485
24.81583
24.82693
24.83788
24.84916
24.86014
24.87132
24.88233
24.8936
24.90488
24.91575
24.92685
24.93791
24.94908
24.96022
24.97115
24.98224
24.99335
25.00494
25.0156
25.02669
25.03815
25.04912
25.06
25.0711
25.08223
25.09336
25.10484
25.11558
25.12677
25.13775
25.14899
25.16003
25.17112
25.18226
25.19343
25.20471
25.21556
25.22667
25.2378
25.24918
25.26001
25.27102
25.28209
25.29324
25.30452
25.3156
25.32731
25.33776
25.34887
25.35992
25.37113
25.38206
25.39331
25.40455
25.41549
25.42658
25.43757
25.44874
25.45983
25.47135
25.48216
25.49309
25.50465
25.51547
25.52657
25.5376
25.54871
25.55987
25.57096
25.58212
25.59303
25.60412
25.61537
25.6265
25.63754
25.64879
25.65982
25.67088
25.68203
25.693
25.70416
25.71525
25.72636
25.73751
25.74858
25.76008
25.77076
25.78196
25.79302
25.80409
25.81522
25.82641
25.83743
25.84863
25.85958
25.87076
25.88186
25.89307
25.90416
25.91537
25.92652
25.93742
25.9485
25.95967
25.97065
25.98184
25.99293
26.00399
26.01516
26.02634
26.03739
26.04844
26.05966
26.07065
26.08183
26.09301
26.10392
26.1151
26.12614
26.1373
26.14855
26.15956
26.17058
26.18173
26.19299
26.20393
26.21519
26.22627
26.23725
26.24852
26.25969
26.27052
26.2817
26.29304
26.30387
26.315
26.32608
26.33716
26.34858
26.35942
26.37058
26.38178
26.39276
26.40392
26.41503
26.42599
26.4371
26.44823
26.45941
26.47041
26.48168
26.49267
26.50367
26.51505
26.52597
26.53707
26.54819
26.55936
26.57036
26.58146
26.59257
26.60374
26.61481
26.6261
26.63708
26.64825
26.65938
26.67033
26.68149
26.69252
26.70358
26.71491
26.726
26.73701
26.74805
26.76026
26.77026
26.78142
26.79248
26.80357
26.81496
26.82594
26.83685
26.8481
26.85925
26.87045
26.88153
26.89257
26.90352
26.91466
26.9259
26.93694
26.94794
26.95917
26.97017
26.98129
26.99248
27.00347
27.01505
27.02586
27.03682
27.04801
27.05912
27.07008
27.08125
27.09247
27.10345
27.11459
27.12578
27.13671
27.14787
27.15895
27.17005
27.1812
27.19227
27.20341
27.21449
27.22561
27.23676
27.24781
27.25904
27.27004
27.28121
27.29231
27.3034
27.31457
27.32558
27.33679
27.34775
27.35886
27.37003
27.38124
27.39215
27.40331
27.41442
27.42571
27.43663
27.44786
27.45882
27.46994
27.48103
27.49231
27.50328
27.51431
27.52558
27.53662
27.54776
27.55889
27.57002
27.58104
27.59218
27.60321
27.61434
27.62557
27.63667
27.64778
27.65893
27.66989
27.68093
27.69202
27.7032
27.7144
27.73645
27.74773
27.75869
27.76983
27.7809
27.79203
27.80324
27.81421
27.82556
27.83639
27.84754
27.85861
27.86974
27.88078
27.89205
27.90302
27.91414
27.92546
27.93632
27.94741
27.95871
27.96969
27.98079
27.99197
28.00296
28.0141
28.02521
28.0364
28.0474
28.05851
28.06963
28.08072
28.09178
28.10294
28.11416
28.12514
28.1363
28.14756
28.15845
28.16951
28.18074
28.19198
28.20294
28.21395
28.22511
28.23624
28.24737
28.25869
28.26967
28.28065
28.29178
28.30291
28.314
28.32526
28.33615
28.34725
28.35847
28.36952
28.38056
28.39163
28.40275
28.41392
28.42512
28.43612
28.44718
28.45828
28.46941
28.48052
28.49158
28.50319
28.5139
28.52499
28.53617
28.54716
28.55841
28.56936
28.58055
28.59155
28.6027
28.61398
28.72493
28.73606
28.75822
28.76932
28.78047
28.79191
28.80272
28.81403
28.82477
28.83613
28.84702
28.85806
28.8692
28.88032
28.89149
28.90251
28.91409
28.92484
28.93589
28.94697
28.95805
28.96913
28.98031
28.9914
29.00252
29.01355
29.02469
29.03585
29.04698
29.05797
29.06913
29.08022
29.09133
29.10246
29.11352
29.12467
29.13577
29.147
29.15793
29.16921
29.18022
29.19131
29.2025
29.21351
29.22464
29.24682
29.25793
29.26906
29.28019
29.29123
29.30241
29.31354
29.32467
29.33578
29.34688
29.35797
29.36899
29.38016
29.39121
29.40237
29.41348
29.42454
29.43568
29.44688
29.45783
29.46894
29.48013
29.49115
29.50226
29.51354
29.52453
29.53563
29.5468
29.55775
29.56901
29.58006
29.59111
29.60219
29.61332
29.62451
29.63555
29.64665
29.65775
29.66898
29.68012
29.69109
29.70219
29.71322
29.72441
29.73565
29.74653
29.75762
29.76888
29.77998
29.79109
29.80212
29.81328
29.8245
29.83537
29.84651
29.85759
29.86871
29.87998
29.89092
29.90205
29.91329
29.92429
29.93535
29.94658
29.95757
29.96874
29.97992
29.99088
30.00198
30.01329
30.02425
30.03545
30.04642
30.0575
30.06868
30.07986
30.09082
30.10194
30.11312
30.1242
30.13537
30.14647
30.15749
30.16852
30.17964
30.19078
30.20191
30.21311
30.2241
30.23552
30.24634
30.25742
30.26855
30.27963
30.29086
30.30189
30.31314
30.32407
30.33514
30.34628
30.35742
30.36865
30.37973
30.39066
30.40179
30.413
30.42404
30.43512
30.44632
30.45732
30.46852
30.47993
30.49066
30.50182
30.51281
30.52398
30.53509
30.54637
30.55722
30.56833
30.5799
30.59059
30.60176
30.61295
30.62386
30.63498
30.64614
30.65717
30.66837
30.67961
30.69063
30.7017
30.71288
30.7239
30.73506
30.7462
30.75729
30.76828
30.7794
30.79054
30.80176
30.81273
30.82382
30.83508
30.8461
30.85713
30.86828
30.87932
30.89039
30.90154
30.91292
30.92389
30.9349
30.94605
30.95704
30.96814
30.97937
30.99038
31.00154
31.01271
31.02368
31.03497
31.04591
31.05698
31.06841
31.07941
31.09037
31.10145
31.11264
31.12369
31.13481
31.146
31.15694
31.16804
31.17925
31.19032
31.20139
31.21252
31.22371
31.23482
31.24582
31.25689
31.26798
31.27926
31.29021
31.30142
31.31258
31.3236
31.3347
31.34587
31.35687
31.368
31.37921
31.39021
31.40128
31.41239
31.42359
31.43476
31.44585
31.45687
31.46789
31.4791
31.49013
31.50131
31.51239
31.52343
31.53493
31.54569
31.55674
31.56794
31.57912
31.59009
31.60119
31.61242
31.62339
31.63466
31.64572
31.65675
31.66786
31.67896
31.69013
31.70118
31.71228
31.72344
31.73471
31.746
31.75676
31.76778
31.77893
31.78999
31.80109
31.8123
31.82336
31.8344
31.84593
31.85662
31.86782
31.87892
31.88993
31.90104
31.91224
31.92335
31.93436
31.94561
31.95655
31.96766
31.97899
31.98986
32.0012
32.01217
32.02319
32.03437
32.04545
32.0566
32.06763
32.07892
32.08986
32.10093
32.11231
32.12327
32.13454
32.14557
32.15663
32.16758
32.17873
32.18983
32.20112
32.2122
32.22346
32.23427
32.24556
32.2564
32.26768
32.27879
32.28977
32.30094
32.3121
32.32385
32.33421
32.34532
32.35637
32.36751
32.3787
32.38969
32.40097
32.41192
32.42304
32.4345
32.44521
32.45626
32.46753
32.47868
32.48964
32.50076
32.51205
32.52293
32.53413
32.5454
32.55627
32.5674
32.57864
32.58979
32.60087
32.61184
32.62312
32.63403
32.64518
32.65635
32.6675
32.67856
32.68956
32.70065
32.7119
32.72294
32.73415
32.74519
32.75629
32.76743
32.77866
32.78951
32.8006
32.81191
32.82283
32.83408
32.84507
32.85611
32.86724
32.87854
32.88945
32.90054
32.91163
32.92277
32.93428
32.94495
32.9561
32.96719
32.97883
32.98946
33.00073
33.01172
33.02274
33.03402
33.04496
33.05603
33.0672
33.07819
33.08942
33.10049
33.11156
33.12265
33.13377
33.14496
33.15591
33.16706
33.17826
33.18927
33.20045
33.21161
33.22261
33.23389
33.2449
33.256
33.26712
33.27821
33.28926
33.30042
33.31156
33.32258
33.33369
33.34492
33.35613
33.36727
33.37807
33.38919
33.40049
33.41141
33.42253
33.43365
33.44488
33.45584
33.46704
33.47852
33.48917
33.50024
33.5115
33.52253
33.53381
33.54479
33.5561
33.56741
33.57811
33.58915
33.6003
33.61138
33.6225
33.63358
33.64468
33.65568
33.66683
33.67804
33.68918
33.7002
33.71135
33.72239
33.73359
33.74489
33.75568
33.76678
33.77782
33.78905
33.80012
33.8115
33.82232
33.83358
33.84458
33.85564
33.86688
33.87787
33.88899
33.90025
33.91112
33.92233
33.93341
33.94459
33.95556
33.96667
33.9778
33.98891
34.00002
34.01135
34.02229
34.03345
34.04443
34.05568
34.06679
34.07778
34.08895
34.10003
34.11123
34.12223
34.13337
34.14452
34.1555
34.16661
34.17792
34.1888
34.20009
34.2113
34.22221
34.23321
34.24438
34.25545
34.26669
34.27764
34.28881
34.30001
34.311
34.32207
34.33333
34.34424
34.35541
34.36658
34.37762
34.38875
34.3998
34.41106
34.42208
34.43319
34.44427
34.45537
34.46642
34.47768
34.4889
34.49977
34.51091
34.522
34.53307
34.54423
34.55537
34.56659
34.57762
34.58868
34.59992
34.61085
34.62201
34.6331
34.64439
34.65532
34.66637
34.67756
34.6886
34.69968
34.7107
34.72186
34.73315
34.74415
34.75525
34.76627
34.77739
34.78851
34.79995
34.81072
34.82182
34.83299
34.8441
34.85515
34.86629
34.87732
34.88849
34.89957
34.91071
34.92187
34.93296
34.94403
34.9552
34.96621
34.97744
34.98839
34.99995
35.01061
35.02173
35.03293
35.04412
35.0551
35.0661
35.07724
35.08839
35.09967
35.11062
35.12163
35.13304
35.144
35.15493
35.16602
35.17714
35.18833
35.19942
35.21048
35.22161
35.23284
35.24389
35.255
35.26623
35.27707
35.28822
35.2994
35.31096
35.32156
35.33295
35.34379
35.35506
35.36618
35.37723
35.38824
35.39939
35.41043
35.4217
35.43338
35.44378
35.45486
35.46608
35.47699
35.48839
35.49936
35.51033
35.5215
35.533
35.54374
35.5551
35.56588
35.5771
35.58813
35.59923
35.61039
35.6215
35.63298
35.6437
35.65477
35.66592
35.67704
35.6881
35.69926
35.71029
35.72135
35.73255
35.74364
35.7548
35.76582
35.77715
35.78803
35.79918
35.8102
35.82145
35.83245
35.84358
35.85463
35.86582
35.87694
35.88817
35.89908
35.9101
35.92126
35.93242
35.9436
35.95456
35.9659
35.97688
35.98794
35.99909
36.01011
36.0212
36.03247
36.04353
36.05456
36.06569
36.07674
36.08786
36.09895
36.1102
36.1212
36.1324
36.1434
36.15449
36.1657
36.17663
36.18781
36.19904
36.20995
36.22116
36.23228
36.24339
36.25445
36.26552
36.27677
36.28777
36.29895
36.31014
36.32113
36.33216
36.34335
36.35466
36.36554
36.37659
36.38778
36.39901
36.41006
36.42113
36.43219
36.44325
36.45444
36.46563
36.4765
36.48774
36.49889
36.5099
36.521
36.5322
36.54322
36.55429
36.56537
36.57648
36.58762
36.59877
36.60983
36.62095
36.63213
36.6433
36.65426
36.6655
36.67645
36.68758
36.6988
36.70975
36.72091
36.73215
36.74313
36.75425
36.76551
36.77636
36.78761
36.79874
36.8098
36.82093
36.83207
36.84303
36.85413
36.86526
36.87639
36.8875
36.89856
36.90985
36.92077
36.93187
36.94313
36.95413
36.96526
36.97635
36.98745
36.99852
37.00956
37.02072
37.03207
37.04311
37.0541
37.06525
37.07624
37.08738
37.09855
37.10953
37.12069
37.13197
37.14286
37.15398
37.16522
37.17624
37.18734
37.1984
37.20963
37.2207
37.23174
37.24295
37.25394
37.26511
37.2762
37.28741
37.29837
37.30954
37.32057
37.33168
37.34296
37.35397
37.36528
37.37609
37.38736
37.3984
37.40951
37.42057
37.43176
37.4428
37.45397
37.46502
37.47606
37.48727
37.49837
37.50945
37.52057
37.53162
37.5427
37.5538
37.56495
37.57619
37.58711
37.59843
37.60965
37.62046
37.63149
37.64271
37.65378
37.66485
37.67595
37.68726
37.6982
37.70929
37.72039
37.73158
37.74261
37.75378
37.76492
37.77587
37.78695
37.79809
37.80953
37.82037
37.83146
37.84266
37.85366
37.86481
37.87583
37.88693
37.89808
37.90931
37.92026
37.93143
37.9425
37.95357
37.9648
37.97581
37.98691
37.9981
38.00911
38.02044
38.03152
38.04255
38.05351
38.0648
38.07576
38.08685
38.09799
38.10914
38.12017
38.13143
38.14246
38.15349
38.1646
38.17583
38.18675
38.19809
38.20903
38.22031
38.23129
38.24244
38.25351
38.26453
38.2756
38.28674
38.29794
38.30897
38.32026
38.33131
38.34225
38.35338
38.36459
38.37571
38.3867
38.39787
38.40889
38.42019
38.43145
38.44254
38.45334
38.46457
38.47554
38.48661
38.49786
38.50889
38.52002
38.53117
38.54218
38.55335
38.56441
38.57551
38.58689
38.59777
38.60881
38.61989
38.6311
38.64219
38.65324
38.66446
38.67541
38.68668
38.69777
38.70877
38.71993
38.73095
38.74215
38.7532
38.76432
38.77546
38.78654
38.79766
38.80872
38.8198
38.83096
38.84232
38.85322
38.86429
38.87546
38.88657
38.89769
38.90868
38.91982
38.93103
38.9425
38.95302
38.96432
38.97526
38.98639
38.99767
39.00866
39.01984
39.03096
39.04219
39.05304
39.06417
39.07527
39.08634
39.09755
39.10858
39.11976
39.1308
39.14207
39.15313
39.16406
39.17519
39.18642
39.19749
39.20853
39.21962
39.23075
39.24185
39.25303
39.26409
39.2751
39.28621
39.29741
39.30857
39.31956
39.33075
39.34175
39.35291
39.36401
39.37518
39.38624
39.39748
39.40864
39.41967
39.43068
39.44178
39.45291
39.46428
39.47506
39.48614
39.49729
39.50841
39.5195
39.53064
39.54194
39.5528
39.56396
39.57496
39.58622
39.59721
39.60837
39.61958
39.6306
39.64165
39.65273
39.66399
39.67497
39.68624
39.69724
39.70823
39.71949
39.73058
39.74162
39.75289
39.76386
39.77501
39.78598
39.79708
39.80837
39.81932
39.83046
39.84158
39.85266
39.86408
39.87482
39.88598
39.89714
39.90813
39.91929
39.93053
39.9415
39.95258
39.96384
39.97483
39.98598
39.99699
40.00826
40.01923
40.03052
40.04143
40.05252
40.06373
40.07475
40.086
40.097
40.10806
40.1192
40.13025
40.14133
40.15261
40.16368
40.17473
40.18587
40.197
40.208
40.21913
40.23054
40.24139
40.25251
40.26357
40.27466
40.28576
40.29705
40.30805
40.31906
40.33019
40.34132
40.35238
40.36348
40.37458
40.38581
40.39686
40.4079
40.41898
40.43021
40.44122
40.45262
40.46372
40.47462
40.48567
40.49691
40.50787
40.51915
40.5302
40.54129
40.5524
40.56341
40.57452
40.58564
40.59668
40.60786
40.61901
40.63018
40.64123
40.65239
40.66349
40.67444
40.6856
40.69675
40.70785
40.71898
40.73001
40.74101
40.7523
40.76335
40.77436
40.78564
40.79662
40.80777
40.81891
40.82993
40.84102
40.85223
40.86338
40.87438
40.88561
40.89661
40.90772
40.91886
40.92994
40.94101
40.95216
40.9633
40.9744
40.98551
40.99654
41.00761
41.01893
41.03
41.04099
41.05209
41.06343
41.07432
41.0855
41.09655
41.10758
41.11893
41.12988
41.14094
41.15203
41.16316
41.1743
41.18534
41.19647
41.2075
41.21858
41.22976
41.24078
41.25206
41.26303
41.2741
41.2858
41.29644
41.30754
41.3186
41.32985
41.34079
41.35188
41.36316
41.37408
41.38525
41.39634
41.40748
41.4188
41.42979
41.4407
41.45188
41.46296
41.47412
41.48529
41.49654
41.50737
41.51849
41.52978
41.5407
41.55234
41.56302
41.57399
41.58538
41.59653
41.60735
41.61849
41.62965
41.64069
41.6517
41.66336
41.67408
41.68504
41.69637
41.70726
41.71857
41.72968
41.74061
41.75176
41.76289
41.77386
41.78506
41.7963
41.80724
41.81845
41.82959
41.8405
41.8516
41.86289
41.87385
41.88501
41.89619
41.90715
41.9184
41.92949
41.94076
41.95169
41.96286
41.97383
41.98511
41.99611
42.00708
42.0182
42.02942
42.04056
42.05165
42.06274
42.07375
42.08515
42.09602
42.10734
42.11831
42.12941
42.14048
42.1517
42.16287
42.17376
42.18487
42.19596
42.20698
42.21812
42.22924
42.24038
42.2515
42.26287
42.27367
42.28477
42.29596
42.30706
42.31825
42.32933
42.34037
42.35147
42.36259
42.37362
42.38485
42.39598
42.4069
42.41841
42.42937
42.44022
42.45135
42.46248
42.47352
42.48466
42.49591
42.50715
42.51797
42.52928
42.54026
42.5514
42.56257
42.57365
42.58468
42.59569
42.60682
42.61789
42.62924
42.64016
42.65131
42.66285
42.67356
42.68457
42.6959
42.70679
42.71805
42.72955
42.74012
42.75129
42.76241
42.77342
42.78474
42.79585
42.80679
42.81781
42.82906
42.83999
42.85116
42.86237
42.87342
42.88454
42.89571
42.90669
42.91777
42.92907
42.94003
42.9514
42.96222
42.97334
42.98443
42.99573
43.0066
43.0178
43.02898
43.04002
43.05129
43.06232
43.07328
43.0845
43.09566
43.10655
43.11769
43.12874
43.13999
43.15126
43.16209
43.17324
43.18433
43.19559
43.2065
43.21768
43.22895
43.23995
43.25165
43.26215
43.27316
43.28429
43.29552
43.30652
43.31771
43.32875
43.33981
43.35123
43.36219
43.3734
43.38437
43.39536
43.4065
43.41758
43.42877
43.43974
43.45119
43.46202
43.47304
43.48409
43.49523
43.50655
43.51764
43.52874
43.53977
43.55149
43.56202
43.57299
43.58411
43.59534
43.60638
43.61739
43.62871
43.63965
43.65143
43.66206
43.67298
43.68419
43.69537
43.70625
43.71762
43.72861
43.73962
43.75098
43.76199
43.77299
43.78414
43.79525
43.80625
43.8176
43.82867
43.83954
43.85078
43.86189
43.87314
43.88395
43.89523
43.90629
43.91743
43.92847
43.93952
43.95059
43.96176
43.97318
43.98391
43.99516
44.00611
44.01733
44.0284
44.03942
44.05068
44.06166
44.07277
44.08396
44.09508
44.1063
44.11742
44.12843
44.13948
44.15061
44.16174
44.17269
44.18397
44.19513
44.20602
44.21726
44.22855
44.23944
44.25047
44.26163
44.27265
44.28409
44.29483
44.30598
44.31717
44.32819
44.33932
44.35045
44.36161
44.37268
44.38369
44.39489
44.40591
44.4171
44.42828
44.43949
44.45047
44.46168
44.47263
44.48366
44.49483
44.506
44.51698
44.52835
44.53925
44.55032
44.56253
44.57252
44.58368
44.59479
44.60602
44.61707
44.62812
44.63921
44.65026
44.66148
44.67255
44.68361
44.69482
44.70584
44.71693
44.72804
44.7391
44.75042
44.7614
44.77242
44.78355
44.79479
44.80581
44.81682
44.82804
44.83901
44.85026
44.86158
44.87245
44.88349
44.89463
44.90598
44.91679
44.92803
44.93919
44.95013
44.96124
44.97258
44.98352
44.99464
45.00563
45.01674
45.02797
45.03896
45.0502
45.06132
45.07229
45.08339
45.09472
45.10575
45.11673
45.12828
45.13902
45.14999
45.1613
45.17223
45.1833
45.19458
45.20561
45.21675
45.22785
45.23896
45.25
45.26149
45.27215
45.28337
45.29438
45.30566
45.31665
45.32779
45.33877
45.34999
45.36108
45.37226
45.38332
45.39434
45.40543
45.41661
45.42787
45.4389
45.44983
45.46103
45.47223
45.48326
45.49445
45.5061
45.51645
45.52781
45.53876
45.54992
45.56112
45.57213
45.58344
45.59427
45.60541
45.61648
45.6277
45.63877
45.65001
45.66096
45.67204
45.68324
45.69424
45.70529
45.71634
45.72771
45.73878
45.7499
45.76091
45.77196
45.78302
45.79428
45.80534
45.81628
45.82747
45.83871
45.84967
45.86077
45.87195
45.88302
45.8941
45.90513
45.91642
45.92741
45.93865
45.94965
45.96088
45.97203
45.98287
45.99433
46.00509
46.01625
46.02758
46.03849
46.04964
46.06077
46.0718
46.08291
46.09414
46.10508
46.11628
46.12732
46.13852
46.14963
46.1606
46.17169
46.18294
46.19402
46.20499
46.21611
46.2273
46.23841
46.24969
46.26067
46.27168
46.28304
46.29397
46.30527
46.31608
46.32729
46.33828
46.34945
46.36058
46.37163
46.383
46.39387
46.40498
46.41603
46.42732
46.43838
46.44948
46.46099
46.47163
46.48267
46.49385
46.50511
46.51607
46.52716
46.53828
46.54934
46.56044
46.57167
46.58276
46.59377
46.60499
46.61605
46.62711
46.63823
46.64939
46.66039
46.67154
46.68266
46.69375
46.70482
46.71597
46.7272
46.73813
46.74929
46.76038
46.77153
46.78267
46.79382
46.80485
46.81581
46.82701
46.83807
46.84933
46.86029
46.87133
46.88252
46.89368
46.90475
46.91587
46.9272
46.93798
46.94928
46.96021
46.97135
46.98264
46.9936
47.00466
47.01581
47.02703
47.03795
47.04921
47.0602
47.07136
47.08256
47.09347
47.10456
47.11565
47.12695
47.13791
47.14909
47.16012
47.1712
47.18237
47.19359
47.20452
47.21579
47.22681
47.23795
47.24903
47.26015
47.27122
47.2823
47.29348
47.30457
47.31583
47.32671
47.33804
47.34917
47.36035
47.37114
47.38229
47.39352
47.40478
47.41558
47.42665
47.43787
47.44893
47.4603
47.47108
47.4823
47.49331
47.50444
47.51567
47.52665
47.53777
47.54918
47.56025
47.57114
47.58215
47.5935
47.60453
47.61548
47.62664
47.63795
47.64877
47.66053
47.67105
47.68231
47.69334
47.70441
47.71561
47.72654
47.73767
47.74875
47.7598
47.771
47.78212
47.79319
47.80435
47.81549
47.82651
47.83759
47.8488
47.86006
47.87099
47.88198
47.89307
47.90425
47.91541
47.92653
47.9375
47.94883
47.95982
47.97087
47.98188
47.99313
48.00429
48.01552
48.02641
48.03744
48.0486
48.05964
48.07081
48.08187
48.09301
48.10416
48.11531
48.1263
48.13762
48.14876
48.15969
48.17083
48.18197
48.19297
48.20402
48.21529
48.22635
48.23734
48.24851
48.25976
48.27093
48.28222
48.29305
48.30404
48.31516
48.32636
48.33729
48.34841
48.35968
48.37064
48.38169
48.39287
48.40402
48.41519
48.42628
48.43737
48.44852
48.45947
48.47059
48.48185
48.49273
48.50396
48.51511
48.52613
48.53748
48.54851
48.55959
48.57053
48.5818
48.59283
48.604
48.61503
48.62633
48.63732
48.64851
48.65941
48.6707
48.68155
48.69282
48.70378
48.71492
48.7261
48.73708
48.7483
48.75938
48.77048
48.78178
48.79266
48.80384
48.8148
48.82592
48.83712
48.84833
48.85931
48.87037
48.88147
48.89263
48.90381
48.91483
48.92609
48.937
48.94823
48.95925
48.97051
48.98147
48.99258
49.00366
49.0147
49.02584
49.03697
49.04829
49.05919
49.07035
49.0814
49.09262
49.10367
49.11475
49.12582
49.13704
49.14827
49.15936
49.17022
49.18136
49.19246
49.20351
49.2148
49.22591
49.237
49.24827
49.25936
49.2702
49.28129
49.29238
49.30363
49.31459
49.32583
49.3368
49.34801
49.35902
49.37021
49.38126
49.39226
49.40362
49.41461
49.42582
49.43674
49.44788
49.45918
49.47013
49.48148
49.49231
49.50346
49.51466
49.52571
49.53674
49.54781
49.55888
49.57016
49.58116
49.59228
49.6034
49.61446
49.6257
49.63696
49.6478
49.65889
49.67021
49.6813
49.69238
49.70326
49.71456
49.72559
49.73668
49.74786
49.75883
49.76999
49.78109
49.79209
49.80333
49.81435
49.82551
49.83663
49.84768
49.85879
49.86987
49.88102
49.89206
49.90336
49.9143
49.92565
49.93656
49.94758
49.95868
49.96981
49.98092
49.99203
50.00323
50.01434
50.0254
50.03664
50.04758
50.05862
50.07004
50.0809
50.09204
50.1033
50.11418
50.12585
50.13652
50.14751
50.15876
50.16972
50.18086
50.19206
50.20306
50.21415
50.2255
50.23654
50.24752
50.25885
50.26971
50.28082
50.29192
50.30303
50.31414
50.32534
50.33637
50.34753
50.35868
50.36966
50.38072
50.39197
50.4032
50.4141
50.42527
50.43625
50.44735
50.45864
50.4696
50.48068
50.49178
50.50297
50.51424
50.52518
50.53627
50.5473
50.55836
50.56948
50.58065
50.59174
50.60304
50.61403
50.62524
50.63632
50.64743
50.65853
50.66957
50.68068
50.69174
50.70275
50.71386
50.72509
50.73617
50.7472
50.75838
50.76946
50.78054
50.79164
50.80276
50.81393
50.82509
50.83619
50.84722
50.85832
50.86953
50.8806
50.89167
50.90322
50.91385
50.92505
50.93621
50.94765
50.96051
50.97044
50.98101
50.99221
51.00286
51.0141
51.02496
51.03599
51.04707
51.05817
51.06958
51.08042
51.09149
51.10257
51.11368
51.125
51.13596
51.14709
51.15812
51.16961
51.18037
51.19152
51.20261
51.21432
51.22493
51.2359
51.24697
51.25819
51.26946
51.28043
51.2914
51.30249
51.3136
51.3247
51.33585
51.34696
51.35807
51.36945
51.3803
51.39141
51.40239
51.41359
51.42477
51.43584
51.44686
51.45803
51.46915
51.48024
51.49129
51.50254
51.5135
51.52476
51.53584
51.54681
51.55797
51.56955
51.58014
51.59156
51.60236
51.61364
51.62453
51.63583
51.64676
51.65795
51.66925
51.68015
51.69131
51.7023
51.71339
51.72461
51.73569
51.74686
51.758
51.76915
51.78003
51.79113
51.80221
51.8133
51.82451
51.83557
51.84667
51.85785
51.86899
51.88
51.89107
51.90231
51.91332
51.92452
51.93552
51.94658
51.9577
51.96893
51.97991
51.99104
52.00216
52.01323
52.02443
52.03555
52.04653
52.05779
52.0693
52.08
52.09102
52.10234
52.11332
52.12428
52.13546
52.14653
52.15762
52.16872
52.1799
52.19098
52.20208
52.21326
52.22439
52.23553
52.24651
52.25752
52.26899
52.27974
52.291
52.30212
52.31306
52.32433
52.33526
52.34646
52.35768
52.36887
52.37975
52.39093
52.40208
52.41322
52.42418
52.43629
52.44636
52.45751
52.4688
52.47971
52.49081
52.50189
52.51302
52.5242
52.53537
52.54634
52.55742
52.56856
52.57964
52.59072
52.60189
52.61304
52.62413
52.63529
52.64637
52.65733
52.66847
52.67993
52.69088
52.70181
52.71292
52.72408
52.73519
52.7463
52.7573
52.76858
52.77953
52.79066
52.80188
52.81287
52.82396
52.8353
52.84619
52.85738
52.86838
52.87955
52.89057
52.90172
52.91282
52.92398
52.9351
52.94609
52.95721
52.96841
52.97955
52.99064
53.00188
53.01284
53.02386
53.03508
53.04618
53.05714
53.06842
53.07945
53.09046
53.10179
53.11285
53.12384
53.13516
53.14611
53.15711
53.16836
53.17939
53.19054
53.20151
53.21267
53.22378
53.2351
53.24602
53.25704
53.26853
53.2793
53.29039
53.30159
53.31266
53.32372
53.33525
53.34597
53.3571
53.36817
53.37938
53.3904
53.40152
53.41256
53.42364
53.43502
53.44585
53.45709
53.46822
53.47923
53.49035
53.50158
53.51254
53.5236
53.53479
53.54585
53.55691
53.56812
53.57917
53.59029
53.60143
53.61258
53.62365
53.63465
53.64577
53.65691
53.66807
53.67915
53.69029
53.70149
53.71246
53.72361
53.73467
53.74575
53.75682
53.76818
53.77906
53.7903
53.80128
53.81233
53.82341
53.83475
53.84568
53.85691
53.8679
53.87926
53.89007
53.90133
53.91228
53.92349
53.93451
53.94579
53.95668
53.96809
53.97905
53.99003
54.00135
54.01226
54.02333
54.03465
54.04565
54.05664
54.06789
54.07915
54.08995
54.10122
54.1124
54.12324
54.13458
54.14558
54.15658
54.16779
54.17902
54.19
54.2012
54.21216
54.2233
54.23457
54.24585
54.25654
54.26775
54.27878
54.28986
54.30099
54.31225
54.32325
54.33434
54.34545
54.35649
54.36778
54.3788
54.39001
54.401
54.4123
54.42337
54.43439
54.44537
54.45649
54.46768
54.47866
54.48999
54.50092
54.5121
54.52316
54.53421
54.54547
54.55639
54.56753
54.57872
54.58989
54.60092
54.61198
54.62307
54.63428
54.64531
54.65637
54.66746
54.67869
54.68979
54.70101
54.71195
54.72308
54.73426
54.74533
54.75636
54.76756
54.77855
54.78968
54.80086
54.81193
54.82296
54.83407
54.84531
54.85635
54.86766
54.8785
54.88963
54.9007
54.91199
54.92315
54.93429
54.94516
54.95616
54.96745
54.97845
54.98953
55.00068
55.012
55.02286
55.03397
55.04515
55.05624
55.06744
55.07864
55.08947
55.10078
55.11172
55.12286
55.13405
55.14502
55.15614
55.16745
55.17891
55.18944
55.20053
55.21168
55.22284
55.23396
55.2451
55.25608
55.26748
55.2785
55.28944
55.3005
55.31174
55.32294
55.33394
55.34503
55.35617
55.36727
55.37853
55.38934
55.40052
55.41176
55.42265
55.43377
55.44509
55.45597
55.46734
55.47853
55.48932
55.50046
55.5116
55.52295
55.53384
55.54484
55.55593
55.56714
55.57833
55.5899
55.60035
55.6115
55.62263
55.63391
55.64504
55.65587
55.66705
55.67814
55.68932
55.70034
55.71154
55.72251
55.73371
55.74502
55.75583
55.76703
55.77827
55.78938
55.80025
55.81141
55.82253
55.83389
55.84499
55.8559
55.86693
55.87797
55.8891
55.90021
55.91131
55.92245
55.93359
55.94473
55.95572
55.96682
55.97797
55.98919
56.00039
56.01128
56.02238
56.03348
56.04471
56.05565
56.06691
56.07791
56.08901
56.10038
56.11115
56.12236
56.13349
56.14456
56.15563
56.16683
56.17784
56.189
56.20015
56.21115
56.22223
56.23359
56.24459
56.25565
56.26686
56.27816
56.28887
56.30017
56.3112
56.32256
56.33339
56.34451
56.35554
56.36668
56.37779
56.38892
56.40008
56.41116
56.42226
56.43334
56.44456
56.45547
56.46673
56.47774
56.4889
56.4999
56.51109
56.52212
56.53328
56.5444
56.55539
56.5667
56.57766
56.58883
56.60001
56.61117
56.62202
56.63317
56.64436
56.65537
56.66645
56.67763
56.68878
56.69981
56.71109
56.7221
56.73312
56.74446
56.75556
56.76653
56.77786
56.78866
56.7998
56.81092
56.82199
56.83305
56.84432
56.85533
56.86652
56.87758
56.88857
56.89986
56.91091
56.92186
56.93311
56.94416
56.95532
56.9665
56.97757
56.98855
56.99975
57.01081
57.02208
57.03325
57.04417
57.05524
57.06654
57.07761
57.08851
57.09959
57.11077
57.12189
57.13309
57.14415
57.15519
57.16632
57.17737
57.18855
57.19958
57.21066
57.22177
57.2329
57.24403
57.25504
57.26616
57.27736
57.28838
57.29964
57.31075
57.32175
57.33282
57.34408
57.35504
57.36617
57.37728
57.38844
57.39958
57.41058
57.42169
57.43276
57.44395
57.46609
57.47721
57.48832
57.49956
57.51066
57.52162
57.53289
57.54383
57.55532
57.5661
57.57716
57.58882
57.59938
57.61055
57.62156
57.63272
57.64391
57.6552
57.66615
57.6771
57.68823
57.69936
57.7104
57.72153
57.73261
57.74381
57.75492
57.76609
57.77721
57.78822
57.79935
57.81046
57.82147
57.83262
57.84374
57.85481
57.866
57.87706
57.88811
57.8992
57.91036
57.92145
57.93252
57.94366
57.95478
57.96595
57.97696
57.98804
57.99913
58.01031
58.02139
58.03251
58.04382
58.05478
58.06585
58.07729
58.08814
58.09917
58.1102
58.12159
58.1325
58.14366
58.15474
58.16584
58.17684
58.188
58.19913
58.2102
58.22126
58.23255
58.24358
58.25476
58.26584
58.27691
58.28791
58.29904
58.31015
58.32129
58.33231
58.3434
58.35458
58.36565
58.37674
58.38806
58.39898
58.41012
58.42126
58.43237
58.44336
58.45477
58.4657
58.47709
58.48784
58.49904
58.51004
58.52119
58.53223
58.54336
58.55442
58.56585
58.57671
58.58794
58.59897
58.61016
58.6213
58.63218
58.64339
58.65438
58.6655
58.67667
58.68781
58.69894
58.70998
58.72114
58.73229
58.7434
58.75434
58.76551
58.77658
58.78771
58.79889
58.80996
58.82106
58.8321
58.84334
58.85448
58.86542
58.87714
58.88767
58.89898
58.90992
58.92093
58.93214
58.94312
58.95423
58.96536
58.97651
58.98794
58.99884
59.00978
59.02092
59.03195
59.0432
59.05428
59.06573
59.07653
59.08766
59.09867
59.1098
59.12081
59.13204
59.14355
59.15414
59.16528
59.17685
59.18755
59.19863
59.20979
59.2208
59.2319
59.24308
59.25412
59.26527
59.27625
59.28743
59.29873
59.30963
59.32081
59.3318
59.34299
59.35424
59.36541
59.37631
59.38738
59.39854
59.40965
59.42073
59.43199
59.443
59.45398
59.46524
59.47622
59.48734
59.49849
59.50959
59.52073
59.53191
59.54286
59.55395
59.56502
59.57625
59.58733
59.59838
59.60949
59.62057
59.63175
59.64294
59.65386
59.66504
59.67626
59.68725
59.69833
59.70937
59.72054
59.73155
59.74282
59.75381
59.76497
59.77607
59.78726
59.79838
59.80947
59.82058
59.83168
59.84267
59.85391
59.86491
59.87605
59.88712
59.89823
59.9096
59.9206
59.93169
59.94334
59.95377
59.96483
59.97613
59.98726
59.99833
60.00926
60.0205
60.03164
60.04269
60.05368
60.06521
60.076
60.08711
60.09821
60.10946
60.1204
60.13161
60.14273
60.15367
60.16483
60.17581
60.1872
60.19817
60.2092
60.22039
60.23142
60.24276
60.25365
60.26493
60.27584
60.28689
60.29843
60.30909
60.32026
60.33144
60.34246
60.35368
60.36473
60.37579
60.38693
60.39804
60.40909
60.42017
60.4313
60.44244
60.45372
60.46472
60.47568
60.82265
60.83592
60.84492
60.85358
60.86479
60.8756
60.88688
60.8977
60.90881
60.92004
60.93106
60.94218
60.95323
60.96438
60.97553
60.98652
60.99778
61.00886
61.01999
61.03101
61.04207
61.0532
61.06433
61.07567
61.08662
61.09779
61.10876
61.12023
61.13111
61.14208
61.15343
61.16432
61.17535
61.18653
61.19762
61.20875
61.22014
61.23126
61.24258
61.25346
61.26466
61.27587
61.28702
61.29831
61.30917
61.32043
61.33361
61.34311
61.35366
61.3646
61.37576
61.38756
61.39798
61.40905
61.42008
61.43116
61.44249
61.4533
61.46474
61.47568
61.48771
61.49786
61.50906
61.52003
61.53127
61.54279
61.74261
61.75337
61.7645
61.77544
61.78669
61.79766
61.80862
61.81954
61.83066
61.84174
61.85287
61.86392
61.87497
61.88617
61.8973
61.90848
61.93085
61.93889
61.94588
61.95269
61.95976
61.97005
61.98132
61.99231
62.00353
62.01431
62.02542
62.04866
