0
0.02
0.3533334
0.4344108
0.5916008
0.6025779
0.6135796
0.6249008
0.6359929
0.647343
0.6580414
0.6690837
0.6802527
0.691358
0.7024145
0.713603
0.7250087
0.7358683
0.747641
0.7580171
0.7691298
0.7801898
0.7914523
0.8023738
0.813723
0.8247648
0.8358495
0.8472126
0.8581929
0.8690224
0.8802717
0.8914685
0.9024798
0.9135141
0.9247354
0.9357175
0.9472877
0.9579899
0.9691525
0.9802964
0.9912574
1.0023
1.013482
1.024634
1.035662
1.047176
1.058137
1.068933
1.080176
1.091249
1.102288
1.113508
1.124471
1.137586
1.151844
1.162898
1.174069
1.185072
1.196335
1.207453
1.218533
1.22962
1.2407
1.251878
1.262947
1.27391
1.285031
1.296183
1.307263
1.318577
1.329431
1.340569
1.351781
1.362812
1.374291
1.385088
1.396176
1.407265
1.418317
1.429474
1.440567
1.45169
1.462791
1.473826
1.484903
1.496114
1.507216
1.518216
1.529422
1.540486
1.551724
1.562791
1.57391
1.584893
1.596226
1.60732
1.618207
1.629366
1.640659
1.651569
1.662648
1.673733
1.684931
1.696273
1.707332
1.718229
1.729219
1.740425
1.751488
1.762688
1.773874
1.784777
1.796156
1.806938
1.818157
1.829197
1.840511
1.851423
1.862499
1.873765
1.884923
1.895913
1.907013
1.918259
1.929232
1.940308
1.951459
1.962597
1.973696
1.984684
1.995963
2.006941
2.018087
2.029142
2.0403
2.051538
2.0624
2.074116
2.084594
2.09597
2.107014
2.11836
2.129083
2.140287
2.15165
2.162452
2.173467
2.184761
2.195834
2.206828
2.217933
2.229182
2.240097
2.251518
2.262402
2.273477
2.28479
2.295732
2.306909
2.31789
2.329048
2.340195
2.351715
2.362357
2.373397
2.384542
2.39579
2.406729
2.417902
2.429059
2.440184
2.451441
2.4624
2.473309
2.484487
2.495624
2.506658
2.517834
2.528994
2.540098
2.55163
2.562391
2.573354
2.584479
2.595572
2.606816
2.617808
2.628901
2.639894
2.651057
2.662317
2.806551
2.81759
2.828729
2.839817
2.851079
2.86219
2.873184
2.884214
2.895292
2.906497
2.917827
2.929216
2.939962
2.950852
2.962226
2.973137
2.984259
2.995319
3.006418
3.017553
3.028676
3.039661
3.050874
3.062003
3.072995
3.084194
3.095283
3.106653
3.117565
3.128718
3.139843
3.150849
3.161995
3.172986
3.184185
3.195173
3.206277
3.217632
3.22865
3.239763
3.250764
3.261911
3.27289
3.284007
3.29511
3.30626
3.317428
3.328611
3.339579
3.351026
3.361806
3.372846
3.384023
3.395224
3.40619
3.417411
3.428495
3.439475
3.450634
3.461816
3.472806
3.483958
3.495219
3.506291
3.517234
3.528394
3.539466
3.55069
3.562016
3.572858
3.584044
3.595017
3.606172
3.617355
3.628476
3.63946
3.650622
3.661884
3.672717
3.683792
3.695259
3.706142
3.717188
3.728422
3.739406
3.750726
3.76186
3.772681
3.783949
3.79502
3.806096
3.817153
3.828221
3.839303
3.850546
3.86174
3.872683
3.883962
3.894992
3.906211
3.917042
3.92838
3.939328
3.950392
3.96166
3.972632
3.98382
3.994948
4.005847
4.017179
4.02828
4.039205
4.050486
4.061453
4.072548
4.083617
4.094776
4.105876
4.116955
4.12833
4.139158
4.150408
4.161403
4.172562
4.183705
4.194959
4.205799
4.217165
4.228109
4.239141
4.250387
4.261518
4.272532
4.283907
4.294614
4.3057
4.316884
4.328301
4.339191
4.350248
4.361438
4.372437
4.383665
4.394626
4.405797
4.416776
4.427909
4.439043
4.450103
4.461386
4.472331
4.483651
4.494523
4.505655
4.516719
4.52789
4.539092
4.550131
4.561262
4.572259
4.583375
4.594608
4.605597
4.616789
4.62784
4.63897
4.650157
4.661149
4.672246
4.683411
4.695181
4.705499
4.716707
4.727801
4.738905
4.75027
4.761096
4.772199
4.783397
4.794683
4.8055
4.816592
4.827894
4.838805
4.850026
4.861112
4.872173
4.883257
4.894383
4.905426
4.916687
4.927787
4.938893
4.95004
4.961075
4.972157
4.983246
4.994304
5.005391
5.016663
5.027648
5.038728
5.049942
5.061001
5.072019
5.083079
5.094292
5.105427
5.116527
5.127686
5.138676
5.14975
5.160951
5.171952
5.183084
5.194333
5.205355
5.21653
5.227615
5.238642
5.249707
5.261326
5.27194
5.283005
5.294226
5.305202
5.316339
5.327434
5.338549
5.349705
5.360766
5.371917
5.383121
5.394268
5.405246
5.416584
5.427589
5.438599
5.449821
5.46128
5.471897
5.482971
5.494215
5.505327
5.516315
5.527519
5.538491
5.549619
5.560996
5.572003
5.582883
5.594062
5.605158
5.616196
5.627412
5.638392
5.649562
5.660899
5.671765
5.682921
5.694155
5.705089
5.716153
5.727407
5.738385
5.749473
5.76107
5.771772
5.782924
5.793938
5.804953
5.816054
5.827334
5.838593
5.849475
5.861177
5.871677
5.883
5.893961
5.904918
5.916085
5.927466
5.938298
5.949466
5.96065
5.971631
5.982776
5.993848
6.00489
6.016161
6.027274
6.03828
6.049349
6.060445
6.071582
6.082698
6.0937
6.104876
6.115966
6.127456
6.138155
6.149312
6.16049
6.1715
6.182574
6.193833
6.204916
6.216315
6.227198
6.238166
6.249249
6.260606
6.27145
6.282616
6.293706
6.304738
6.315841
6.32709
6.338045
6.3492
6.360312
6.371427
6.382675
6.393685
6.404715
6.415965
6.426858
6.438056
6.449296
6.46027
6.471421
6.482425
6.493701
6.504758
6.51574
6.526975
6.538036
6.549108
6.560171
6.571272
6.582381
6.593696
6.604694
6.61569
6.626856
6.637958
6.649022
6.660307
6.671322
6.682342
6.693743
6.704556
6.715671
6.726759
6.737887
6.74904
6.760272
6.771219
6.782385
6.793568
6.804484
6.815791
6.826983
6.837883
6.849061
6.859998
6.871135
6.882295
6.89354
6.904441
6.915505
6.926747
6.937842
6.949152
6.960038
6.971339
6.982292
6.993313
7.004421
7.015519
7.026598
7.037751
7.182169
7.193266
7.204262
7.215439
7.226517
7.237613
7.248822
7.259922
7.270989
7.282164
7.293108
7.304214
7.315333
7.326558
7.337925
7.348714
7.360089
7.370899
7.382078
7.393059
7.404234
7.415628
7.42642
7.437648
7.448658
7.459814
7.47087
7.482011
7.493154
7.504167
7.515245
7.526429
7.537445
7.548636
7.559703
7.570889
7.581861
7.593124
7.604184
7.615254
7.626496
7.637423
7.648638
7.659688
7.670708
7.682141
7.692937
7.704084
7.715197
7.726442
7.737368
7.74864
7.7596
7.770765
7.78195
7.793178
7.804092
7.815253
7.826271
7.837602
7.848448
7.859481
7.870664
7.881776
7.892922
7.904023
7.915122
7.926233
7.937267
7.948532
7.959531
7.970681
7.981925
7.992899
8.004038
8.015095
8.026125
8.037427
8.048467
8.059534
8.070538
8.081678
8.092803
8.103831
8.114946
8.126088
8.13717
8.148609
8.159386
8.1705
8.181614
8.192662
8.203807
8.215021
8.226309
8.237194
8.248231
8.25927
8.270432
8.281558
8.292605
8.303701
8.314888
8.326117
8.3371
8.34832
8.359333
8.370521
8.381529
8.392567
8.403781
8.414846
8.425909
8.437323
8.448257
8.45922
8.470594
8.481558
8.492624
8.503734
8.514799
8.525978
8.537089
8.548383
8.559255
8.570455
8.58155
8.59254
8.603633
8.614826
8.625809
8.63695
8.648159
8.659142
8.670394
8.681456
8.69263
8.703558
8.714702
8.725777
8.737113
8.74802
8.759123
8.770568
8.781457
8.792422
8.803559
8.8146
8.825753
8.837167
8.848116
8.859038
8.870351
8.881211
8.892423
8.903439
8.914656
8.925673
8.936782
8.947896
8.959003
8.970089
8.981193
8.992519
9.003508
9.014538
9.025674
9.036757
9.047947
9.058927
9.070094
9.081139
9.092229
9.103348
9.114532
9.125772
9.13667
9.148085
9.158851
9.169986
9.181245
9.192251
9.203299
9.214699
9.225695
9.236654
9.247729
9.258877
9.270007
9.281135
9.292246
9.303537
9.314388
9.325561
9.336714
9.347675
9.358815
9.37
9.38115
9.392141
9.403202
9.414522
9.425561
9.436582
9.447844
9.459092
9.469918
9.481068
9.492061
9.503143
9.514294
9.525358
9.536583
9.547706
9.558807
9.569801
9.580956
9.591987
9.603164
9.61439
9.62534
9.6365
9.647639
9.658703
9.669744
9.680972
9.691938
9.703
9.714207
9.725278
9.736415
9.747552
9.758745
9.769907
9.780845
9.792206
9.803285
9.814079
9.825257
9.836344
9.847497
9.858486
9.86967
9.880771
9.891856
9.902967
9.914011
9.925291
9.936337
9.947384
9.958448
9.969653
9.980781
9.991873
10.00292
10.01413
10.02519
10.03633
10.04739
10.05849
10.06963
10.08082
10.09185
10.10285
10.11401
10.12506
10.13631
10.14736
10.15871
10.16949
10.18063
10.19173
10.20279
10.21388
10.22499
10.23626
10.24728
10.25832
10.26942
10.28064
10.29168
10.30279
10.31387
10.325
10.33608
10.34731
10.35834
10.3694
10.38059
10.39174
10.40267
10.41391
10.42499
10.43604
10.44725
10.45825
10.4695
10.48044
10.49167
10.50262
10.51378
10.52509
10.53595
10.54716
10.55822
10.5693
10.5807
10.59155
10.60265
10.61385
10.62481
10.63598
10.64713
10.65819
10.66927
10.68059
10.69149
10.70269
10.71368
10.72473
10.7359
10.74716
10.75809
10.76929
10.78033
10.79144
10.80254
10.81378
10.82473
10.83585
10.84721
10.85815
10.86929
10.88033
10.89142
10.90257
10.91377
10.92471
10.93588
10.94703
10.95801
10.96912
10.9803
10.99142
11.0024
11.01363
11.02477
11.03578
11.04689
11.05793
11.06904
11.08013
11.09134
11.10237
11.11345
11.12455
11.13577
11.14698
11.15796
11.16909
11.18015
11.19123
11.20241
11.21362
11.2245
11.23581
11.24697
11.2578
11.26894
11.28013
11.29117
11.30234
11.31347
11.3246
11.33578
11.34674
11.3578
11.36895
11.38003
11.39107
11.40221
11.41349
11.42464
11.43556
11.44686
11.45793
11.469
11.48005
11.49116
11.50242
11.51338
11.52439
11.53543
11.54672
11.55775
11.56884
11.57998
11.59101
11.60211
11.61322
11.62444
11.63553
11.64662
11.65769
11.66889
11.68031
11.69099
11.70226
11.71319
11.72427
11.73551
11.74668
11.75761
11.76874
11.78015
11.79102
11.80205
11.81326
11.82422
11.83537
11.84657
11.85768
11.86867
11.88012
11.89087
11.90201
11.9132
11.92418
11.93543
11.94679
11.95757
11.9686
11.97979
11.99084
12.00191
12.01299
12.02412
12.03542
12.04659
12.05768
12.06868
12.0798
12.09076
12.10193
12.11309
12.1241
12.13536
12.14627
12.1574
12.16858
12.1797
12.19074
12.20184
12.21288
12.22421
12.23521
12.24678
12.25753
12.26851
12.27967
12.29068
12.30177
12.31287
12.32399
12.33506
12.34618
12.35729
12.36852
12.3795
12.39062
12.4017
12.41289
12.42394
12.43517
12.44619
12.45741
12.46846
12.47953
12.49056
12.50172
12.51271
12.524
12.535
12.54618
12.55719
12.56857
12.57954
12.5906
12.60171
12.61275
12.62381
12.63504
12.64616
12.65724
12.66833
12.67943
12.69048
12.70157
12.71288
12.72398
12.73492
12.74603
12.75735
12.7682
12.77929
12.79043
12.80152
12.8126
12.82378
12.83487
12.84604
12.85706
12.86819
12.87962
12.89033
12.90147
12.91257
12.92371
12.93478
12.94587
12.95698
12.9681
12.97923
12.99038
13.00144
13.01248
13.02361
13.03483
13.04592
13.05702
13.06807
13.07921
13.09076
13.10147
13.11257
13.12361
13.13486
13.14588
13.15699
13.16813
13.17918
13.19039
13.20144
13.21249
13.22349
13.23469
13.24593
13.25705
13.26811
13.27908
13.29018
13.30154
13.31253
13.32356
13.33469
13.34601
13.35685
13.36793
13.37907
13.39029
13.4012
13.41234
13.4235
13.43464
13.44573
13.4568
13.46794
13.47908
13.49031
13.50126
13.51243
13.52342
13.53459
13.54568
13.55683
13.56794
13.57902
13.59008
13.60126
13.6124
13.62333
13.63451
13.64555
13.65686
13.6678
13.67883
13.69006
13.70107
13.71235
13.72329
13.73452
13.74551
13.75666
13.76777
13.77886
13.78998
13.80103
13.81221
13.82323
13.83431
13.8458
13.85664
13.86772
13.87888
13.89005
13.90109
13.91203
13.92334
13.9343
13.94544
13.95662
13.9678
13.97879
13.99004
14.00091
14.01215
14.02311
14.03434
14.04533
14.05652
14.06775
14.07888
14.08976
14.10096
14.11199
14.12329
14.13428
14.14542
14.15657
14.16762
14.1786
14.18973
14.20094
14.21192
14.22318
14.23429
14.24534
14.25635
14.2675
14.27867
14.28984
14.30087
14.31193
14.32331
14.33411
14.34514
14.35644
14.36758
14.37881
14.38996
14.40079
14.41183
14.42298
14.43422
14.44527
14.45636
14.46747
14.47846
14.48997
14.63397
14.64515
14.65622
14.66726
14.67839
14.68979
14.70059
14.71175
14.72277
14.73387
14.74511
14.75616
14.76742
14.77833
14.7894
14.80052
14.81168
14.82281
14.83387
14.84499
14.85625
14.86748
14.87835
14.88953
14.90062
14.91162
14.92271
14.93378
14.94487
14.95602
14.9672
14.97821
14.98934
15.0006
15.01163
15.02262
15.03373
15.04487
15.05603
15.06721
15.07821
15.08931
15.10056
15.11155
15.12276
15.13383
15.14493
15.15602
15.16716
15.17814
15.1894
15.20058
15.21185
15.22264
15.23365
15.24484
15.25586
15.26708
15.27811
15.28919
15.3004
15.31143
15.32257
15.33376
15.34475
15.35603
15.36712
15.37817
15.38923
15.40037
15.41155
15.42252
15.43371
15.44471
15.45573
15.46708
15.478
15.48914
15.50028
15.51146
15.52244
15.53366
15.54461
15.55576
15.56697
15.57802
15.58924
15.60033
15.61141
15.62234
15.63353
15.64457
15.65571
15.66702
15.67794
15.68896
15.70009
15.71115
15.72223
15.7334
15.7446
15.75572
15.76676
15.77774
15.78893
15.80007
15.81128
15.82231
15.83344
15.84457
15.85556
15.86682
15.87786
15.88884
15.9001
15.9114
15.92232
15.93341
15.94446
15.95552
15.96668
15.97789
15.98892
16.00002
16.01111
16.02215
16.03323
16.04441
16.05551
16.06667
16.07764
16.08896
16.10042
16.11107
16.12207
16.13319
16.14472
16.15546
16.16648
16.1777
16.18869
16.19983
16.21093
16.2221
16.23317
16.24428
16.25537
16.26664
16.27761
16.28877
16.2999
16.31091
16.32203
16.33312
16.34436
16.35535
16.36665
16.37759
16.38876
16.3997
16.411
16.42199
16.43317
16.44418
16.45539
16.46638
16.47753
16.48866
16.49964
16.51075
16.5219
16.5333
16.54423
16.55522
16.56637
16.57743
16.5885
16.59974
16.6108
16.62183
16.63297
16.64406
16.65517
16.66638
16.67735
16.68844
16.69958
16.7107
16.72187
16.73295
16.74401
16.75509
16.76637
16.77742
16.78865
16.79949
16.81063
16.8217
16.8328
16.84393
16.85501
16.86658
16.8774
16.88854
16.89979
16.91062
16.9218
16.93282
16.94415
16.95503
16.96623
16.9772
16.9883
16.99957
17.01061
17.02165
17.03293
17.04396
17.055
17.06606
17.07734
17.08851
17.09966
17.11062
17.12167
17.13273
17.14375
17.34387
17.35474
17.36601
17.37716
17.38816
17.39938
17.41035
17.42142
17.43256
17.44365
17.45477
17.46589
17.47697
17.4881
17.49946
17.51042
17.52134
17.53255
17.54366
17.55467
17.566
17.57699
17.58812
17.59915
17.61052
17.62136
17.63254
17.64363
17.65471
17.66594
17.67705
17.68796
17.69918
17.71048
17.7213
17.73248
17.74372
17.75463
17.7658
17.77692
17.78817
17.79912
17.81033
17.82134
17.83239
17.84353
17.85463
17.86573
17.87681
17.88787
17.89908
17.91008
17.92115
17.9323
17.94358
17.95452
17.96583
17.97668
17.98783
17.99898
18.01013
18.02114
18.03225
18.04374
18.05451
18.06579
18.07676
18.0878
18.09888
18.11044
18.12118
18.13244
18.14342
18.15443
18.16571
18.17662
18.18771
18.19906
18.21006
18.22107
18.23221
18.24352
18.25432
18.26553
18.27722
18.28766
18.29873
18.31005
18.32111
18.33216
18.34341
18.35427
18.36559
18.37655
18.3876
18.39883
18.40986
18.42094
18.43206
18.44317
18.45457
18.46548
18.47677
18.48762
18.49869
18.50986
18.52091
18.53203
18.54325
18.55421
18.56535
18.57641
18.58751
18.59884
18.60979
18.62094
18.63203
18.64318
18.6543
18.66528
18.67642
18.68748
18.69856
18.70979
18.72084
18.73206
18.74302
18.75413
18.76541
18.77632
18.7875
18.79847
18.80974
18.82077
18.83182
18.84305
18.85405
18.86533
18.87636
18.88733
18.89859
18.90965
18.92077
18.93178
18.943
18.95413
18.96515
18.9762
18.98736
18.99843
19.00963
19.02063
19.0318
19.04289
19.05393
19.06504
19.07635
19.0873
19.09849
19.10949
19.12069
19.13177
19.14288
19.15396
19.16509
19.17616
19.18727
19.19847
19.20957
19.22056
19.23167
19.24281
19.25397
19.26515
19.27604
19.28716
19.29826
19.30948
19.32058
19.33171
19.34274
19.35377
19.36499
19.37616
19.38711
19.39832
19.40961
19.42044
19.43157
19.44277
19.45376
19.46493
19.47601
19.48709
19.49822
19.50941
19.52034
19.53156
19.54262
19.55368
19.56489
19.5759
19.58709
19.59818
19.60934
19.6203
19.63153
19.64259
19.65372
19.66486
19.67603
19.68697
19.69806
19.70925
19.72037
19.73149
19.74256
19.75359
19.76475
19.77593
19.78716
19.79802
19.80929
19.82029
19.83152
19.8425
19.85352
19.8647
19.87592
19.88694
19.89813
19.90913
19.9202
19.93128
19.94243
19.95349
19.96457
19.97588
20.14238
20.15345
20.16465
20.17583
20.18692
20.19798
20.20915
20.22005
20.23129
20.24227
20.25338
20.26461
20.27559
20.28665
20.29774
20.30914
20.32003
20.33117
20.3423
20.35329
20.36444
20.37551
20.38678
20.3978
20.40907
20.41994
20.43113
20.44225
20.4533
20.46457
20.4755
20.48657
20.49778
20.50921
20.51987
20.53116
20.54225
20.55321
20.56434
20.57609
20.58648
20.59765
20.60882
20.61993
20.631
20.64211
20.65334
20.6644
20.67548
20.68645
20.69753
20.70907
20.72019
20.73094
20.74207
20.75312
20.7642
20.77544
20.78658
20.79755
20.80874
20.81979
20.83088
20.84214
20.85301
20.86422
20.8753
20.88643
20.8975
20.90878
20.91986
20.93084
20.94192
20.95307
20.96416
20.97523
20.98637
20.99743
21.1753
21.18655
21.19733
21.2085
21.21963
21.23073
21.24191
21.2529
21.26398
21.2752
21.2863
21.29732
21.3085
21.31952
21.33059
21.3417
21.35277
21.36393
21.37519
21.38626
21.39742
21.40839
21.4196
21.43068
21.44169
21.4531
21.4639
21.47499
21.48616
21.49718
21.50842
21.51943
21.53054
21.54182
21.55267
21.56384
21.57492
21.58613
21.59725
21.60827
21.61939
21.63051
21.64165
21.65278
21.66378
21.67487
21.68596
21.69733
21.70826
21.71931
21.73041
21.74169
21.75266
21.76377
21.77486
21.78608
21.79703
21.80822
21.81943
21.83034
21.84154
21.85262
21.86373
21.87487
21.88614
21.89711
21.90808
21.91925
21.93032
21.94163
21.95269
21.96363
21.9747
21.98585
21.99692
22.00813
22.01916
22.03023
22.0414
22.05256
22.0636
22.07485
22.08584
22.09696
22.10824
22.11942
22.13024
22.14153
22.15308
22.16357
22.1748
22.18576
22.19709
22.2082
22.38579
22.39674
22.40813
22.419
22.43003
22.44116
22.45234
22.46337
22.47446
22.48567
22.49667
22.50785
22.51916
22.53015
22.54119
22.55231
22.56327
22.57437
22.58561
22.59685
22.60788
22.61902
22.63
22.64111
22.65231
22.66346
22.67452
22.68551
22.6966
22.70775
22.71879
22.73006
22.74111
22.7521
22.7633
22.77428
22.7855
22.79651
22.80781
22.81891
22.83007
22.84115
22.85205
22.86313
22.87432
22.8854
22.89666
22.90779
22.91873
22.9298
22.94091
22.95204
22.96309
22.97428
22.98545
22.99656
23.0076
23.01882
23.02982
23.04097
23.05202
23.06309
23.07425
23.08531
23.09641
23.1075
23.11877
23.12973
23.14101
23.15216
23.16324
23.17421
23.18534
23.19634
23.20751
23.21929
23.22976
23.24076
23.25212
23.26304
23.2741
23.28526
23.29639
23.30737
23.31913
23.32968
23.34076
23.3519
23.36286
23.37407
23.38526
23.39622
23.40736
23.41894
23.42975
23.44082
23.45189
23.46286
23.47405
23.48538
23.49625
23.50742
23.5184
23.71848
23.72951
23.74059
23.7516
23.76281
23.77382
23.78489
23.79603
23.80731
23.81834
23.82946
23.84043
23.85172
23.86269
23.87382
23.88497
23.89604
23.90715
23.91837
23.92943
23.94043
23.95151
23.96261
23.97372
23.98484
23.99591
24.00702
24.01816
24.02926
24.04047
24.05153
24.0626
24.07385
24.08492
24.0961
24.10707
24.11824
24.12925
24.14033
24.15164
24.16249
24.17359
24.18483
24.19603
24.20694
24.21832
24.2293
24.24033
24.25153
24.26258
24.27353
24.28475
24.29588
24.307
24.31804
24.32912
24.34036
24.35131
24.36246
24.37366
24.38514
24.39576
24.40687
24.41812
24.42924
24.44027
24.45158
24.46236
24.47352
24.48477
24.49574
24.507
24.51796
24.52909
24.54025
24.55145
24.56237
24.5734
24.58461
24.59571
24.60667
24.61795
24.629
24.64004
24.65128
24.66235
24.67341
24.68452
24.69571
24.70677
24.7178
24.72901
24.74013
24.75124
24.76232
24.77328
24.78468
24.79565
24.80671
24.81786
24.82896
24.84014
24.85118
24.86229
24.87333
24.88442
24.89569
24.90661
24.91772
24.92893
24.93996
24.95103
24.96216
24.97328
24.98444
24.99568
25.00681
25.01775
25.02883
25.03997
25.05097
25.06207
25.07325
25.08427
25.09559
25.10645
25.11786
25.12882
25.13982
25.15122
25.16208
25.17316
25.18424
25.19541
25.20654
25.21767
25.22883
25.23977
25.25087
25.26204
25.27317
25.28423
25.29541
25.30646
25.31761
25.3286
25.33978
25.35089
25.36204
25.373
25.3841
25.39535
25.40646
25.41752
25.42872
25.43964
25.45081
25.46188
25.47308
25.48412
25.6286
25.63968
25.65084
25.66176
25.67296
25.68402
25.69521
25.70629
25.71731
25.72871
25.73969
25.75078
25.76182
25.77283
25.78417
25.79505
25.80631
25.81732
25.8285
25.83947
25.85064
25.86186
25.87279
25.88404
25.89519
25.9061
25.91721
25.92842
25.93961
25.95057
25.96191
25.97268
25.98388
25.99494
26.00608
26.01723
26.02826
26.03954
26.05045
26.06157
26.07267
26.08379
26.09504
26.106
26.11746
26.12824
26.13926
26.15054
26.16171
26.17271
26.18373
26.19486
26.20601
26.21727
26.22822
26.23936
26.25062
26.26166
26.27271
26.28388
26.29526
26.30614
26.31716
26.32813
26.33927
26.3504
26.36148
26.37254
26.38363
26.3949
26.40596
26.41712
26.42823
26.43918
26.45036
26.46142
26.47255
26.48376
26.4948
26.50581
26.51693
26.52836
26.53948
26.55025
26.56164
26.57239
26.58365
26.59465
26.60588
26.61684
26.62839
26.63917
26.65019
26.66132
26.67233
26.6835
26.69467
26.70585
26.71703
26.72813
26.73903
26.75008
26.7613
26.77231
26.78357
26.79457
26.80569
26.81677
26.828
26.83902
26.85014
26.86123
26.87242
26.88337
26.89463
26.90558
26.91685
26.92822
26.93908
26.95001
26.96115
26.97227
26.98334
26.99445
27.00562
27.01677
27.02826
27.03901
27.04998
27.06133
27.0722
27.08342
27.09451
27.1056
27.11666
27.19431
27.2055
27.21656
27.22779
27.23916
27.25007
27.26118
27.27208
27.28337
27.29443
27.30545
27.31657
27.32774
27.33883
27.34981
27.36119
27.37218
27.3833
27.39437
27.40534
27.4166
27.4277
27.43871
27.4498
27.46096
27.47203
27.48327
27.4943
27.50546
27.51652
27.52761
27.53866
27.54978
27.56097
27.57196
27.58307
27.59423
27.60523
27.61648
27.62749
27.63858
27.64981
27.66077
27.6719
27.68305
27.69411
27.70536
27.7163
27.7275
27.73855
27.87184
27.88301
27.89399
27.90519
27.91625
27.9275
27.93842
27.94953
27.96074
27.97174
27.983
27.99403
28.00515
28.01621
28.02722
28.03838
28.04957
28.06068
28.0719
28.08275
28.09394
28.10524
28.11624
28.12813
28.1384
28.14946
28.16048
28.17167
28.18275
28.19386
28.20492
28.21615
28.22729
28.23832
28.2495
28.26063
28.27176
28.28276
28.29394
28.3049
28.3163
28.32732
28.33819
28.3494
28.36058
28.37159
28.38293
28.39388
28.40492
28.41609
28.42721
28.43824
28.44928
28.46054
28.47153
28.48267
28.49374
28.50484
28.51608
28.52703
28.53818
28.54931
28.56041
28.57145
28.58271
28.59372
28.60492
28.61592
28.62712
28.63809
28.64916
28.66028
28.67135
28.68248
28.6936
28.70475
28.71589
28.72704
28.73811
28.74917
28.76036
28.77145
28.78266
28.79367
28.80462
28.8158
28.82708
28.83801
28.84917
28.86032
28.87132
28.88318
28.89377
28.90457
28.91573
28.92708
28.93806
28.94907
28.96018
28.97129
28.98234
28.99354
29.00453
29.01577
29.02694
29.03786
29.04917
29.06019
29.07125
29.08237
29.0935
29.10451
29.11577
29.12675
29.13783
29.14902
29.16019
29.1711
29.18235
29.19352
29.20455
29.21563
29.22669
29.23781
29.24888
29.26013
29.27113
29.28228
29.29334
29.30443
29.31558
29.32669
29.33772
29.3489
29.36002
29.37101
29.38214
29.3934
29.40428
29.41545
29.42674
29.43767
29.44877
29.46001
29.471
29.48221
29.49331
29.50433
29.51553
29.5267
29.53766
29.54881
29.56004
29.57096
29.58223
29.59329
29.60424
29.61554
29.62664
29.6377
29.64891
29.65989
29.67095
29.68202
29.69319
29.70431
29.71535
29.72643
29.73774
29.74888
29.76001
29.77086
29.78197
29.79329
29.8042
29.81524
29.82661
29.83788
29.84863
29.85985
29.87083
29.88186
29.89317
29.9041
29.91526
29.92641
29.93776
29.94853
29.95982
29.97082
29.98195
29.99309
30.0041
30.01511
30.02639
30.03789
30.04849
30.05979
30.07069
30.0818
30.09301
30.10399
30.11519
30.12639
30.13743
30.14856
30.15953
30.17058
30.18179
30.19283
30.20394
30.21514
30.2263
30.2373
30.2485
30.25958
30.27077
30.28176
30.29288
30.30389
30.31511
30.32614
30.33722
30.34836
30.35954
30.37064
30.38173
30.39283
30.40384
30.41511
30.4262
30.43723
30.44839
30.45952
30.47058
30.4817
30.49292
30.50377
30.51492
30.52623
30.53718
30.5486
30.55936
30.5705
30.58156
30.59279
30.6039
30.61486
30.6261
30.63718
30.64833
30.65939
30.67043
30.68152
30.69292
30.70381
30.71486
30.72612
30.73709
30.74822
30.75935
30.77035
30.78155
30.79257
30.80372
30.81479
30.82591
30.83702
30.84814
30.85928
30.87032
30.88138
30.89255
30.90362
30.91487
30.92589
30.93707
30.94808
30.95909
30.97027
30.98138
30.99255
31.00355
31.01478
31.02607
31.03694
31.04799
31.05914
31.07038
31.0813
31.09256
31.10347
31.1146
31.12589
31.13683
31.14792
31.15906
31.17015
31.18126
31.19245
31.20356
31.21457
31.22583
31.2369
31.24799
31.25904
31.27014
31.28128
31.29245
31.30342
31.31463
31.3258
31.33679
31.34806
31.35896
31.37011
31.3813
31.39223
31.4033
31.41453
31.42574
31.43694
31.4478
31.45891
31.47007
31.48122
31.49216
31.50332
31.51453
31.52572
31.5367
31.54784
31.5589
31.56994
31.58113
31.59219
31.60328
31.61436
31.62553
31.63658
31.64785
31.65884
31.6699
31.68099
31.69237
31.70321
31.71437
31.72548
31.73652
31.74764
31.75891
31.76979
31.78095
31.79204
31.80312
31.81446
31.82558
31.83684
31.84778
31.85884
31.86987
31.88101
31.89228
31.9031
31.91434
31.92546
31.93651
31.94763
31.95879
31.96972
31.98084
31.99192
32.00315
32.01415
32.02547
32.03644
32.0475
32.0586
32.06971
32.08079
32.09193
32.10302
32.11424
32.12537
32.13634
32.1475
32.15872
32.16971
32.18079
32.19181
32.20295
32.21438
32.22534
32.23637
32.2477
32.25856
32.26964
32.28073
32.29193
32.30299
32.31417
32.32527
32.3363
32.34764
32.35851
32.36956
32.38067
32.39183
32.40286
32.41396
32.42518
32.43622
32.4473
32.45852
32.46965
32.48073
32.49192
32.50281
32.51388
32.52511
32.53617
32.54736
32.55835
32.56951
32.58063
32.59168
32.60275
32.61389
32.62506
32.6361
32.64725
32.65829
32.66938
32.68071
32.69162
32.70273
32.71381
32.7251
32.73602
32.7471
32.75834
32.76935
32.78061
32.79176
32.80266
32.8139
32.82493
32.83598
32.84709
32.85828
32.86931
32.88043
32.8917
32.9026
32.91375
32.92496
32.93599
32.94709
32.95816
32.96924
32.98036
32.9916
33.00253
33.01376
33.02484
33.0359
33.04705
33.05819
33.06922
33.08031
33.09194
33.10254
33.11373
33.12479
33.13586
33.14708
33.15816
33.16913
33.18039
33.19148
33.20245
33.21358
33.22491
33.23581
33.24709
33.2581
33.26908
33.28032
33.29127
33.30242
33.3136
33.32466
33.33583
33.34701
33.35795
33.36914
33.38024
33.3914
33.40248
33.41353
33.42472
33.43582
33.44702
33.45795
33.46901
33.48027
33.49131
33.50227
33.51348
33.52457
33.53573
33.54702
33.55806
33.56898
33.58004
33.59123
33.60226
33.61343
33.62466
33.63562
33.64709
33.65782
33.66888
33.68
33.69151
33.70229
33.71339
33.72453
33.73573
33.74695
33.75784
33.76889
33.78009
33.79116
33.80215
33.95806
33.96893
33.97992
33.99097
34.00211
34.01317
34.02452
34.0354
34.04654
34.05797
34.06875
34.0798
34.09098
34.10201
34.11319
34.12432
34.13539
34.14654
34.15761
34.16872
34.17997
34.19104
34.202
34.21305
34.22443
34.23527
34.24656
34.25767
34.26865
34.27974
34.29102
34.30197
34.3131
34.32424
34.33542
34.34658
34.35757
34.36855
34.37967
34.39088
34.40187
34.41295
34.42436
34.4352
34.4464
34.45744
34.46869
34.47961
34.4908
34.50183
34.51291
34.5243
34.53519
34.54637
34.5575
34.56863
34.57991
34.59076
34.60176
34.61284
34.62424
34.6351
34.6464
34.65742
34.6685
34.67959
34.69075
34.7017
34.71283
34.72409
34.73499
34.7462
34.75733
34.76838
34.77945
34.79076
34.80192
34.81297
34.82407
34.83499
34.84608
34.85729
34.86832
34.87949
34.89056
34.90165
34.9128
34.9241
34.9349
34.94608
34.95723
34.96827
34.97942
34.99042
35.00158
35.01273
35.02374
35.03497
35.04614
35.05726
35.0684
35.07943
35.09055
35.1015
35.11281
35.12373
35.13483
35.1461
35.15718
35.16814
35.17929
35.19042
35.20148
35.21263
35.22373
35.23491
35.24594
35.25716
35.26825
35.27932
35.29054
35.30159
35.31253
35.32367
35.33476
35.34599
35.35698
35.36817
35.3792
35.39046
35.40142
35.41255
35.4237
35.43468
35.44576
35.45707
35.46818
35.47926
35.49027
35.50135
35.51279
35.52368
35.53476
35.54592
35.55686
35.56814
35.57925
35.59018
35.60134
35.61243
35.62366
35.63453
35.64566
35.6568
35.66792
35.67913
35.69016
35.70126
35.71246
35.72361
35.73465
35.74571
35.75697
35.76786
35.77908
35.79024
35.80116
35.81238
35.82341
35.83448
35.84569
35.85684
35.86791
35.87902
35.89029
35.90113
35.9122
35.92342
35.93447
35.94554
35.95673
35.96775
35.97887
35.99013
36.00122
36.01221
36.02352
36.03469
36.04567
36.05661
36.06764
36.07898
36.09009
36.10104
36.11212
36.12348
36.13441
36.14546
36.15655
36.16773
36.17891
36.18991
36.20111
36.21209
36.22331
36.23433
36.24546
36.2568
36.26774
36.27885
36.28985
36.30095
36.31214
36.32327
36.33421
36.34539
36.35669
36.36831
36.37878
36.39009
36.40089
36.41202
36.42308
36.4342
36.44551
36.45646
36.46751
36.47867
36.48985
36.50095
36.51208
36.52305
36.53418
36.54534
36.55639
36.56741
36.57875
36.58988
36.60094
36.61193
36.62298
36.63413
36.64531
36.65635
36.66756
36.67852
36.68961
36.70072
36.71188
36.72305
36.73416
36.74519
36.75634
36.7675
36.77853
36.78967
36.80073
36.81198
36.82316
36.83398
36.84528
36.85622
36.86742
36.87854
36.88953
36.90075
36.91171
36.9229
36.93404
36.94505
36.95627
36.96737
36.97848
36.98945
37.00071
37.01191
37.0228
37.03394
37.04506
37.0561
37.06731
37.07848
37.08959
37.1006
37.1116
37.12278
37.13406
37.14508
37.15612
37.16722
37.1784
37.18934
37.20061
37.21164
37.22279
37.23385
37.24486
37.25614
37.26709
37.27825
37.28942
37.30045
37.31172
37.3229
37.33373
37.34492
37.3561
37.36718
37.37828
37.38933
37.40047
37.41158
37.42269
37.43372
37.44505
37.45655
37.46707
37.4782
37.48936
37.50037
37.51151
37.52257
37.53412
37.54488
37.55625
37.56701
37.578
37.58917
37.60043
37.61139
37.62255
37.63367
37.64488
37.65586
37.6669
37.67804
37.68916
37.70026
37.71141
37.72243
37.73356
37.74487
37.75598
37.76698
37.7779
37.78919
37.80013
37.81135
37.82257
37.83356
37.84495
37.85585
37.86692
37.87795
37.88901
37.9002
37.91132
37.92234
37.93344
37.94458
37.95563
37.96686
37.97802
37.98914
38.00002
38.01122
38.02237
38.03374
38.04469
38.05561
38.06688
38.07782
38.08896
38.10009
38.11126
38.12258
38.13341
38.1447
38.15571
38.16663
38.17787
38.18886
38.20031
38.2112
38.22232
38.23338
38.24458
38.25614
38.2667
38.27771
38.28883
38.29998
38.31123
38.32215
38.33331
38.34445
38.35542
38.36665
38.37783
38.56665
38.57768
38.5887
38.5998
38.61105
38.62204
38.63314
38.64421
38.6553
38.66642
38.67768
38.68887
38.6998
38.71112
38.7221
38.73304
38.74438
38.75528
38.76656
38.77758
38.78873
38.79977
38.81087
38.82194
38.83302
38.84426
38.85516
38.86637
38.87746
38.88861
38.89969
38.91076
38.92197
38.93298
38.94403
38.95523
38.96632
38.97738
38.98845
38.99976
39.01081
39.02184
39.03292
39.04411
39.05515
39.06643
39.07733
39.08852
39.09959
39.11075
39.12176
39.13303
39.144
39.15518
39.16644
39.17752
39.18852
39.19962
39.21059
39.22196
39.23307
39.24389
39.25502
39.26622
39.27736
39.28842
39.29946
39.31073
39.32162
39.33273
39.34383
39.35495
39.3662
39.37746
39.38846
39.39964
39.41118
39.42171
39.43267
39.44396
39.45491
39.46626
39.47736
39.48822
39.49945
39.51056
39.52157
39.53288
39.54392
39.5549
39.566
39.57706
39.58834
39.59932
39.61045
39.62156
39.63271
39.64386
39.65482
39.66607
39.67708
39.68813
39.69939
39.71042
39.72151
39.7326
39.74372
39.75473
39.76593
39.77754
39.78811
39.79915
39.81056
39.82166
39.83253
39.84361
39.85477
39.8659
39.87691
39.88826
39.89913
39.91033
39.92142
39.93249
39.94357
39.95466
39.96576
39.97706
39.98806
39.99903
40.01027
40.02144
40.03241
40.04352
40.05465
40.06573
40.07687
40.08805
40.09916
40.11018
40.12125
40.13243
40.1435
40.15463
40.16564
40.17681
40.18793
40.19916
40.21014
40.22127
40.23234
40.24356
40.25456
40.26569
40.27673
40.28796
40.29901
40.31015
40.32118
40.33231
40.3434
40.35454
40.3656
40.37674
40.38782
40.39928
40.41034
40.42118
40.43235
40.44336
40.45443
40.46563
40.47666
40.48772
40.49889
40.50992
40.52109
40.53226
40.54339
40.55443
40.56567
40.57669
40.5877
40.59878
40.61
40.62098
40.63213
40.6436
40.65428
40.66602
40.67672
40.68784
40.69878
40.71045
40.72098
40.73215
40.74317
40.75429
40.76566
40.77644
40.78758
40.79871
40.80982
40.82096
40.83213
40.8433
40.85421
40.86545
40.87649
40.88751
40.89877
40.9098
40.92095
40.93201
40.94311
40.95418
40.96525
40.97651
40.98754
40.99869
41.00976
41.0209
41.03191
41.04315
41.05428
41.06545
41.07648
41.08746
41.09858
41.10965
41.1208
41.13185
41.14302
41.15406
41.16516
41.17657
41.1875
41.19859
41.20964
41.22072
41.23199
41.24301
41.25407
41.26532
41.27642
41.28732
41.29852
41.30968
41.32067
41.33193
41.3431
41.35393
41.36518
41.37638
41.38726
41.39844
41.4095
41.42065
41.43179
41.44302
41.4539
41.4651
41.47617
41.48748
41.49844
41.50948
41.52049
41.53175
41.54276
41.55389
41.5651
41.57616
41.58718
41.59827
41.60955
41.62056
41.63169
41.64288
41.65383
41.66494
41.67602
41.68714
41.69827
41.70946
41.72047
41.73163
41.74267
41.75383
41.765
41.77608
41.78738
41.79832
41.80945
41.82041
41.83147
41.84311
41.8538
41.86494
41.87603
41.88702
41.89832
41.90936
41.92038
41.93141
41.9426
41.95378
41.96486
41.97595
41.98698
41.99806
42.00927
42.02032
42.03163
42.04268
42.05359
42.06474
42.07583
42.08697
42.09806
42.10925
42.12026
42.1314
42.14249
42.15351
42.16463
42.17578
42.18694
42.19813
42.20913
42.22023
42.23137
42.24246
42.25363
42.26485
42.27585
42.28684
42.29801
42.30922
42.32016
42.33131
42.34244
42.35352
42.36478
42.37584
42.38676
42.53148
42.54224
42.55333
42.56466
42.5757
42.5869
42.59789
42.60888
42.62009
42.63116
42.64235
42.65335
42.6644
42.67552
42.68667
42.69777
42.70892
42.72006
42.73117
42.74214
42.75335
42.76438
42.77549
42.78662
42.79771
42.80894
42.81997
42.83109
42.84224
42.85323
42.86452
42.8755
42.88664
42.89781
42.90868
42.91986
42.931
42.94207
42.95316
42.96424
42.97552
42.98661
42.99769
43.00874
43.01986
43.03103
43.04216
43.05313
43.06417
43.07574
43.08674
43.09759
43.10873
43.11982
43.13088
43.14202
43.15309
43.1642
43.17548
43.18667
43.19773
43.20879
43.21978
43.23095
43.24188
43.25321
43.2642
43.27533
43.28635
43.29746
43.30859
43.31964
43.33081
43.34186
43.35315
43.36419
43.37524
43.38626
43.39747
43.40848
43.41964
43.4307
43.44188
43.45296
43.57506
43.58617
43.59731
43.60844
43.61953
43.63063
43.64177
43.65276
43.66427
43.67505
43.68617
43.6973
43.70843
43.71953
43.73065
43.74174
43.75274
43.76388
43.77497
43.7861
43.79739
43.80836
43.8195
43.83047
43.84167
43.85273
43.86398
43.87503
43.88606
43.89722
43.90827
43.91942
43.93053
43.94161
43.95262
43.96377
43.97495
43.98598
43.99715
44.0083
44.01932
44.03047
44.04152
44.05262
44.06374
44.07482
44.08597
44.09716
44.10931
44.11926
44.13045
44.14153
44.15283
44.1639
44.17484
44.18592
44.19699
44.20808
44.21926
44.23032
44.24146
44.25251
44.26376
44.27475
44.28596
44.29689
44.30803
44.31924
44.33036
44.34142
44.35244
44.36359
44.37472
44.38579
44.39705
44.40808
44.41914
44.43021
44.44144
44.45243
44.46371
44.47478
44.48582
44.49702
44.50796
44.51907
44.53021
44.54134
44.55236
44.5635
44.57454
44.58576
44.59692
44.6079
44.61901
44.63021
44.64126
44.65228
44.6635
44.67472
44.68562
44.69694
44.70788
44.71895
44.73013
44.74121
44.75244
44.76336
44.7745
44.78557
44.79693
44.80791
44.81909
44.83007
44.8412
44.8522
44.86349
44.87441
44.88552
44.89671
44.90787
44.919
44.93002
44.94112
44.95214
44.96331
44.97444
44.98553
44.99669
45.00774
45.01885
45.02991
45.04103
45.0521
45.06333
45.07434
45.08551
45.09682
45.10771
45.11876
45.13002
45.141
45.15211
45.16325
45.17428
45.18542
45.19691
45.20818
45.21885
45.23003
45.24107
45.25207
45.26325
45.27424
45.28531
45.29662
45.30756
45.3187
45.32999
45.34095
45.35197
45.36307
45.3743
45.3853
45.39639
45.40758
45.41867
45.43021
45.44081
45.45192
45.46323
45.47424
45.48531
45.49651
45.50748
45.5186
45.5298
45.54072
45.55315
45.56301
45.57405
45.58523
45.59646
45.6074
45.61853
45.62971
45.64094
45.65187
45.66299
45.67405
45.68531
45.69625
45.70753
45.71849
45.72964
45.74074
45.75179
45.76301
45.77394
45.78521
45.79646
45.80731
45.81841
45.82959
45.84071
45.85174
45.8629
45.87393
45.88508
46.0405
46.05179
46.06275
46.07378
46.08498
46.09605
46.1072
46.11827
46.12938
46.14048
46.15181
46.16282
46.17373
46.18504
46.19625
46.20719
46.21918
46.22947
46.24049
46.25154
46.26267
46.27398
46.28492
46.29603
46.3072
46.31821
46.32926
46.34043
46.35147
46.36266
46.3737
46.38505
46.39597
46.40696
46.41809
46.42939
46.44038
46.45143
46.4628
46.47404
46.48541
46.49606
46.50698
46.51812
46.52924
46.54032
46.55143
46.56266
46.57373
46.58504
46.59597
46.607
46.61813
46.62927
46.64028
46.6513
46.66249
46.67356
46.68505
46.69581
46.70698
46.71796
46.72918
46.74025
46.75129
46.76237
46.77364
46.78477
46.79588
46.80686
46.81811
46.82902
46.84011
46.8513
46.86239
46.87342
46.88471
46.89579
46.90694
46.91791
46.92915
46.94012
46.95117
46.96233
46.97368
46.98452
46.99562
47.00682
47.01792
47.0291
47.04008
47.0512
47.06226
47.07349
47.08461
47.09583
47.10668
47.11783
47.12895
47.14013
47.15108
47.16248
47.17331
47.18496
47.19565
47.2067
47.21785
47.22899
47.24006
47.25103
47.26218
47.27323
47.28434
47.29585
47.30679
47.31767
47.3289
47.33997
47.35103
47.36219
47.37322
47.38428
47.39567
47.40665
47.41774
47.42913
47.43985
47.45097
47.46225
47.47335
47.48441
47.49551
47.50657
47.51774
47.52874
47.53988
47.55105
47.56203
47.57312
47.58421
47.59539
47.60655
47.61749
47.62892
47.63982
47.65089
47.66205
47.67314
47.68427
47.69558
47.70662
47.71749
47.72873
47.73969
47.75093
47.76199
47.77297
47.78429
47.79539
47.80634
47.8175
47.8285
47.83969
47.85074
47.86208
47.8729
47.88417
47.89532
47.90632
47.91742
47.92862
47.93958
47.95075
47.96194
47.97329
47.98397
47.99545
48.00619
48.01749
48.02871
48.03974
48.05065
48.06179
48.07286
48.084
48.09518
48.10625
48.11734
48.12853
48.13976
48.15054
48.16235
48.17292
48.18397
48.19523
48.20613
48.21736
48.22841
48.23943
48.25056
48.26169
48.27289
48.28413
48.29512
48.30626
48.31731
48.3285
48.3395
48.3505
48.36165
48.37271
48.38418
48.39506
48.40601
48.41727
48.42832
48.43935
48.4506
48.46158
48.47268
48.48385
48.49496
48.50604
48.51717
48.5283
48.53934
48.55053
48.56158
48.57255
48.58381
48.59501
48.6059
48.61727
48.62827
48.6393
48.65047
48.66148
48.67266
48.68374
48.69485
48.70595
48.71703
48.72816
48.73921
48.75035
48.76137
48.77254
48.78378
48.79481
48.80587
48.81698
48.82813
48.83916
48.8502
48.86137
48.87263
48.8835
48.89488
48.9059
48.91704
48.92799
48.93911
48.95026
48.96133
48.97242
48.98353
48.99459
49.00576
49.01686
49.02799
49.039
49.05018
49.06124
49.07233
49.08353
49.09462
49.10583
49.11692
49.12807
49.13898
49.15016
49.16119
49.17232
49.18364
49.19467
49.20624
49.21671
49.22809
49.23908
49.25014
49.26134
49.27232
49.28345
49.29444
49.30592
49.31676
49.32788
49.33888
49.34998
49.36115
49.37227
49.38328
49.39442
49.40564
49.41672
49.42769
49.43883
49.44996
49.46106
49.47229
49.48329
49.49434
49.5055
49.51662
49.52787
49.53904
49.55001
49.56098
49.57225
49.58323
49.59506
49.60549
49.61676
49.62781
49.63889
49.64981
49.66129
49.67206
49.68321
49.69441
49.70539
49.71655
49.72771
49.73876
49.7498
49.76095
49.77199
49.78308
49.79448
49.80527
49.81646
49.82789
49.83863
49.84979
49.86103
49.87211
49.88332
49.89426
49.90544
49.91643
49.92757
49.93868
49.94975
49.96078
49.97195
49.9832
49.99421
50.00532
50.01643
50.02774
50.03878
50.04962
50.06075
50.07207
50.08308
50.09413
50.10519
50.11645
50.12746
50.13858
50.14964
50.16075
50.17178
50.18294
50.1943
50.20533
50.21631
50.22744
50.23843
50.24961
50.26077
50.2718
50.28299
50.2942
50.30517
50.31626
50.32726
50.33845
50.34971
50.36072
50.37165
50.38293
50.39439
50.40525
50.41616
50.42732
50.43832
50.44982
50.46059
50.47184
50.48273
50.49446
50.50515
50.5161
50.52736
50.53835
50.54959
50.56058
50.57189
50.58268
50.59409
50.60514
50.61602
50.62733
50.63824
50.6495
50.66058
50.67166
50.683
50.6945
50.70491
50.71616
50.72725
50.73812
50.74945
50.76041
50.77153
50.78262
50.7941
50.80489
50.81604
50.82699
50.8391
50.84921
50.86042
50.87154
50.88259
50.89368
50.90508
50.91601
50.92723
50.93806
50.94921
50.9603
50.97154
50.98248
50.99366
51.00494
51.0158
51.027
51.03822
51.04916
51.06025
51.0713
51.08242
51.09355
51.10467
51.11581
51.1272
51.13822
51.14907
51.16023
51.17144
51.1824
51.19361
51.20475
51.21583
51.22679
51.23816
51.24942
51.26024
51.27141
51.28251
51.29348
51.30469
51.31566
51.32678
51.33798
51.349
51.36028
51.37154
51.38231
51.39362
51.40472
51.41564
51.42676
51.43812
51.44896
51.46016
51.47116
51.48224
51.49355
51.50448
51.51567
51.52691
51.53781
51.54913
51.56013
51.57115
51.5822
51.59344
51.60453
51.61557
51.62692
51.63776
51.6489
51.65993
51.67111
51.68229
51.69328
51.70461
51.71548
51.72665
51.73768
51.74906
51.76
51.77103
51.78222
51.79345
51.80442
51.81556
51.82664
51.83757
51.84874
51.85993
51.87098
51.88215
51.89321
51.9047
51.91546
51.92662
51.93763
51.94867
51.96
51.97107
51.98212
51.99326
52.00455
52.01545
52.02654
52.03754
52.04879
52.0599
52.07094
52.08198
52.09307
52.10443
52.11531
52.12648
52.13752
52.1487
52.15969
52.17083
52.18188
52.19309
52.20417
52.21533
52.22629
52.23746
52.24876
52.25984
52.2708
52.28201
52.29308
52.30413
52.31532
52.32632
52.33742
52.34848
52.3597
52.3709
52.38188
52.393
52.40418
52.4152
52.42641
52.43741
52.44855
52.45953
52.47069
52.48181
52.49294
52.50414
52.51508
52.52638
52.53731
52.54843
52.55962
52.57068
52.58183
52.5929
52.60395
52.61522
52.62626
52.63726
52.64833
52.65953
52.67057
52.68179
52.69282
52.7039
52.71501
52.72623
52.73719
52.74833
52.75949
52.77055
52.78189
52.79268
52.80384
52.81515
52.82605
52.83721
52.8483
52.85944
52.87046
52.88159
52.8927
52.90384
52.91496
52.92605
52.93707
52.94818
52.95929
52.97043
52.98149
52.99278
53.00378
53.01489
53.02607
53.03701
53.04826
53.05937
53.07035
53.08156
53.09278
53.10371
53.11488
53.12601
53.13704
53.14847
53.15928
53.1703
53.18145
53.19262
53.20391
53.21486
53.2259
53.23692
53.24817
53.25918
53.27036
53.28135
53.29256
53.30385
53.31488
53.32577
53.33689
53.34799
53.35928
53.3702
53.38138
53.3925
53.40441
53.41463
53.42587
53.43689
53.44799
53.45917
53.47023
53.48143
53.49239
53.50349
53.51458
53.52586
53.53695
53.5479
53.559
53.57013
53.58127
53.59244
53.60343
53.61461
53.62574
53.63681
53.64783
53.65926
53.67003
53.68129
53.69226
53.70332
53.71452
53.72566
53.73664
53.74792
53.75907
53.7702
53.78115
53.79233
53.80334
53.81446
53.82565
53.83656
53.84768
53.85885
53.86993
53.88107
53.89217
53.90328
53.91439
53.92564
53.93656
53.94775
53.95879
53.96992
53.98115
53.9921
54.0032
54.01439
54.02552
54.03654
54.04761
54.05874
54.06987
54.08109
54.09209
54.10311
54.11432
54.12543
54.13651
54.14758
54.15873
54.16983
54.18097
54.19206
54.20307
54.21452
54.2254
54.23648
54.24751
54.2588
54.26978
54.28088
54.29222
54.30307
54.31419
54.32531
54.33635
54.34745
54.35859
54.36968
54.38087
54.39199
54.40299
54.41416
54.42529
54.43634
54.44754
54.45869
54.46973
54.48077
54.49203
54.50298
54.51413
54.5253
54.53638
54.54747
54.55856
54.56961
54.58102
54.59191
54.60291
54.61411
54.62519
54.63627
54.64738
54.65843
54.6696
54.68071
54.69181
54.70296
54.71408
54.72528
54.73626
54.74737
54.75838
54.76953
54.78065
54.79177
54.80284
54.81398
54.82509
54.83632
54.8473
54.85847
54.86947
54.88054
54.89178
54.90277
54.91393
54.92504
54.93611
54.94722
54.95832
54.9696
54.98059
54.99164
55.0027
55.01393
55.02514
55.03602
55.04723
55.05835
55.06936
55.08053
55.09168
55.10265
55.11391
55.12492
55.13607
55.14714
55.15828
55.16943
55.18042
55.19164
55.20263
55.21368
55.22503
55.23594
55.24711
55.25819
55.26929
55.2804
55.29155
55.30268
55.31374
55.32494
55.33587
55.34698
55.35817
55.36923
55.38033
55.39164
55.40263
55.41365
55.42486
55.43582
55.44693
55.45811
55.46918
55.48038
55.49136
55.50247
55.5136
55.52478
55.53573
55.54704
55.55813
55.56911
55.58025
55.59164
55.60254
55.61366
55.62472
55.63584
55.64684
55.65804
55.66908
55.68021
55.69132
55.70242
55.71354
55.72472
55.73568
55.74683
55.75794
55.76901
55.78029
55.79136
55.80229
55.81347
55.82465
55.83562
55.84674
55.85793
55.86911
55.88002
55.89116
55.90224
55.91342
55.92461
55.93555
55.94676
55.95784
55.96893
55.98001
55.9912
56.00224
56.01356
56.02457
56.03552
56.04667
56.05778
56.06886
56.07996
56.09118
56.10225
56.11334
56.12452
56.13561
56.14664
56.1579
56.16885
56.17995
56.19114
56.20243
56.21328
56.22449
56.23545
56.24661
56.25777
56.26878
56.2799
56.29095
56.30211
56.31323
56.32432
56.33546
56.3465
56.35767
56.36872
56.37988
56.391
56.40199
56.4133
56.42433
56.43542
56.44646
56.45757
56.46867
56.47976
56.49104
56.50201
56.51312
56.52436
56.53529
56.54639
56.55758
56.56877
56.57977
56.59091
56.60195
56.6135
56.6244
56.63524
56.64632
56.6576
56.66856
56.67965
56.69092
56.70182
56.71313
56.72432
56.73531
56.74638
56.75751
56.76851
56.7796
56.79079
56.80179
56.81331
56.82417
56.83511
56.84623
56.85746
56.86848
56.87969
56.89081
56.90179
56.91332
56.92427
56.93527
56.94625
56.95729
56.96844
56.97961
56.99062
57.00175
57.01284
57.02412
57.03516
57.0462
57.05737
57.06837
57.07948
57.09082
57.10167
57.1128
57.12416
57.13506
57.14607
57.15733
57.16828
57.17954
57.19077
57.20166
57.21281
57.22395
57.23527
57.24622
57.25723
57.26832
57.27941
57.29083
57.30221
57.31284
57.32396
57.33503
57.3462
57.35728
57.36827
57.37941
57.3906
57.40165
57.41276
57.42383
57.43496
57.44602
57.45716
57.46828
57.47924
57.49036
57.50157
57.5126
57.52386
57.53493
57.54588
57.55716
57.56939
57.57925
57.59032
57.60147
57.61258
57.62374
57.6349
57.64597
57.65709
57.66821
57.67923
57.69037
57.70139
57.7125
57.72365
57.73467
57.74587
57.75691
57.76805
57.77919
57.79022
57.80141
57.81252
57.8236
57.83464
57.84582
57.85693
57.86795
57.97908
57.99022
58.00125
58.01237
58.02371
58.03465
58.0457
58.05701
58.068
58.07898
58.09023
58.10115
58.11239
58.12401
58.1347
58.14574
58.15666
58.16782
58.17892
58.1902
58.20113
58.21239
58.22338
58.23454
58.24564
58.25677
58.26784
58.27898
58.28999
58.30124
58.31224
58.32345
58.33451
58.34557
58.35676
58.36778
58.37881
58.39002
58.40112
58.41231
58.42336
58.43453
58.44546
58.45668
58.46776
58.47892
58.48987
58.50096
58.5121
58.52335
58.53432
58.54541
58.55657
58.56768
58.57874
58.59006
58.60101
58.61207
58.62341
58.63427
58.64547
58.65648
58.66769
58.67871
58.6898
58.70103
58.71204
58.72311
58.73425
58.74547
58.75645
58.76753
58.77864
58.78978
58.80095
58.81196
58.82305
58.98977
59.00071
59.0119
59.02305
59.03413
59.04523
59.05641
59.0675
59.07883
59.08971
59.10083
59.1118
59.12288
59.13419
59.14516
59.15618
59.16743
59.17842
59.18974
59.2008
59.21182
59.22288
59.23395
59.24511
59.25613
59.26727
59.27847
59.28963
59.30067
59.31179
59.3228
59.33393
59.34511
59.35621
59.36735
59.37835
59.38971
59.40061
59.41165
59.42277
59.43386
59.44498
59.45612
59.46738
59.47837
59.48941
59.50059
59.51173
59.52287
59.53378
59.54504
59.55595
59.56737
59.57828
59.58941
59.60056
59.61235
59.62315
59.6339
59.64489
59.65604
59.66713
59.67855
59.6895
59.7005
59.71188
59.72293
59.73382
59.74484
59.75602
59.76709
59.77838
59.78939
59.80035
59.81147
59.82283
59.83398
59.84502
59.85597
59.86713
59.87838
59.88938
59.90039
59.91171
59.92248
59.93367
59.94489
59.95603
59.96702
59.97803
59.98927
60.00036
60.01149
60.02256
60.03358
60.04472
60.05574
60.06692
60.07817
60.08918
60.1002
60.11135
60.12242
60.13361
60.14478
60.15572
60.16684
60.17793
60.18917
60.2001
60.21129
60.22233
60.23364
60.2448
60.2557
60.26679
60.27808
60.28915
60.30028
60.31136
60.32246
60.3334
60.34469
60.35562
60.36667
60.37824
60.38894
60.40001
60.41122
60.42226
60.43351
60.44464
60.45559
60.46671
60.47803
60.48912
60.5001
60.51123
60.52233
60.53332
60.54443
60.55549
60.56662
60.57775
60.58884
60.59997
60.61129
60.62231
60.63329
60.64436
60.65554
60.66668
60.67783
60.68897
60.70002
60.71096
60.72214
60.73317
60.74467
60.7554
60.76666
60.77777
60.7888
60.79993
60.81108
60.82202
60.83315
60.84429
60.85547
60.86657
60.87759
60.88869
60.89981
60.91099
60.9221
60.93311
60.94423
60.95535
60.96645
60.97757
60.9887
60.99977
61.01097
61.02198
61.03307
61.04431
61.05527
61.06658
61.07755
61.08873
61.09967
61.11084
61.12212
61.13308
61.14434
61.1553
61.16652
61.17818
61.18868
61.19968
61.21089
61.22205
61.23303
61.24421
61.2554
61.26633
61.27822
61.28849
61.2997
61.31075
61.32192
61.33321
61.34401
61.35522
61.36636
61.3775
61.38868
61.39954
61.41076
61.4218
61.43288
61.44401
61.45517
61.46626
61.47744
61.48852
61.4995
61.51067
61.52193
61.53291
61.54409
61.55524
61.56621
61.57809
61.58836
61.59955
61.61063
61.62175
61.63287
61.64381
61.655
61.66616
61.67725
61.68859
61.69958
61.71064
61.72155
61.73279
61.74385
61.75527
61.76602
61.77711
61.78837
61.7995
61.81046
61.82159
61.83265
61.84375
61.85536
61.86602
61.87709
61.88824
61.89952
61.91041
61.9215
61.9327
61.94374
61.95492
61.96612
61.97742
61.9882
61.99927
62.01072
62.0217
62.03252
62.04369
62.05482
62.066
62.0771
62.08827
62.09947
62.11047
62.1215
62.13261
62.14362
62.15485
62.16597
62.17699
62.18811
62.37708
62.38793
62.39909
62.41029
62.42133
62.43238
62.44352
62.45504
62.46577
62.47694
62.48788
62.49922
62.51022
62.52127
62.53243
62.54356
62.55453
62.56568
62.57675
62.5879
62.59909
62.61004
62.62117
62.63236
62.64343
62.65462
62.66564
62.67664
62.68809
62.69915
62.71005
62.72115
62.73233
62.7434
62.75453
62.7656
62.77669
62.78788
62.79891
62.81002
62.82106
62.83232
62.84339
62.85445
62.86565
62.87678
62.88782
62.89888
62.9099
62.92107
62.9322
62.94329
62.95428
62.96547
62.97655
62.98763
62.9989
63.00983
63.02101
63.03204
63.04326
63.05428
63.06549
63.07661
63.08758
63.09875
63.10981
63.12091
63.13217
63.14327
63.15417
63.16534
63.17644
63.18761
63.19886
63.20987
63.22106
63.23209
63.24313
63.2543
63.26536
63.27664
63.28747
63.29871
63.3098
63.32104
63.33198
63.3431
63.35413
63.36524
63.37665
63.38749
63.3986
63.40972
63.42081
63.43184
63.44303
63.45407
63.46526
63.47635
63.48753
63.49856
63.50969
63.52071
63.53206
63.54301
63.55404
63.56535
63.57629
63.58736
63.59842
63.60954
63.62066
63.6319
63.64285
63.65401
63.6651
63.67624
63.68742
63.69878
63.70984
63.72077
63.7319
63.74291
63.75397
63.76518
63.77619
63.78742
63.79865
63.80958
63.82058
63.83176
63.84303
63.85394
63.8652
63.87637
63.88722
63.89851
63.9095
63.9206
63.93167
63.94287
63.95382
63.965
63.97603
63.98713
63.99835
64.00949
64.02048
64.03164
64.04275
64.05377
64.065
64.07623
64.08713
64.09827
64.10928
64.12044
64.13171
64.14267
64.15382
64.16487
64.17599
64.18728
64.1982
64.20925
64.22041
64.23181
64.24264
64.25367
64.26483
64.27617
64.28703
64.29822
64.3094
64.32035
64.33172
64.34263
64.35361
64.36471
64.3759
64.38699
64.39806
64.40932
64.42035
64.43191
64.44279
64.45357
64.46492
64.47591
64.48692
64.49825
64.50953
64.52023
64.53156
64.54246
64.55357
64.56467
64.57588
64.58681
64.59809
64.6091
64.62024
64.63133
64.64247
64.65356
64.6647
64.67583
64.68682
64.69795
64.70896
64.72023
64.73125
64.74248
64.7534
64.76461
64.77563
64.78685
64.79806
64.80919
64.82007
64.83115
64.84234
64.85371
64.86465
64.87564
64.88678
64.8979
64.90921
64.92006
64.93125
64.94244
64.95333
64.96453
64.97553
64.98667
64.99781
65.0089
65.02
65.03121
65.04224
65.05328
65.06444
65.07561
65.08655
65.09795
65.10896
65.12004
65.13107
65.14233
65.15325
65.16442
65.17551
65.18657
65.1977
65.20901
65.21985
65.23101
65.24215
65.25317
65.26431
65.27564
65.28647
65.29776
65.30877
65.31982
65.33092
65.34228
65.35316
65.36442
65.37534
65.38644
65.39759
65.40869
65.41979
65.43099
65.44207
65.45315
65.46429
65.47552
65.48639
65.49767
65.50871
65.51971
65.53094
65.54202
65.55298
65.56417
65.57535
65.58662
65.59749
65.60863
65.61977
65.63094
65.64187
65.65325
65.66421
65.67522
65.68628
65.69771
65.70856
65.71967
65.73088
65.74205
65.75296
65.76424
65.77523
65.78626
65.79734
65.80856
65.81956
65.83067
65.8419
65.85291
65.86398
65.87508
65.88626
65.89751
65.90847
65.91955
65.93073
65.94179
65.9529
65.96401
65.97509
65.98618
65.99732
66.00849
66.01947
66.03057
66.04166
66.05286
66.06399
66.075
66.0861
66.09733
66.10838
66.11947
66.13054
66.31937
66.33041
66.34166
66.3527
66.36391
66.37488
66.38596
66.39715
66.40823
66.41932
66.43041
66.44153
66.45257
66.46375
66.47487
66.48591
66.49706
66.50819
66.51927
66.53039
66.54144
66.55254
66.56359
66.57485
66.58583
66.59692
66.60808
66.61926
66.63032
66.64146
66.65247
66.66357
66.67479
67.0856
67.09677
67.10795
67.11904
67.13004
67.14137
67.15224
67.16335
67.17442
67.18555
67.19669
67.2079
67.21906
67.23003
67.24112
67.25224
67.2634
67.27444
67.28549
67.29675
67.3078
67.31886
67.32994
67.34117
67.3522
67.36323
67.37436
67.38545
67.39669
67.40809
67.41882
67.43003
67.44108
67.45321
67.46324
67.47437
67.48544
67.49657
67.50771
67.51878
67.52986
67.54103
67.55209
67.56312
67.5743
67.58532
67.59659
67.60777
67.61874
67.62994
67.64089
67.65199
67.66312
67.67426
67.68538
67.6964
67.70764
67.71864
67.72976
67.74091
67.75194
67.7632
67.77428
67.78532
67.79638
67.80753
67.81861
67.82978
67.841
67.85196
67.86343
67.87431
67.88542
67.89637
67.90744
67.91865
67.9296
67.94089
67.95183
67.96312
67.97411
67.98534
67.99638
68.00753
68.01849
68.02964
68.0408
68.05179
68.06287
68.07441
68.08511
68.09634
68.1073
68.11852
68.12964
68.14111
68.15175
68.16288
68.17404
68.18507
68.19645
68.20741
68.21927
68.22955
68.24129
68.25174
68.26295
68.2739
68.2851
68.29615
68.30735
68.31859
68.32957
68.34087
68.35166
68.3627
68.37386
68.385
68.39606
68.40725
68.41824
68.42966
68.44074
68.45158
68.46275
68.47398
68.48489
68.49608
68.50714
68.5183
68.52945
68.5412
68.55158
68.56264
68.57391
68.58491
68.59608
68.60708
68.61813
68.62939
68.64043
68.65148
68.66257
68.67386
68.68491
68.69633
68.70708
68.71813
68.72928
68.74042
68.7514
68.7625
68.77374
68.78488
68.79591
68.80708
68.81815
68.82951
68.84036
68.85162
68.86256
68.87372
68.88504
68.89596
68.90707
68.91817
68.92922
68.94032
68.95136
68.96243
68.97364
68.98508
68.99585
69.00701
69.0181
69.02908
69.04021
69.05132
69.06239
69.07367
69.08461
69.09591
69.1068
69.11797
69.1291
69.14028
69.15121
69.16257
69.1736
69.18458
69.19566
69.20681
69.21792
69.22911
69.24019
69.25119
69.26234
69.27366
69.28452
69.29604
69.30672
69.31812
69.32891
69.34024
69.35113
69.36222
69.37353
69.38444
69.39555
69.40676
69.41791
69.42892
69.44006
69.45106
69.46227
69.47382
69.4844
69.49562
69.5067
69.51775
69.52883
69.53999
69.55105
69.56219
69.57328
69.58556
69.59543
69.60673
69.61775
69.62903
69.63993
69.651
69.66206
69.67323
69.68446
69.69547
69.70674
69.71758
69.72886
69.73988
69.75094
69.76218
69.77326
69.78442
69.79556
69.80663
69.81755
69.82899
69.84002
70.00642
70.01759
70.02882
70.03976
70.05083
70.06204
70.07323
70.08414
70.09542
70.10647
70.11768
70.12861
70.1398
70.15073
70.16181
70.17297
70.1841
70.19524
70.20641
70.21742
70.22852
70.23972
70.25104
70.26198
70.27309
70.28397
70.29537
70.30635
70.3173
70.32855
70.33968
70.35073
70.36185
70.37284
70.38403
70.39515
70.40645
70.41727
70.42846
70.4395
70.45072
70.46184
70.47286
70.48392
70.49512
70.50623
70.5174
70.52832
70.53971
70.55056
70.56193
70.57278
70.58387
70.59511
70.60621
70.61716
70.62845
70.63947
70.65051
70.66187
70.67284
70.68407
70.69505
70.70623
70.71728
70.72829
70.73946
70.75114
70.76154
70.77261
70.78397
70.79494
70.80601
70.81717
70.82834
70.83945
70.8504
70.86148
70.87274
70.88373
70.89489
70.90592
70.91708
70.92844
70.93925
70.95039
70.96146
70.97261
70.98368
70.99494
71.00594
71.01707
71.02821
71.03929
71.05063
71.06158
71.07259
71.0836
71.09472
71.10604
71.11707
71.12833
71.13931
71.15024
71.16143
71.17248
71.18369
71.1949
71.20602
71.21699
71.2282
71.23923
71.25026
71.26138
71.27251
71.28352
71.48344
71.49464
71.50568
71.51673
71.5278
71.53893
71.55025
71.56116
71.5723
71.58343
71.59446
71.60571
71.61679
71.62782
71.63883
71.65059
71.66115
71.67217
71.68336
71.69437
71.70574
71.71671
71.72791
71.73905
71.75011
71.76119
71.77224
71.78371
71.79443
71.80576
71.81664
71.82773
71.83891
71.85011
71.86108
71.87215
71.88323
71.89436
71.90556
71.91656
71.9278
71.93889
71.95005
71.9611
71.97211
71.98334
71.99432
72.00552
72.01668
72.02763
72.03885
72.05058
72.06107
72.07205
72.08323
72.09431
72.10551
72.11669
72.12778
72.13866
72.15004
72.16101
72.172
72.18306
72.19414
72.2053
72.21636
72.22749
72.23867
72.24975
72.26079
72.27199
72.28297
72.29414
72.30528
72.31646
72.32748
72.33858
72.34964
72.3611
72.3722
72.38321
72.39429
72.40521
72.41636
72.42744
72.43857
72.44962
72.4609
72.47186
72.48306
72.49403
72.5052
72.51644
72.52753
72.53855
72.54962
72.56062
72.57171
72.58302
72.59411
72.60502
72.61619
72.62751
72.63839
72.64951
72.66074
72.67175
72.68298
72.69395
72.70514
72.71622
72.72727
72.73852
72.74943
72.76075
72.77171
72.78292
72.79407
72.80495
72.81619
72.82723
72.8384
72.84943
72.86064
72.87176
72.88273
72.89415
72.90529
72.9161
72.92715
72.93843
72.94991
72.96051
72.97157
72.98262
72.99388
73.00495
73.01607
73.02731
73.03818
73.04946
73.06046
73.07157
73.08272
73.09369
73.10496
73.11598
73.12724
73.13822
73.14924
73.1604
73.17161
73.18255
73.19373
73.20487
73.21594
73.22704
73.23814
73.24921
73.26051
73.27144
73.28248
73.29376
73.30489
73.31586
73.32687
73.33805
73.34917
73.36035
73.37179
73.38243
73.39378
73.40469
73.41587
73.42713
73.43796
73.44913
73.46027
73.47137
73.48239
73.49355
73.5046
73.51588
73.52695
73.53825
73.54908
73.56019
73.57128
73.58241
73.59351
73.60461
73.61576
73.6273
73.63814
73.64902
73.66007
73.67129
73.68237
73.69343
73.70457
73.71564
73.72706
73.73801
73.74905
73.76006
73.77116
73.7823
73.79341
73.80444
73.81557
73.82692
73.83778
73.84904
73.86046
73.87114
73.8823
73.89343
73.90443
73.91553
73.92663
73.93774
73.94884
73.96001
73.97114
73.98239
73.99332
74.00443
74.01551
74.02675
74.03773
74.04878
74.06024
74.0711
74.2487
74.25988
74.2709
74.28202
74.29332
74.30447
74.31543
74.32639
74.33755
74.3488
74.35979
74.37091
74.38197
74.39307
74.40429
74.41543
74.42639
74.43759
74.44893
74.45975
74.47091
74.48193
74.49314
74.5042
74.51536
74.52644
74.53755
74.54866
74.55988
74.5708
74.58189
74.59303
74.60429
74.61559
74.62642
74.63747
74.67863
74.68743
74.69539
74.70222
74.71265
74.72383
74.74715
