0
0.02
0.3533334
0.4576412
0.4777057
0.4860502
0.4969483
0.5084282
0.5191746
0.5301344
0.5412244
0.5523955
0.5634006
0.5745102
0.5857123
0.5968177
0.6083893
0.6262512
0.6333228
0.6411936
0.6522827
0.6633313
0.6744679
0.6856557
0.6967909
0.7077799
0.7189288
0.7300639
0.7411016
0.7522026
0.7638525
0.7824174
0.7893708
0.7966433
0.8077096
0.818813
0.8300607
0.841099
0.8522034
0.8632321
0.8743708
0.8855509
0.8965914
0.907746
0.9192989
0.9366215
0.9437923
0.9521731
0.963329
0.9743291
0.9854794
0.9966016
1.007638
1.018741
1.029876
1.040969
1.052083
1.063228
1.074786
1.092262
1.099313
1.107544
1.118646
1.129773
1.140921
1.151977
1.163194
1.174524
1.185779
1.19683
1.207935
1.21898
1.230609
1.247863
1.255604
1.263423
1.274587
1.285722
1.296831
1.307993
1.319153
1.330145
1.34126
1.352264
1.363402
1.374488
1.386187
1.403676
1.410935
1.419139
1.429948
1.44104
1.452112
1.463258
1.474377
1.485789
1.496594
1.507671
1.518818
1.530007
1.54145
1.55965
1.566326
1.574318
1.585207
1.596511
1.607358
1.618439
1.629567
1.640668
1.651817
1.66287
1.673934
1.685165
1.696695
1.713997
1.720836
1.729494
1.740611
1.751706
1.762784
1.773928
1.78513
1.796241
1.807293
1.818366
1.829457
1.840543
1.852134
1.869971
1.877579
1.88499
1.89611
1.907224
1.918296
1.929476
1.940533
1.951729
1.962823
1.973931
1.985102
1.996129
2.0077
2.025955
2.033213
2.040475
2.051552
2.062627
2.073753
2.08513
2.096006
2.107079
2.118226
2.129312
2.140396
2.151536
2.163109
2.180748
2.188385
2.196055
2.207028
2.218148
2.229229
2.240316
2.251416
2.262566
2.273804
2.284955
2.295876
2.307007
2.318601
2.336543
2.343838
2.35145
2.362577
2.373655
2.384904
2.395864
2.406922
2.418008
2.42915
2.440279
2.451378
2.462494
2.474091
2.492477
2.499355
2.506859
2.518016
2.529146
2.54018
2.551354
2.562451
2.573493
2.584919
2.595899
2.606922
2.617934
2.629516
2.647887
2.654676
2.662428
2.673459
2.684934
2.695674
2.706816
2.717943
2.729031
2.740081
2.751207
2.762285
2.773446
2.785632
2.80245
2.809285
2.817804
2.829227
2.840052
2.851239
2.86227
2.873363
2.884728
2.895622
2.906663
2.917871
2.928962
2.940553
2.958104
2.965381
2.973358
2.984803
2.995592
3.006624
3.017739
3.02916
3.040363
3.051395
3.062491
3.073589
3.084698
3.096333
3.113937
3.121104
3.129072
3.140184
3.151347
3.162429
3.173509
3.184657
3.195742
3.206837
3.217922
3.229045
3.24035
3.251754
3.269629
3.276394
3.284408
3.295411
3.306502
3.317565
3.328642
3.33984
3.350866
3.36198
3.373191
3.384408
3.395445
3.407019
3.425383
3.432306
3.439752
3.450939
3.461961
3.473153
3.484176
3.495397
3.506515
3.517503
3.52862
3.539796
3.550796
3.562413
3.580885
3.588408
3.595892
3.606421
3.617481
3.628581
3.639641
3.650753
3.661838
3.672959
3.68409
3.695175
3.706302
3.717906
3.735517
3.742735
3.750765
3.761834
3.77296
3.78404
3.7952
3.806347
3.817327
3.82848
3.839595
3.850696
3.861806
3.873362
3.891111
3.897809
3.906223
3.917467
3.928385
3.939522
3.950781
3.961915
3.972974
3.984074
3.995217
4.006289
4.017488
4.029012
4.04999
4.056941
4.063914
4.072865
4.083885
4.095052
4.106265
4.117223
4.128366
4.139552
4.150499
4.161619
4.172798
4.184375
4.201935
4.209046
4.21715
4.228253
4.239354
4.250458
4.261667
4.272698
4.283871
4.29495
4.306036
4.317075
4.328165
4.33979
4.357867
4.365317
4.372626
4.383702
4.394857
4.405938
4.417075
4.42821
4.43929
4.450454
4.461668
4.472595
4.483682
4.495334
4.512709
4.520061
4.528153
4.539275
4.550328
4.561399
4.572568
4.583739
4.594795
4.605884
4.616988
4.628057
4.639162
4.650749
4.668123
4.675739
4.68361
4.694829
4.705801
4.716929
4.728317
4.739644
4.750727
4.761759
4.773139
4.783972
4.795162
4.806826
4.826024
4.833189
4.840171
4.850198
4.861372
4.872422
4.883491
4.894606
4.905712
4.916852
4.927896
4.939
4.950122
4.961773
4.979618
4.986778
4.994604
5.005667
5.016814
5.027909
5.038978
5.050039
5.061167
5.072284
5.083385
5.09474
5.105669
5.117172
5.134667
5.141997
5.150088
5.161139
5.172236
5.183309
5.194566
5.205614
5.216632
5.227756
5.238934
5.250018
5.261162
5.27276
5.290317
5.297721
5.305634
5.316808
5.327876
5.339137
5.350215
5.361351
5.372408
5.3835
5.394643
5.405745
5.416826
5.428434
5.446462
5.453453
5.46099
5.472134
5.483469
5.494518
5.505566
5.516589
5.527585
5.538767
5.54984
5.560878
5.572045
5.583713
5.601796
5.608552
5.616427
5.627543
5.638633
5.649784
5.660878
5.672055
5.683061
5.69427
5.705319
5.716372
5.727483
5.739119
5.756993
5.764288
5.771894
5.783047
5.794151
5.80527
5.816357
5.827427
5.838529
5.849738
5.860781
5.871859
5.883026
5.894645
5.912058
5.919242
5.927518
5.938514
5.949635
5.960742
5.971846
5.982932
5.99409
6.005151
6.016265
6.027414
6.038446
6.050097
6.067988
6.075359
6.082849
6.094014
6.10515
6.116302
6.127309
6.138463
6.149576
6.160707
6.171793
6.182882
6.194004
6.205567
6.223495
6.23043
6.238338
6.24949
6.260604
6.271677
6.282872
6.293953
6.304983
6.316156
6.327165
6.338591
6.349434
6.361209
6.379264
6.386391
6.393924
6.40493
6.4161
6.427188
6.438244
6.449538
6.460452
6.471568
6.482777
6.49379
6.504931
6.516518
6.534757
6.542559
6.549507
6.56055
6.571534
6.582626
6.593922
6.604924
6.61601
6.627074
6.638174
6.649263
6.660409
6.672192
6.690157
6.697386
6.704765
6.715944
6.726988
6.738114
6.749377
6.760279
6.771444
6.782656
6.793656
6.804794
6.815863
6.827436
6.845638
6.852387
6.860369
6.871464
6.882505
6.893646
6.904697
6.915782
6.926915
6.938011
6.949145
6.960269
6.971365
6.982936
7.001189
7.008087
7.015816
7.026864
7.038097
7.049104
7.060176
7.071279
7.082379
7.093772
7.104649
7.115745
7.126791
7.138454
7.156532
7.163727
7.171268
7.18237
7.193474
7.204557
7.215663
7.226754
7.237914
7.248959
7.260048
7.271142
7.282288
7.29389
7.311236
7.318471
7.326718
7.337847
7.349002
7.360026
7.371156
7.382287
7.393326
7.404512
7.415641
7.426672
7.437793
7.449429
7.467199
7.473879
7.482168
7.493344
7.504419
7.515585
7.526786
7.537812
7.548967
7.560344
7.571341
7.582868
7.593928
7.605111
7.623807
7.63087
7.637689
7.648747
7.659883
7.671009
7.682095
7.693192
7.70428
7.715444
7.726507
7.7376
7.748776
7.760328
7.77839
7.785407
7.793159
7.804324
7.815421
7.826468
7.837558
7.848696
7.859862
7.870887
7.88204
7.893095
7.90424
7.915836
7.933149
7.94027
7.948629
7.959727
7.970805
7.981977
7.993051
8.004219
8.015336
8.026389
8.037525
8.048721
8.059806
8.071412
8.088844
8.095678
8.104142
8.115246
8.126321
8.137466
8.148863
8.160246
8.171047
8.182187
8.193301
8.20437
8.2155
8.227103
8.244639
8.251981
8.259923
8.271027
8.282118
8.293228
8.30433
8.315463
8.326538
8.337626
8.34877
8.359856
8.37094
8.382959
8.401328
8.408825
8.415775
8.426154
8.437248
8.448424
8.459538
8.470613
8.481688
8.492785
8.503959
8.515018
8.526213
8.537745
8.555554
8.562855
8.570532
8.581789
8.59279
8.603899
8.61502
8.626088
8.637269
8.648478
8.659671
8.6705
8.681665
8.693198
8.713287
8.722556
8.730479
8.739433
8.748354
8.759513
8.770466
8.781637
8.792669
8.803783
8.814895
8.826091
8.837361
8.849077
8.86747
8.877802
8.884329
8.892576
8.903791
8.914926
8.92592
8.93709
8.948908
8.959314
8.97038
8.981795
8.99259
9.004344
9.029026
9.037271
9.048182
9.059254
9.070308
9.08139
9.092462
9.103619
9.114734
9.125775
9.136883
9.148163
9.159657
9.177121
9.184322
9.192483
9.203726
9.214811
9.225765
9.236879
9.247945
9.259086
9.270406
9.281843
9.292931
9.304047
9.315624
9.333558
9.340728
9.347951
9.359201
9.370682
9.381558
9.392584
9.403687
9.414778
9.425708
9.437103
9.448154
9.459191
9.470855
9.489442
9.496384
9.503596
9.51454
9.525612
9.536695
9.547867
9.559274
9.570164
9.581339
9.592276
9.603424
9.614466
9.626064
9.64396
9.651195
9.659011
9.670103
9.681212
9.692219
9.70344
9.714453
9.725622
9.736592
9.747726
9.758817
9.769908
9.781792
9.799462
9.806523
9.814394
9.825494
9.836555
9.847631
9.858767
9.86989
9.881004
9.89213
9.903475
9.914362
9.925456
9.937018
9.954346
9.96141
9.969902
9.980937
9.992057
10.00342
10.01431
10.02538
10.03645
10.04768
10.05869
10.06978
10.08091
10.09249
10.11005
10.11724
10.12536
10.13644
10.14762
10.15898
10.17013
10.18128
10.19237
10.20358
10.21455
10.22569
10.23671
10.24836
10.26699
10.27444
10.28087
10.29192
10.30312
10.31418
10.32527
10.33629
10.34751
10.35852
10.36965
10.38077
10.39188
10.40378
10.42148
10.42872
10.43629
10.44742
10.45852
10.46954
10.4807
10.49182
10.50306
10.51403
10.52516
10.53637
10.54731
10.55892
10.57656
10.58393
10.59187
10.60305
10.61422
10.62536
10.63639
10.64734
10.65839
10.66951
10.68091
10.69176
10.70291
10.71469
10.73296
10.74067
10.74766
10.75842
10.76973
10.78069
10.79169
10.80277
10.81386
10.82498
10.83607
10.84717
10.85826
10.86993
10.88706
10.89384
10.90274
10.91383
10.92491
10.93604
10.94714
10.95821
10.9694
10.98047
10.99155
11.00262
11.01395
11.02541
11.04444
11.05146
11.05846
11.06927
11.08038
11.09155
11.1026
11.11373
11.12483
11.13591
11.14701
11.1582
11.1693
11.18086
11.19914
11.20656
11.21371
11.22479
11.23585
11.24704
11.2585
11.26921
11.28036
11.29145
11.3025
11.31365
11.32475
11.33633
11.35398
11.36139
11.36918
11.38024
11.39132
11.40242
11.4136
11.42466
11.43575
11.44687
11.45796
11.46909
11.48025
11.49178
11.50931
11.51629
11.52461
11.5357
11.54683
11.55791
11.56922
11.58036
11.59155
11.60273
11.61371
11.62483
11.63587
11.6475
11.66519
11.67237
11.68034
11.69141
11.7025
11.71373
11.72477
11.73588
11.74712
11.7583
11.76929
11.78034
11.7915
11.80301
11.82134
11.82832
11.83552
11.84663
11.85772
11.86892
11.88004
11.89109
11.90215
11.91332
11.92441
11.9355
11.94665
11.95825
11.97593
11.98319
11.99115
12.00217
12.01327
12.02439
12.03547
12.0466
12.05765
12.06882
12.07991
12.09101
12.10224
12.1138
12.13117
12.1384
12.14671
12.1577
12.16881
12.17988
12.19106
12.20232
12.21356
12.22462
12.23565
12.24695
12.25879
12.26948
12.28731
12.29429
12.30218
12.31332
12.32445
12.33554
12.34665
12.35766
12.36877
12.37993
12.39103
12.40217
12.41321
12.42479
12.44284
12.44964
12.45752
12.46858
12.47972
12.49084
12.5019
12.51301
12.5241
12.53523
12.54639
12.55746
12.56854
12.58035
12.59851
12.6055
12.61303
12.62405
12.63514
12.64632
12.65742
12.66851
12.67964
12.6907
12.70187
12.71295
12.724
12.73562
12.75261
12.76031
12.7684
12.77956
12.79075
12.80195
12.813
12.82402
12.83522
12.84626
12.85761
12.86877
12.87965
12.89116
12.90963
12.91668
12.92395
12.93534
12.94627
12.9573
12.96844
12.97974
12.99087
13.00195
13.01303
13.02393
13.03534
13.04699
13.06546
13.07259
13.07977
13.09059
13.10167
13.11281
13.12386
13.13493
13.14602
13.15719
13.16821
13.17934
13.19045
13.20204
13.22134
13.22816
13.23512
13.24604
13.25714
13.26819
13.27936
13.29046
13.30148
13.31265
13.32374
13.33484
13.34591
13.35753
13.37506
13.38244
13.39031
13.40146
13.41261
13.42365
13.43477
13.44589
13.45704
13.46809
13.47924
13.4903
13.5026
13.51302
13.53146
13.53828
13.54581
13.55692
13.56803
13.57913
13.59025
13.60141
13.6125
13.62359
13.63475
13.64574
13.65687
13.6685
13.68628
13.69337
13.70142
13.71243
13.72354
13.73468
13.74574
13.75686
13.76795
13.77905
13.79023
13.80125
13.81241
13.82418
13.8428
13.85048
13.85766
13.8679
13.87897
13.89013
13.90128
13.91239
13.92342
13.93449
13.9456
13.95672
13.96796
13.97946
13.99685
14.00446
14.01227
14.02335
14.03445
14.04562
14.05672
14.06777
14.07895
14.09015
14.10112
14.11226
14.12341
14.13498
14.1532
14.16039
14.16776
14.17885
14.19008
14.20108
14.21219
14.22325
14.23436
14.24547
14.25663
14.26768
14.27888
14.29048
14.30894
14.31593
14.32325
14.33455
14.34556
14.35659
14.36792
14.37879
14.38985
14.40128
14.41217
14.42342
14.4343
14.44587
14.46396
14.4707
14.4787
14.48986
14.50089
14.51206
14.52318
14.53422
14.5453
14.55648
14.56755
14.57867
14.58981
14.60147
14.62151
14.62945
14.63608
14.64529
14.65643
14.66751
14.67863
14.6898
14.70082
14.712
14.72305
14.73414
14.74523
14.75684
14.77446
14.78199
14.78968
14.80088
14.8119
14.823
14.83404
14.84519
14.85626
14.86744
14.87868
14.88971
14.90084
14.91243
14.93042
14.93778
14.94513
14.95622
14.96734
14.97847
14.98954
15.0007
15.01188
15.02289
15.03399
15.04514
15.05616
15.06784
15.08553
15.09188
15.10058
15.1118
15.12286
15.13391
15.14511
15.15618
15.16732
15.17836
15.18947
15.20056
15.21173
15.22328
15.24088
15.24823
15.25605
15.26717
15.27831
15.28943
15.30062
15.31174
15.32284
15.33396
15.34508
15.35617
15.36736
15.37886
15.39614
15.40336
15.41174
15.42283
15.43392
15.44514
15.45619
15.46732
15.4784
15.48952
15.50066
15.51177
15.52285
15.53443
15.55453
15.56195
15.56888
15.57816
15.5893
15.60036
15.61166
15.62267
15.63367
15.64478
15.65594
15.667
15.67809
15.68978
15.70735
15.71462
15.72259
15.73362
15.74478
15.75584
15.76697
15.77804
15.78926
15.80028
15.81159
15.82246
15.83356
15.84519
15.8631
15.87026
15.87796
15.88927
15.90018
15.91178
15.92257
15.93358
15.94468
15.95579
15.96687
15.97794
15.98912
16.00074
16.01922
16.02593
16.03346
16.04462
16.05569
16.06681
16.07787
16.08907
16.10008
16.11147
16.12247
16.13346
16.14467
16.15618
16.17427
16.18126
16.18897
16.20011
16.21173
16.22231
16.23336
16.24449
16.25565
16.26667
16.27785
16.28906
16.3
16.31192
16.33004
16.33728
16.34442
16.35557
16.36664
16.37775
16.38891
16.40002
16.41139
16.42222
16.43329
16.44437
16.45547
16.46708
16.4849
16.4923
16.49991
16.51137
16.52229
16.53323
16.54435
16.55545
16.56656
16.57762
16.58877
16.59985
16.61134
16.62263
16.64009
16.6485
16.65542
16.66649
16.67758
16.68866
16.69982
16.71126
16.72228
16.7332
16.74438
16.75537
16.76648
16.77809
16.79625
16.80333
16.81121
16.82211
16.83319
16.84426
16.85545
16.86638
16.87746
16.88863
16.89972
16.91092
16.92199
16.93358
16.95129
16.95897
16.96644
16.97748
16.98864
16.9997
17.01076
17.02192
17.03299
17.04407
17.0553
17.06626
17.07744
17.08901
17.10707
17.11432
17.12181
17.13295
17.14404
17.15516
17.1662
17.17734
17.18849
17.19958
17.21073
17.22189
17.23288
17.2445
17.26287
17.26956
17.27735
17.28851
17.29952
17.31063
17.32176
17.33281
17.34397
17.35506
17.3662
17.37728
17.38837
17.39997
17.41813
17.42547
17.43277
17.44389
17.45502
17.46608
17.47732
17.48834
17.49938
17.51052
17.52196
17.53276
17.54399
17.55544
17.57291
17.58029
17.58823
17.59936
17.61071
17.62168
17.74376
17.75488
17.76592
17.77705
17.78831
17.79927
17.81043
17.82147
17.83262
17.84366
17.85487
17.8664
17.88394
17.89141
17.89929
17.91043
17.92151
17.93253
17.94368
17.95472
17.96584
17.97699
17.98812
17.99927
18.01035
18.022
18.04035
18.04725
18.05473
18.0658
18.07694
18.08807
18.09909
18.11023
18.12131
18.13257
18.14355
18.15469
18.16578
18.17736
18.19539
18.20237
18.21018
18.22135
18.23247
18.24348
18.25461
18.2658
18.2768
18.28792
18.29905
18.31009
18.32127
18.33288
18.3509
18.35847
18.36562
18.37676
18.38821
18.3991
18.41011
18.42123
18.43235
18.44337
18.45449
18.46558
18.47669
18.48831
18.50592
18.51239
18.52112
18.5323
18.54334
18.55451
18.56555
18.57666
18.58775
18.59904
18.60998
18.62112
18.63229
18.64391
18.66215
18.6694
18.67665
18.68769
18.69882
18.70992
18.72109
18.7323
18.74328
18.7544
18.76545
18.77654
18.78767
18.79928
18.81636
18.82361
18.83217
18.84318
18.85436
18.86541
18.87651
18.88761
18.8987
18.90982
18.921
18.93205
18.9432
18.95477
18.9721
18.9789
18.9876
18.99864
19.0098
19.02092
19.03207
19.04358
19.05482
19.06592
19.07703
19.08812
19.09925
19.1108
19.12877
19.13588
19.14301
19.15414
19.1653
19.17635
19.18747
19.19862
19.20967
19.22087
19.23189
19.24298
19.25408
19.26572
19.28418
19.29138
19.29852
19.30964
19.32076
19.33183
19.343
19.35403
19.36526
19.37625
19.38733
19.39851
19.40957
19.4212
19.43905
19.4461
19.45408
19.46513
19.47624
19.48758
19.49844
19.50954
19.52063
19.53183
19.54289
19.55392
19.56509
19.57664
19.59446
19.60156
19.60949
19.62065
19.63169
19.6428
19.65394
19.66515
19.67616
19.6872
19.69837
19.70943
19.72052
19.73217
19.74997
19.75745
19.76492
19.77614
19.78745
19.79833
19.8094
19.82055
19.83168
19.84274
19.85379
19.86497
19.87607
19.88765
19.90553
19.91275
19.92048
19.93174
19.94271
19.95384
19.96495
19.97599
19.98707
19.99822
20.00931
20.02044
20.03152
20.04312
20.06131
20.068
20.07603
20.08713
20.09816
20.10925
20.12055
20.13157
20.14266
20.15367
20.16477
20.1759
20.18706
20.19861
20.21647
20.22425
20.23142
20.24249
20.25354
20.26471
20.2758
20.2869
20.29811
20.30916
20.32027
20.33139
20.34248
20.35414
20.37218
20.37953
20.3868
20.39794
20.40908
20.42021
20.43138
20.4424
20.45347
20.46459
20.47573
20.48687
20.49793
20.50952
20.52742
20.5341
20.54228
20.55343
20.56455
20.57575
20.5868
20.59791
20.60905
20.62018
20.63129
20.6423
20.65343
20.66501
20.6827
20.68928
20.69782
20.70895
20.72013
20.73116
20.74228
20.75341
20.7645
20.77567
20.78685
20.79786
20.80894
20.82057
20.83895
20.84566
20.85332
20.86443
20.87553
20.88659
20.89777
20.90881
20.92004
20.93108
20.94213
20.95328
20.96432
20.97596
20.99475
21.00252
21.00926
21.01994
21.03132
21.04211
21.0532
21.06431
21.07546
21.0865
21.09763
21.10868
21.11994
21.1315
21.15115
21.15841
21.16507
21.17539
21.18644
21.19757
21.20866
21.2198
21.23086
21.24204
21.25311
21.26423
21.27537
21.28695
21.30462
21.31122
21.31986
21.33088
21.34193
21.35311
21.36413
21.37527
21.38644
21.39745
21.4086
21.42034
21.43085
21.44245
21.46065
21.46788
21.47523
21.48633
21.4974
21.50857
21.51999
21.53083
21.54192
21.55295
21.56404
21.57518
21.58626
21.59793
21.61721
21.6244
21.63156
21.64176
21.65292
21.6641
21.67509
21.68621
21.6973
21.70843
21.71955
21.73084
21.74207
21.75358
21.77192
21.77901
21.78626
21.79753
21.80844
21.81963
21.83085
21.84171
21.85325
21.864
21.87511
21.88622
21.89737
21.90891
21.92908
21.93619
21.94332
21.95272
21.96385
21.97499
21.98606
21.99713
22.00825
22.01944
22.03052
22.04157
22.05272
22.06437
22.08265
22.08989
22.09712
22.10823
22.11931
22.13068
22.1416
22.15275
22.16383
22.17499
22.18603
22.19717
22.20838
22.21984
22.23837
22.24529
22.25259
22.2637
22.27486
22.28591
22.297
22.30814
22.3193
22.3304
22.34146
22.35258
22.36367
22.37526
22.39323
22.40044
22.4081
22.41921
22.43029
22.44137
22.45248
22.46368
22.47473
22.48591
22.49713
22.50813
22.51914
22.53082
22.5487
22.55599
22.56354
22.57473
22.58572
22.59696
22.60818
22.61906
22.63037
22.64131
22.6527
22.66352
22.67474
22.68629
22.70425
22.71145
22.71909
22.7302
22.74126
22.75236
22.76345
22.77454
22.78568
22.79676
22.80788
22.81902
22.83014
22.84169
22.85855
22.86536
22.87452
22.88558
22.8967
22.90784
22.91892
22.93015
22.94116
22.95223
22.96333
22.97445
22.98549
22.99714
23.0151
23.0222
23.03002
23.04108
23.05228
23.06344
23.07443
23.08551
23.09661
23.10774
23.11884
23.12997
23.14105
23.15267
23.1701
23.17722
23.18545
23.19657
23.20772
23.21879
23.22998
23.24112
23.25214
23.26328
23.27432
23.2854
23.29653
23.30821
23.32643
23.33332
23.34096
23.35204
23.36315
23.37426
23.38533
23.39645
23.40759
23.41873
23.42981
23.4409
23.45206
23.4636
23.48153
23.48829
23.49642
23.50755
23.51863
23.52983
23.54084
23.55191
23.5631
23.57417
23.58528
23.59639
23.60752
23.61911
23.63715
23.64395
23.6519
23.66303
23.67413
23.68524
23.69642
23.70742
23.71849
23.72975
23.74088
23.75203
23.76298
23.77466
23.79193
23.79935
23.80806
23.81884
23.82965
23.84086
23.85189
23.86301
23.87408
23.88525
23.89631
23.90749
23.91864
23.93015
23.94793
23.9553
23.96289
23.97396
23.98505
23.99617
24.0073
24.01836
24.02951
24.0406
24.05169
24.06277
24.07388
24.0855
24.1033
24.11089
24.11844
24.12953
24.1406
24.15167
24.16286
24.17389
24.18496
24.19616
24.20722
24.21829
24.22943
24.241
24.25993
24.26733
24.27442
24.28498
24.29608
24.3072
24.31821
24.32935
24.3405
24.35152
24.36265
24.37378
24.38489
24.39647
24.41401
24.4213
24.42941
24.44041
24.45152
24.46264
24.47367
24.48482
24.49589
24.5071
24.51812
24.52928
24.54039
24.55195
24.57018
24.57715
24.58481
24.59596
24.60715
24.61813
24.62927
24.64028
24.65142
24.6625
24.67362
24.68468
24.69585
24.70746
24.72466
24.73229
24.74035
24.75134
24.76245
24.77352
24.78465
24.79601
24.80688
24.81798
24.82908
24.84019
24.85129
24.86291
24.88078
24.88797
24.89602
24.90689
24.91792
24.92906
24.94024
24.95126
24.96245
24.97351
24.98463
24.99576
25.00679
25.01843
25.03628
25.04321
25.05121
25.06231
25.07343
25.08458
25.09563
25.10673
25.11783
25.129
25.14011
25.15119
25.1623
25.17392
25.19123
25.19805
25.20674
25.21785
25.22917
25.24014
25.2511
25.26225
25.27343
25.28454
25.2956
25.30678
25.31778
25.32975
25.34839
25.356
25.36255
25.37326
25.38443
25.3955
25.40657
25.41764
25.42903
25.43991
25.45101
25.46211
25.4732
25.4849
25.50315
25.51018
25.51763
25.529
25.53982
25.55093
25.56204
25.5732
25.58431
25.59582
25.6065
25.61759
25.62897
25.64034
25.65807
25.66552
25.67313
25.6842
25.69531
25.70646
25.71753
25.72889
25.73975
25.75084
25.76197
25.7731
25.78417
25.7958
25.81306
25.82035
25.82861
25.83973
25.8508
25.86192
25.87309
25.88445
25.89533
25.90643
25.9176
25.92863
25.93977
25.95138
25.96926
25.9765
25.98407
25.99514
26.00632
26.01739
26.02851
26.03965
26.05068
26.06185
26.07291
26.084
26.09512
26.10683
26.1248
26.13213
26.13961
26.15069
26.16186
26.17289
26.18394
26.19513
26.20624
26.21729
26.22838
26.23958
26.25063
26.26223
26.28097
26.28774
26.29511
26.30614
26.31723
26.32835
26.33949
26.35057
26.36176
26.37283
26.38391
26.395
26.40619
26.41769
26.43535
26.44233
26.45052
26.46161
26.47268
26.48379
26.49489
26.50601
26.51715
26.5283
26.53945
26.55047
26.56159
26.57317
26.59159
26.59848
26.60601
26.61716
26.62829
26.63931
26.65044
26.66154
26.67259
26.68371
26.69488
26.70596
26.7171
26.72875
26.74644
26.75348
26.76142
26.77254
26.78365
26.7948
26.80588
26.81697
26.82806
26.83918
26.85029
26.86143
26.8725
26.88412
26.90335
26.91028
26.91726
26.92801
26.93918
26.95027
26.96145
26.97246
26.98353
26.99472
27.00577
27.01688
27.02804
27.03962
27.05722
27.06441
27.07249
27.08352
27.09466
27.10571
27.11686
27.12794
27.13912
27.1502
27.16146
27.17243
27.18348
27.19511
27.21335
27.22096
27.22805
27.23907
27.25012
27.26121
27.2723
27.28341
27.29453
27.31343
27.33031
27.33927
27.35086
27.36849
27.37576
27.38358
27.39478
27.40586
27.41826
27.42808
27.43921
27.45026
27.46137
27.47244
27.48355
27.49466
27.50629
27.52432
27.53115
27.53886
27.54996
27.56107
27.57219
27.58326
27.59443
27.60564
27.61661
27.62778
27.63889
27.64993
27.66152
27.67951
27.68672
27.69434
27.70543
27.71653
27.72763
27.73881
27.74995
27.761
27.77208
27.7832
27.7943
27.80537
27.817
27.83489
27.84196
27.84984
27.86096
27.87216
27.88313
27.89421
27.90534
27.9164
28.02751
28.03866
28.04975
28.06081
28.07189
28.08303
28.09417
28.10523
28.11648
28.12803
28.14695
28.15387
28.16082
28.17189
28.18298
28.19416
28.20522
28.21637
28.22737
28.23857
28.24964
28.26073
28.27184
28.28344
28.30121
28.30844
28.31629
28.32736
28.33852
28.34961
28.36067
28.37198
28.38335
28.39443
28.40553
28.41659
28.43128
28.43972
28.45929
28.46754
28.47513
28.48318
28.49468
28.63869
28.64983
28.66103
28.672
28.68319
28.69418
28.70526
28.71636
28.72743
28.73904
28.75026
28.76859
28.77538
28.7827
28.79379
28.80493
28.81609
28.82763
28.83904
28.84968
28.8614
28.87226
28.8833
28.89404
28.90576
28.92442
28.93155
28.93904
28.94973
28.96036
28.97149
28.98261
28.99371
29.00486
29.0159
29.02703
29.03853
29.04929
29.07202
29.09235
29.09969
29.1065
29.1158
29.12695
29.13859
29.14915
29.16034
29.18326
