0.9998
0.9992001
0.9311168
0.8975859
0.8891134
0.8857293
0.882552
0.8783014
0.8730443
0.8676508
0.8620405
0.856399
0.8506224
0.8447204
0.8387089
0.832584
0.8263258
0.8200477
0.8137006
0.8072292
0.8006141
0.7939301
0.787133
0.7801648
0.7732315
0.7661017
0.7589362
0.7516554
0.7443053
0.7367988
0.7290708
0.7215939
0.7138898
0.7060884
0.6981393
0.6901777
0.6820993
0.673902
0.6656964
0.657365
0.6489269
0.6404701
0.6319323
0.6231895
0.6145136
0.6056479
0.5967944
0.5879179
0.5788701
0.5697554
0.5606512
0.5513827
0.54208
0.5327509
0.523313
0.5138111
0.5042295
0.494651
0.4849696
0.4749103
0.4651926
0.4554878
0.4456171
0.4356756
0.4256353
0.4155826
0.4054356
0.3906194
0.3803239
0.3700529
0.3594756
0.3492721
0.3388134
0.3283469
0.3179365
0.3073044
0.2968225
0.2861841
0.275478
0.2644851
0.2541215
0.2433511
0.2325426
0.2213386
0.2109033
0.1999737
0.1889597
0.1781128
0.1672815
0.1563489
0.1454052
0.1343701
0.1233244
0.112295
0.1013033
0.0902264
0.07914347
0.06807002
0.05701305
0.04589181
0.03480669
0.02362325
0.0125675
0.001525119
-0.009603277
-0.02078269
-0.03183475
-0.04308253
-0.05413809
-0.06518737
-0.07620549
-0.08726966
-0.09836162
-0.1094036
-0.1204123
-0.131485
-0.1424266
-0.1533502
-0.164341
-0.1753268
-0.186213
-0.1970871
-0.2079819
-0.2188316
-0.229657
-0.2404099
-0.251277
-0.2620167
-0.2726925
-0.2834681
-0.293953
-0.3045377
-0.3151137
-0.3258418
-0.3362193
-0.346692
-0.3577944
-0.3673675
-0.3777323
-0.3887231
-0.3980863
-0.4082804
-0.4185065
-0.4286557
-0.438498
-0.4487001
-0.4583638
-0.4681937
-0.4780764
-0.4878034
-0.4974367
-0.5069092
-0.516423
-0.5259259
-0.5353002
-0.5447502
-0.5539293
-0.5632137
-0.5723638
-0.5814453
-0.5904173
-0.5993147
-0.6081445
-0.6169339
-0.6256222
-0.6342209
-0.6428398
-0.6512568
-0.6596802
-0.6680016
-0.6761919
-0.6843818
-0.6923789
-0.7003433
-0.7082188
-0.7160363
-0.7237817
-0.7313353
-0.7389547
-0.746331
-0.7536679
-0.7608982
-0.7680509
-0.7751434
-0.7821182
-0.789025
-0.7957742
-0.80247
-0.809064
-0.8155034
-0.8218873
-0.8281563
-0.8343111
-0.8403824
-0.8463565
-0.8522307
-0.8579804
-0.8636122
-0.8691857
-0.8746585
-0.879978
-0.8852143
-0.8902918
-0.8953193
-0.9001923
-0.9049739
-0.9096302
-0.9141704
-0.9186299
-0.9229554
-0.9271892
-0.9312891
-0.9352701
-0.9391687
-0.942915
-0.9465587
-0.9500598
-0.9534729
-0.9567699
-0.9599385
-0.9630051
-0.9659068
-0.9687421
-0.9714628
-0.974011
-0.9765534
-0.978792
-0.9810343
-0.9831042
-0.9851419
-0.9869198
-0.9886532
-0.9902768
-0.9917462
-0.9931069
-0.9943451
-0.9954765
-0.9964631
-0.9973315
-0.9980854
-0.9987143
-0.9992236
-0.9995892
-0.9998466
-0.9999793
-0.9999885
-0.9998748
-0.9996387
-0.9992766
-0.9987936
-0.9981768
-0.9974585
-0.9966072
-0.9956272
-0.9945261
-0.9933043
-0.9919695
-0.9904965
-0.9889105
-0.9871455
-0.9853594
-0.9833734
-0.9813377
-0.9791449
-0.976825
-0.9743875
-0.9718152
-0.9691525
-0.9663383
-0.9634212
-0.9603871
-0.9572565
-0.9539541
-0.9505929
-0.9470897
-0.9434596
-0.9397177
-0.9358807
-0.9318872
-0.9278086
-0.9235883
-0.9192674
-0.9148743
-0.9102816
-0.905681
-0.9008958
-0.8960517
-0.8910069
-0.8859177
-0.8807579
-0.8754446
-0.8700132
-0.8644108
-0.8588492
-0.8531028
-0.847256
-0.8412608
-0.8350801
-0.8290482
-0.8228386
-0.8164549
-0.8099973
-0.8034231
-0.7967551
-0.7900279
-0.7831645
-0.7762169
-0.7691528
-0.761995
-0.7547753
-0.7474256
-0.739951
-0.732501
-0.7249357
-0.7172084
-0.7094162
-0.7015674
-0.6936088
-0.6855816
-0.6774875
-0.6691856
-0.6609312
-0.6525733
-0.6440862
-0.6355563
-0.6268852
-0.6182737
-0.6094872
-0.6006385
-0.5916615
-0.5827336
-0.5737321
-0.5645243
-0.5553619
-0.5460916
-0.5367603
-0.527335
-0.5178835
-0.50828
-0.4987361
-0.4890969
-0.4793958
-0.4696438
-0.4598096
-0.4498638
-0.4398263
-0.4299406
-0.4198292
-0.4094122
-0.3995409
-0.389421
-0.3791732
-0.3688557
-0.3584279
-0.3481326
-0.3377248
-0.3272331
-0.3164255
-0.3061255
-0.2955422
-0.2849088
-0.2743159
-0.2635884
-0.2528725
-0.2421287
-0.2313389
-0.2203885
-0.2095795
-0.1987953
-0.1878615
-0.1769934
-0.1660253
-0.1550389
-0.1441088
-0.1331034
-0.1219813
-0.1111054
-0.09972418
-0.08891886
-0.07789104
-0.06677851
-0.05565816
-0.04462094
-0.0335044
-0.02243759
-0.01111912
-0.0001749873
0.0109022
0.02204622
0.03322563
0.04427179
0.05538681
0.06662438
0.07746939
0.08854651
0.0997726
0.1107329
0.1216107
0.1326616
0.1436704
0.1546762
0.165659
0.17655
0.1875945
0.1983752
0.2092765
0.2200332
0.2309006
0.2417521
0.2525395
0.2632508
0.273956
0.2845519
0.2951546
0.3057587
0.3163274
0.3268091
0.3373298
0.3478041
0.3582053
0.3685312
0.3787545
0.3891198
0.3994133
0.4094096
0.4197612
0.4295372
0.4395398
0.4495503
0.4593917
0.4692405
0.4790493
0.4887654
0.4984013
0.5079864
0.5175351
0.5269825
0.5364561
0.54579
0.5550458
0.5642476
0.5733443
0.5824352
0.59142
0.6003472
0.6091968
0.6179214
0.6266341
0.6352588
0.643813
0.6522167
0.6606949
0.6688972
0.6772031
0.685263
0.6933555
0.7016349
0.7092862
0.7170824
0.7247535
0.7322806
0.739813
0.7472214
0.7550414
0.761786
0.769019
0.7759723
0.7830207
0.7898307
0.7965727
0.8032724
0.8097638
0.8162498
0.8226836
0.8289065
0.8350783
0.8411274
0.847031
0.8529402
0.8587089
0.864298
0.8698087
0.8753117
0.8808814
0.8859304
0.8910362
0.896061
0.900783
0.9055568
0.9101827
0.9147084
0.9191217
0.9234533
0.9276901
0.9317561
0.9357326
0.9395816
0.9433227
0.9469538
0.9505466
0.9538637
0.957135
0.9602853
0.9633337
0.9662535
0.9690534
0.9717361
0.9743063
0.9767364
0.9790798
0.9812947
0.983335
0.9852958
0.9871361
0.9888486
0.9904445
0.9919193
0.9932595
0.9944871
0.9956032
0.9965729
0.9974338
0.9981602
0.9987727
0.9992611
0.9996268
0.9998686
0.999987
0.9999821
0.9998543
0.9996024
0.9992266
0.99873
0.998106
0.9973661
0.9964913
0.9954973
0.9943892
0.9931589
0.9907383
0.9879653
0.9868613
0.9855953
0.9836764
0.9816094
0.9794332
0.9771422
0.9747157
0.9721573
0.9695115
0.966464
0.9638409
0.9607944
0.9576772
0.9543973
0.9510576
0.947548
0.94394
0.9402067
0.9363833
0.9324366
0.9283476
0.9241371
0.9198016
0.9154735
0.9109056
0.9062838
0.9015322
0.8966872
0.8917274
0.8866376
0.8814305
0.8761109
0.8706211
0.865055
0.8592266
0.8534663
0.8469804
0.8415187
0.8352926
0.8291036
0.8227612
0.8162615
0.8097622
0.8030165
0.7963098
0.789394
0.7821397
0.7755039
0.7682388
0.7611351
0.7539784
0.7465118
0.7391643
0.7315152
0.7239261
0.7163393
0.7085144
0.7005892
0.6921633
0.684635
0.6764101
0.6682072
0.6599301
0.6515138
0.6431003
0.63449
0.625926
0.6168123
0.6083639
0.5991389
0.5906301
0.5817001
0.5726277
0.5635125
0.5542527
0.544526
0.5356588
0.5262104
0.5167965
0.5071932
0.4976324
0.4879662
0.4782929
0.4678812
0.4586653
0.4487593
0.438821
0.4287672
0.4186717
0.4086186
0.3984554
0.3881555
0.3779928
0.3677018
0.3567742
0.3469506
0.336485
0.32597
0.3154937
0.3049583
0.2943013
0.2836682
0.2730631
0.2618131
0.2516573
0.2407708
0.229995
0.219255
0.2083925
0.1975317
0.1866053
0.1757319
0.1647246
0.1537515
0.1428183
0.1312248
0.1207901
0.1096615
0.09866528
0.0874917
0.07659284
0.065514
0.05444565
0.04332583
0.03149098
0.02112722
0.009944414
-0.001137117
-0.01239206
-0.02335799
-0.03460656
-0.0456383
-0.05673018
-0.06844539
-0.07877273
-0.08979972
-0.1008665
-0.111953
-0.1228912
-0.1339964
-0.1449627
-0.1559111
-0.1669058
-0.1778572
-0.188724
-0.199633
-0.210537
-0.2215571
-0.2322893
-0.2429719
-0.2537166
-0.2645164
-0.2751282
-0.285767
-0.2966457
-0.3073145
-0.3178924
-0.3284876
-0.3392946
-0.349488
-0.3598634
-0.3723401
-0.3802605
-0.3904958
-0.4004498
-0.4106202
-0.4206767
-0.4307893
-0.4416269
-0.4510723
-0.4608678
-0.4708826
-0.4803888
-0.4900917
-0.4997252
-0.5094802
-0.5189052
-0.5285777
-0.5380052
-0.5472677
-0.5563305
-0.5655762
-0.5746296
-0.5836906
-0.5927833
-0.6016029
-0.6104646
-0.6190364
-0.6279248
-0.6366643
-0.6450395
-0.6542586
-0.6618916
-0.6701576
-0.6782916
-0.6870622
-0.69465
-0.7025652
-0.7102965
-0.7181911
-0.7257268
-0.7331725
-0.7406365
-0.7481411
-0.7555838
-0.7631212
-0.7700813
-0.7770716
-0.783969
-0.7994462
-0.8049103
-0.8107505
-0.8182631
-0.823822
-0.8301752
-0.8362164
-0.842199
-0.848168
-0.8538501
-0.8595117
-0.8651319
-0.8704808
-0.8765128
-0.8814292
-0.8866196
-0.891658
-0.896584
-0.9014664
-0.9061947
-0.9108329
-0.9156707
-0.9199649
-0.9240655
-0.9283352
-0.9323981
-0.9363969
-0.9401699
-0.9439884
-0.9475231
-0.9510509
-0.954478
-0.9576028
-0.9607931
-0.963768
-0.966782
-0.9695094
-0.9721547
-0.9746713
-0.9770887
-0.9795706
-0.981816
-0.9836218
-0.9856669
-0.9874851
-0.9890998
-0.9906716
-0.9921476
-0.9934481
-0.9946713
-0.9957125
-0.9966895
-0.9975169
-0.9982408
-0.9988351
-0.9993107
-0.9996605
-0.9998879
-0.9999926
-0.9999737
-0.99983
-0.9995647
-0.9991766
-0.9986587
-0.9979921
-0.9972453
-0.9963588
-0.9953323
-0.9942148
-0.9929609
-0.9915919
-0.9900885
-0.9884633
-0.9867308
-0.9848644
-0.9828677
-0.980741
-0.9785214
-0.9761788
-0.9737301
-0.9711437
-0.9685017
-0.9656653
-0.9627295
-0.9596748
-0.9564646
-0.9531994
-0.9497881
-0.9461437
-0.9425018
-0.9385823
-0.9346104
-0.9307352
-0.9267102
-0.9224601
-0.918058
-0.9136422
-0.9090666
-0.9043863
-0.899648
-0.89461
-0.8896177
-0.8846022
-0.8792847
-0.8740472
-0.8687122
-0.8631984
-0.8575047
-0.8516984
-0.8457261
-0.8398805
-0.8338221
-0.8276337
-0.8213845
-0.81481
-0.8082813
-0.8016266
-0.7949352
-0.7880389
-0.7809451
-0.7740554
-0.7671731
-0.7600402
-0.7527009
-0.7454487
-0.7380338
-0.7303991
-0.7228909
-0.7152016
-0.7075474
-0.6994836
-0.6915193
-0.6836649
-0.6752002
-0.6670408
-0.6589569
-0.6503494
-0.6421607
-0.6335963
-0.6248426
-0.6162553
-0.6071652
-0.5985193
-0.5889956
-0.5805338
-0.5715503
-0.5624434
-0.55312
-0.5438973
-0.5345632
-0.5251287
-0.515683
-0.5061413
-0.4965034
-0.4868071
-0.4771067
-0.4673427
-0.4574468
-0.4472166
-0.4376258
-0.4275806
-0.4174633
-0.4074081
-0.3972148
-0.3870409
-0.3763143
-0.3663802
-0.3561109
-0.3457027
-0.3352042
-0.324782
-0.3142723
-0.3036776
-0.2931081
-0.2824779
-0.271735
-0.2611045
-0.2503895
-0.2394698
-0.2284184
-0.2176084
-0.2066728
-0.1959077
-0.1849258
-0.1740419
-0.1631452
-0.1522286
-0.1412764
-0.1301622
-0.119007
-0.1081069
-0.0970401
-0.08603538
-0.07488511
-0.06392723
-0.05288165
-0.04192487
-0.0305627
-0.01945974
-0.008306698
0.002748196
0.01398584
0.0250892
0.03641439
0.04720144
0.05818864
0.0692725
0.08042575
0.09160504
0.1024806
0.1134292
0.1246148
0.1355371
0.1462344
0.1571972
0.168135
0.179115
0.1900746
0.2009106
0.2118069
0.2228703
0.2337697
0.244675
0.2553105
0.2660624
0.2768528
0.2873507
0.2980118
0.3086495
0.3193562
0.3296145
0.3401255
0.3502083
0.3608983
0.3709655
0.3812537
0.3914511
0.4015945
0.4122147
0.4218567
0.4319115
0.4419403
0.4518486
0.4616888
0.471539
0.4813675
0.4910336
0.50095
0.5102992
0.5201001
0.538826
0.5453749
0.5510243
0.5566287
0.5629373
0.5713127
0.5804362
0.5894174
0.5983094
0.6072655
0.6159664
0.6246687
0.6332889
0.6418429
0.6503207
0.6587126
0.6670986
0.675306
0.6835106
0.6916249
0.6995923
0.7074513
0.7151712
0.7229583
0.730514
0.7383487
0.7455653
0.752897
0.7601904
0.7672975
0.7744383
0.7813604
0.7882217
0.7950141
0.8017203
0.8082899
0.8148727
0.8214445
0.8278427
0.8342059
0.8403793
0.8464842
0.8524722
0.8583627
0.8641523
0.869808
0.8754112
0.880933
0.8862605
0.8913899
0.896506
0.9015012
0.9062892
0.9110404
0.9156682
0.9201392
0.9244348
0.9286042
0.9326681
0.9366198
0.9405593
0.9441913
0.9477827
0.9512503
0.9546193
0.9578966
0.9609966
0.9640015
0.9669029
0.9696805
0.9723321
0.974866
0.9772776
0.9795718
0.9817459
0.9859464
