0
0.02
0.3533334
0.4357621
0.4617369
0.4697766
0.479121
0.4905407
0.501389
0.5122885
0.5234671
0.5345517
0.5456696
0.5567784
0.5678242
0.5789889
0.5901282
0.6011851
0.6122009
0.6233732
0.6344938
0.6455836
0.65675
0.6679419
0.6789092
0.6899976
0.70121
0.7122493
0.723286
0.7345402
0.7455806
0.7566404
0.7678496
0.7789313
0.790005
0.8011029
0.812089
0.8232794
0.8343962
0.8454518
0.8566151
0.8677291
0.8788639
0.8900132
0.9011981
0.912145
0.923633
0.9343265
0.9454287
0.9566911
0.9678093
0.9788665
0.9899493
1.000993
1.012098
1.023159
1.03426
1.045366
1.056551
1.067592
1.078739
1.089813
1.100928
1.111965
1.123111
1.134213
1.145289
1.1615
1.172603
1.183987
1.195109
1.206102
1.217135
1.22823
1.23921
1.250383
1.261419
1.272577
1.283819
1.294799
1.305891
1.317026
1.328138
1.339212
1.350433
1.361369
1.372575
1.383835
1.394752
1.405827
1.416914
1.428012
1.439123
1.450262
1.46133
1.472425
1.483811
1.494836
1.505821
1.516901
1.52804
1.539126
1.55021
1.561326
1.572431
1.583897
1.594627
1.605752
1.616852
1.6279
1.639001
1.650265
1.661276
1.672387
1.68365
1.694602
1.705719
1.716839
1.727861
1.738986
1.750088
1.761177
1.772332
1.783371
1.794509
1.805565
1.816693
1.827879
1.83905
1.850018
1.861141
1.872256
1.883404
1.894508
1.905573
1.916641
1.927772
1.938907
1.950017
1.96111
1.972183
1.983323
1.99482
2.005622
2.016743
2.027797
2.038882
2.049937
2.060991
2.072117
2.083231
2.094363
2.105523
2.116606
2.127663
2.138804
2.149942
2.160989
2.172116
2.183199
2.194338
2.205482
2.216578
2.227623
2.238691
2.249787
2.260957
2.272032
2.2831
2.294266
2.305443
2.316448
2.327579
2.338734
2.349805
2.360906
2.372035
2.383178
2.394199
2.405321
2.416386
2.427506
2.438642
2.449827
2.46092
2.472003
2.483021
2.494233
2.505359
2.51634
2.527508
2.538599
2.54967
2.560773
2.571933
2.58302
2.594151
2.605237
2.616378
2.627548
2.638548
2.649678
2.660759
2.671853
2.68292
2.69413
2.705191
2.716356
2.727431
2.738517
2.749629
2.760848
2.772154
2.782922
2.794079
2.805094
2.816252
2.827346
2.838494
2.849573
2.860612
2.871808
2.883025
2.894315
2.905112
2.916141
2.927348
2.938462
2.949521
2.96059
2.971688
2.98282
2.993996
3.005121
3.016108
3.027243
3.038461
3.049526
3.060704
3.071715
3.082854
3.093931
3.105022
3.116068
3.127195
3.138302
3.1494
3.16047
3.17191
3.182707
3.193874
3.204944
3.216015
3.227124
3.238311
3.249352
3.26045
3.271591
3.282649
3.293835
3.304864
3.316
3.327064
3.338198
3.349276
3.36047
3.37153
3.382591
3.393813
3.404856
3.415942
3.427031
3.438197
3.449222
3.460339
3.471515
3.48258
3.493688
3.504794
3.515926
3.526989
3.538136
3.549336
3.560256
3.571382
3.582507
3.593621
3.604743
3.615789
3.626947
3.638081
3.649141
3.660256
3.671328
3.682452
3.693677
3.704737
3.715771
3.726879
3.738009
3.749096
3.760183
3.771314
3.782415
3.793624
3.804915
3.815756
3.826839
3.837953
3.849109
3.860234
3.871289
3.882429
3.893499
3.904597
3.915683
3.926764
3.937906
3.948956
3.960111
3.971258
3.982424
3.993472
4.004625
4.015774
4.026763
4.037798
4.048967
4.060036
4.071179
4.082339
4.093493
4.10465
4.115705
4.126698
4.137818
4.148917
4.159951
4.171317
4.182203
4.193378
4.20439
4.215594
4.226669
4.237815
4.248878
4.259983
4.271108
4.282225
4.293338
4.304885
4.315462
4.326899
4.337951
4.349
4.360053
4.371023
4.382336
4.393306
4.404338
4.415435
4.426529
4.437652
4.448846
4.459882
4.470917
4.482124
4.493219
4.50425
4.515375
4.526521
4.53755
4.548714
4.559859
4.570922
4.582057
4.593185
4.604303
4.615319
4.62643
4.637631
4.648685
4.659819
4.670877
4.681911
4.693112
4.704172
4.715309
4.72638
4.737445
4.748634
4.759901
4.770844
4.781892
4.793126
4.80411
4.815274
4.826385
4.837464
4.848642
4.859627
4.870721
4.881972
4.893173
4.904113
4.91519
4.926277
4.937443
4.948608
4.959613
4.970753
4.981809
4.993241
5.004025
5.015152
5.026212
5.03735
5.048441
5.059532
5.07066
5.081762
5.093135
5.104149
5.115052
5.126224
5.137332
5.148575
5.15954
5.17065
5.181705
5.193037
5.203898
5.215066
5.226137
5.237264
5.248316
5.259514
5.27063
5.28162
5.293355
5.303863
5.314985
5.326089
5.337184
5.348291
5.359378
5.370458
5.381598
5.393263
5.403811
5.41499
5.426072
5.437178
5.448209
5.459383
5.470483
5.481572
5.493102
5.503757
5.514852
5.525985
5.537218
5.54821
5.559273
5.570465
5.581484
5.592638
5.603736
5.614876
5.625929
5.637059
5.648379
5.659311
5.670371
5.681439
5.692645
5.703728
5.714932
5.725942
5.737087
5.748084
5.759281
5.770302
5.781385
5.792496
5.80362
5.81471
5.825861
5.836974
5.848053
5.859419
5.870252
5.881454
5.892439
5.903622
5.914634
5.925817
5.936936
5.948073
5.959151
5.970208
5.981301
5.992479
6.003489
6.014973
6.025766
6.036918
6.047958
6.059043
6.070123
6.081228
6.092399
6.103514
6.114621
6.125713
6.136788
6.147931
6.159011
6.170225
6.181685
6.192627
6.203484
6.214643
6.22563
6.236765
6.247954
6.258988
6.270072
6.281129
6.292273
6.30337
6.314516
6.325633
6.336723
6.347859
6.358925
6.370044
6.381113
6.392231
6.403371
6.414434
6.425525
6.436718
6.447741
6.458837
6.469976
6.481176
6.492181
6.503402
6.514388
6.525449
6.536667
6.547718
6.558789
6.569883
6.581015
6.592089
6.603302
6.614375
6.625453
6.636714
6.647693
6.658837
6.669913
6.681072
6.692029
6.703225
6.714442
6.725639
6.736977
6.747697
6.758773
6.769856
6.78096
6.79204
6.803114
6.814302
6.825367
6.836883
6.847612
6.85895
6.869813
6.880907
6.891986
6.903104
6.914258
6.925294
6.936472
6.94754
6.958702
6.969791
6.980791
6.991938
7.003092
7.014189
7.025247
7.036328
7.047451
7.058499
7.069603
7.080785
7.091886
7.103034
7.114104
7.125236
7.136249
7.14739
7.158497
7.169626
7.180766
7.191785
7.203249
7.214087
7.225179
7.236328
7.247366
7.258481
7.269611
7.280739
7.291798
7.30307
7.313975
7.325095
7.336259
7.347279
7.35841
7.369553
7.380631
7.391749
7.402962
7.414128
7.425061
7.436276
7.447276
7.458406
7.46949
7.48096
7.49175
7.502829
7.513944
7.524966
7.536122
7.547204
7.558304
7.569438
7.58049
7.591693
7.602904
7.613846
7.624966
7.636139
7.647228
7.658435
7.669347
7.680549
7.691723
7.702991
7.713824
7.724906
7.736012
7.747217
7.758227
7.769359
7.780479
7.791561
7.802604
7.813762
7.825009
7.835968
7.847024
7.858232
7.869275
7.880419
7.891457
7.902704
7.913736
7.924771
7.935947
7.946993
7.958101
7.969235
7.980335
7.991434
8.002563
8.013687
8.024741
8.035853
8.046941
8.058103
8.069139
8.080356
8.091363
8.102543
8.113546
8.124674
8.135838
8.14686
8.158045
8.169109
8.180202
8.191305
8.202408
8.213611
8.224642
8.235765
8.246896
8.257992
8.269154
8.280274
8.291379
8.302459
8.313528
8.324618
8.335652
8.346809
8.357882
8.369054
8.380145
8.391273
8.40267
8.413479
8.424879
8.435602
8.446994
8.457996
8.469044
8.480084
8.491257
8.50233
8.513369
8.524557
8.535598
8.546698
8.557893
8.568939
8.580034
8.59112
8.602274
8.61335
8.624447
8.635623
8.646624
8.657778
8.66895
8.680032
8.691117
8.702487
8.713333
8.724473
8.73547
8.746655
8.757708
8.768806
8.77994
8.791027
8.802155
8.813215
8.824332
8.836029
8.846539
8.857641
8.868863
8.879924
8.890965
8.902476
8.913212
8.924315
8.935399
8.946508
8.957607
8.968685
8.979903
8.990986
9.002171
9.013197
9.024259
9.035364
9.046449
9.057627
9.068695
9.079733
9.090902
9.10224
9.113148
9.124194
9.135275
9.146461
9.157523
9.168618
9.179704
9.190811
9.202147
9.213047
9.224141
9.235244
9.246313
9.257463
9.268853
9.279722
9.29081
9.302254
9.313071
9.324208
9.335255
9.346293
9.357405
9.368626
9.379728
9.390873
9.401981
9.412987
9.424097
9.435129
9.446244
9.457431
9.468479
9.4796
9.4907
9.501797
9.512948
9.524004
9.53511
9.546182
9.557305
9.568447
9.579517
9.590625
9.601769
9.613081
9.623961
9.635066
9.646161
9.657234
9.668453
9.679557
9.69061
9.701702
9.712842
9.723943
9.73502
9.746151
9.757237
9.768754
9.779444
9.790508
9.801591
9.81273
9.823883
9.834995
9.846025
9.857154
9.868351
9.879365
9.890478
9.9016
9.91273
9.923923
9.934889
9.945975
9.95708
9.968273
9.979346
9.990445
10.00156
10.01271
10.02382
10.03493
10.04595
10.05704
10.06816
10.07941
10.0904
10.10151
10.11263
10.12368
10.13484
10.14589
10.15699
10.16812
10.1792
10.19037
10.20138
10.21258
10.22367
10.2348
10.24588
10.25694
10.26807
10.27915
10.29031
10.30139
10.31254
10.32362
10.33475
10.34587
10.357
10.36815
10.37915
10.39029
10.40133
10.41244
10.42358
10.43478
10.44575
10.45686
10.46799
10.4791
10.49022
10.50134
10.51244
10.52352
10.53461
10.5458
10.55692
10.56793
10.57906
10.59017
10.60125
10.61242
10.62347
10.63456
10.64564
10.65679
10.66788
10.67896
10.69018
10.70122
10.71233
10.72341
10.73451
10.74559
10.75672
10.76779
10.77896
10.79001
10.80108
10.81227
10.82342
10.83488
10.84552
10.85675
10.86783
10.87927
10.88993
10.90112
10.91226
10.92331
10.93439
10.94549
10.9566
10.96775
10.97892
10.98997
11.00107
11.0122
11.02327
11.03435
11.04545
11.05654
11.06769
11.07875
11.08993
11.101
11.11211
11.12327
11.13432
11.14539
11.15651
11.1677
11.1788
11.18979
11.20092
11.21209
11.22311
11.23426
11.24535
11.25644
11.26757
11.2787
11.28977
11.30088
11.31199
11.32319
11.33423
11.34526
11.35636
11.36773
11.37898
11.3899
11.40101
11.41211
11.42311
11.43414
11.44521
11.45635
11.46746
11.47871
11.48973
11.50084
11.51189
11.52301
11.5342
11.54523
11.56052
11.56827
11.5789
11.58998
11.60087
11.61206
11.62308
11.6342
11.64525
11.65639
11.66785
11.67924
11.68998
11.7011
11.7122
11.72347
11.73457
11.74613
11.75664
11.76766
11.77877
11.78997
11.80092
11.81211
11.82325
11.83457
11.84572
11.85651
11.86761
11.87875
11.8898
11.90091
11.9122
11.92313
11.93463
11.94581
11.95652
11.96759
11.97871
11.98986
12.00096
12.01203
12.02308
12.03411
12.04536
12.05669
12.06766
12.07863
12.0897
12.10096
12.11199
12.12311
12.13412
12.14526
12.15643
12.16748
12.17854
12.18962
12.20077
12.21197
12.22302
12.23403
12.24518
12.25658
12.26772
12.27857
12.2896
12.30073
12.31182
12.32298
12.33407
12.34516
12.3566
12.36758
12.37878
12.38962
12.40068
12.41191
12.42348
12.43413
12.4453
12.45649
12.46738
12.47847
12.48963
12.50068
12.51185
12.52292
12.53394
12.5448
12.55592
12.56709
12.5781
12.58916
12.60027
12.61142
12.62282
12.634
12.64518
12.65622
12.6672
12.67856
12.68938
12.70021
12.71138
12.72288
12.73389
12.74494
12.75624
12.76736
12.7783
12.78965
12.80039
12.81168
12.82272
12.8341
12.84487
12.856
12.86709
12.87831
12.88938
12.90052
12.91181
12.92495
12.93372
12.95093
12.95866
12.96702
12.97765
12.98883
12.99984
13.01121
13.02212
13.03328
13.0443
13.05542
13.06649
13.07765
13.08876
13.09978
13.11095
13.12211
13.1336
13.14435
13.15574
13.16752
13.17823
13.18918
13.20017
13.21152
13.22241
13.2334
13.24421
13.25534
13.26638
13.27777
13.28873
13.29979
13.31143
13.32254
13.33318
13.3448
13.35602
13.3669
13.37773
13.38877
13.39979
13.41094
13.42204
13.43319
13.44433
13.45537
13.46688
13.47755
13.48876
13.50023
13.5112
13.52244
13.53312
13.54459
13.55576
13.56672
13.57861
13.58887
13.59999
13.61099
13.62198
13.63313
13.64427
13.65538
13.66634
13.67744
13.68855
13.69974
13.71082
13.722
13.73306
13.74411
13.75519
13.76632
13.77748
13.78854
13.79966
13.81103
13.82189
13.83303
13.845
13.85518
13.86623
13.87741
13.88851
13.89954
13.91071
13.92234
13.933
13.94404
13.95529
13.96639
13.97739
13.98907
13.99954
14.01087
14.02202
14.03306
14.04404
14.05508
14.06623
14.07734
14.08862
14.09956
14.11068
14.12206
14.1328
14.1439
14.15505
14.16609
14.17721
14.18833
14.19939
14.21056
14.22169
14.23278
14.24388
14.25499
14.26607
14.27725
14.28829
14.29935
14.31059
14.32162
14.33281
14.34379
14.35496
14.36645
14.37716
14.38876
14.39941
14.41088
14.42162
14.43303
14.44375
14.45487
14.46594
14.47708
14.48821
14.49936
14.51044
14.52153
14.53262
14.54374
14.55477
14.56597
14.57705
14.5882
14.59931
14.61041
14.62161
14.63266
14.6444
14.65511
14.66599
14.67698
14.68809
14.69914
14.71035
14.72144
14.73262
14.74383
14.75471
14.76583
14.77718
14.78801
14.7991
14.81021
14.8214
14.83252
14.8437
14.8547
14.8658
14.87697
14.88806
14.89921
14.9102
14.92255
14.93242
14.94358
14.95465
14.96575
14.97701
14.98802
14.99902
15.01016
15.02151
15.03241
15.04372
15.05488
15.06577
15.07681
15.0879
15.09904
15.11009
15.12126
15.13235
15.14344
15.15455
15.16565
15.17698
15.18783
15.19899
15.21012
15.22117
15.2323
15.24336
15.2545
15.26557
15.27669
15.28778
15.29885
15.30998
15.32114
15.33223
15.34329
15.35445
15.36559
15.37664
15.38777
15.39892
15.41
15.42112
15.43222
15.44326
15.45436
15.46543
15.47662
15.48776
15.49877
15.50993
15.52109
15.53215
15.54319
15.55433
15.56543
15.57659
15.58761
15.59879
15.60988
15.62102
15.63207
15.64326
15.65433
15.66544
15.67664
15.6877
15.69878
15.70984
15.7209
15.73203
15.74314
15.75425
15.76534
15.77646
15.7875
15.79868
15.80972
15.82087
15.83205
15.84309
15.85422
15.8653
15.87643
15.88748
15.89867
15.90973
15.92149
15.93191
15.94322
15.95417
15.9653
15.97701
15.98752
15.99857
16.00966
16.02081
16.03188
16.04296
16.0541
16.06523
16.07632
16.08743
16.09851
16.10972
16.12076
16.13189
16.14299
16.15405
16.16516
16.17622
16.18764
16.19843
16.20961
16.22079
16.23177
16.24291
16.25398
16.26511
16.27622
16.2873
16.29851
16.30948
16.32074
16.33171
16.34286
16.35391
16.36503
16.37617
16.38725
16.39837
16.40945
16.4206
16.43164
16.44275
16.45396
16.46495
16.47609
16.48718
16.49829
16.5094
16.52054
16.53167
16.54272
16.55384
16.56496
16.57602
16.58722
16.5983
16.60944
16.62051
16.63155
16.64277
16.65381
16.66487
16.67615
16.68706
16.69822
16.70945
16.72064
16.73164
16.74263
16.75379
16.76494
16.77589
16.78703
16.79818
16.80921
16.82066
16.83145
16.84255
16.85374
16.86476
16.87591
16.8871
16.89818
16.90925
16.92143
16.93144
16.94263
16.95366
16.9647
16.97589
16.98701
16.99804
17.0092
17.02039
17.0314
17.04256
17.05354
17.06468
17.07584
17.08692
17.09806
17.10914
17.12055
17.13136
17.14243
17.15355
17.16458
17.17607
17.18685
17.19796
17.20912
17.2203
17.23141
17.24235
17.25346
17.26463
17.2757
17.28681
17.29792
17.30897
17.32035
17.33124
17.34231
17.3534
17.36455
17.37579
17.38683
17.39791
17.40897
17.42018
17.43116
17.44228
17.4534
17.46446
17.4756
17.48674
17.49785
17.50893
17.52016
17.53111
17.54228
17.5533
17.56443
17.57555
17.58665
17.59775
17.60888
17.62009
17.63112
17.64222
17.65337
17.6644
17.67549
17.68661
17.69777
17.70882
17.72015
17.73103
17.74214
17.75333
17.76442
17.77555
17.78658
17.79762
17.80876
17.82004
17.83098
17.8421
17.85325
17.86427
17.87537
17.8865
17.89758
17.90872
17.92
17.931
17.94205
17.95317
17.96424
17.9754
17.98646
17.99754
18.00878
18.01987
18.03093
18.04204
18.05309
18.06422
18.07525
18.08641
18.09758
18.10859
18.11998
18.1308
18.14192
18.15312
18.16418
18.1752
18.18641
18.19748
18.20858
18.22
18.23086
18.24188
18.25301
18.26409
18.27518
18.28633
18.29739
18.30851
18.31968
18.33072
18.3418
18.35296
18.36403
18.37519
18.38629
18.39736
18.40845
18.41954
18.4307
18.44175
18.453
18.46401
18.47513
18.48621
18.49731
18.50843
18.51951
18.53064
18.54174
18.5528
18.56388
18.57502
18.58616
18.59726
18.60833
18.61946
18.63076
18.64186
18.65284
18.66394
18.67494
18.68611
18.69716
18.70834
18.71944
18.73053
18.74165
18.75276
18.76397
18.77496
18.78614
18.79732
18.80847
18.81952
18.83051
18.84156
18.85271
18.8639
18.87491
18.88607
18.89716
18.90826
18.91939
18.93046
18.9417
18.95267
18.96376
18.97481
18.98599
18.99707
19.00818
19.01927
19.03034
19.0415
19.05257
19.06366
19.07481
19.08592
19.09711
19.10814
19.11922
19.13033
19.14144
19.15258
19.16369
19.17479
19.18591
19.19702
19.20806
19.21917
19.2303
19.2414
19.25255
19.26356
19.27473
19.28591
19.29692
19.30798
19.31909
19.33024
19.34133
19.35245
19.3636
19.37469
19.38587
19.39684
19.40803
19.41908
19.43018
19.44128
19.45233
19.46351
19.4746
19.48615
19.49684
19.50805
19.51902
19.53011
19.54123
19.55231
19.56352
19.57457
19.58565
19.59683
19.60793
19.61895
19.63009
19.64121
19.6523
19.66337
19.6745
19.6857
19.6968
19.70789
19.71902
19.73003
19.74112
19.75225
19.76334
19.77442
19.78577
19.79665
19.80778
19.81888
19.83003
19.84125
19.85235
19.86342
19.87451
19.88552
19.89661
19.90768
19.91887
19.93007
19.94103
19.95218
19.96328
19.97433
19.9855
19.99653
20.0077
20.01885
20.03
20.04102
20.05207
20.0632
20.07431
20.08544
20.09652
20.10761
20.11874
20.12986
20.14098
20.1521
20.16313
20.17423
20.1855
20.19648
20.20754
20.21871
20.2299
20.24091
20.252
20.26311
20.27429
20.28528
20.29648
20.30771
20.31874
20.32977
20.34096
20.35197
20.36305
20.37419
20.38526
20.39638
20.40744
20.41856
20.42972
20.44081
20.45195
20.46296
20.47413
20.48521
20.49637
20.50737
20.51851
20.52966
20.54075
20.55192
20.56293
20.57405
20.58518
20.59625
20.60733
20.61849
20.62964
20.6407
20.65186
20.66289
20.67406
20.68514
20.69625
20.70731
20.71844
20.72957
20.74062
20.75177
20.76291
20.77408
20.78511
20.79614
20.80733
20.81837
20.82956
20.84062
20.85179
20.8628
20.87397
20.88518
20.89634
20.90724
20.91843
20.92948
20.94059
20.95165
20.96279
20.97383
20.9851
20.99607
21.00712
21.01827
21.02935
21.04049
21.05154
21.06272
21.07386
21.08493
21.09602
21.1071
21.11851
21.12937
21.14047
21.15156
21.16268
21.17376
21.18484
21.19592
21.20705
21.21824
21.22931
21.24034
21.25152
21.2626
21.27378
21.2849
21.29595
21.30696
21.31817
21.32926
21.34035
21.35143
21.36255
21.37369
21.38481
21.39585
21.40691
21.41807
21.42927
21.4403
21.4514
21.4625
21.47366
21.48478
21.49585
21.50686
21.51802
21.52912
21.54022
21.55129
21.56242
21.57354
21.58472
21.59579
21.60682
21.618
21.62938
21.64016
21.6513
21.66244
21.67379
21.68508
21.69577
21.70693
21.71791
21.72908
21.74025
21.75125
21.76233
21.77355
21.78453
21.79567
21.80673
21.81791
21.82907
21.84012
21.85121
21.86231
21.8734
21.88451
21.89566
21.9067
21.91792
21.92918
21.94026
21.95125
21.96225
21.97337
21.98447
21.99553
22.00667
22.01776
22.02899
22.03999
22.05121
22.06222
22.07332
22.08442
22.09549
22.10657
22.11774
22.1289
22.13997
22.15108
22.16215
22.17323
22.18434
22.19547
22.20669
22.2177
22.22907
22.23989
22.25102
22.26212
22.27324
22.28434
22.2954
22.30647
22.3177
22.32878
22.33999
22.35099
22.36209
22.3732
22.3843
22.39537
22.40644
22.4176
22.42871
22.44006
22.45093
22.46199
22.47312
22.48419
22.49533
22.50659
22.51765
22.52871
22.53977
22.55088
22.56198
22.57308
22.58418
22.59527
22.60632
22.61749
22.62856
22.63967
22.65084
22.66198
22.67313
22.68408
22.69525
22.70636
22.71741
22.72856
22.7396
22.75078
22.76186
22.77299
22.78404
22.79514
22.80622
22.81738
22.82884
22.83965
22.85065
22.86188
22.87291
22.88412
22.89517
22.90622
22.91737
22.92867
22.93951
22.95067
22.96178
22.97295
22.98433
22.99513
23.00627
23.01751
23.02854
23.03952
23.05057
23.06175
23.07281
23.08388
23.09505
23.10613
23.11726
23.12836
23.13949
23.15058
23.16163
23.17281
23.18391
23.19498
23.2064
23.21722
23.22831
23.23939
23.25054
23.26163
23.27279
23.28386
23.29503
23.30607
23.31717
23.32828
23.33934
23.35048
23.36156
23.37267
23.38374
23.39489
23.40596
23.41712
23.42849
23.43934
23.45046
23.46147
23.47264
23.48378
23.49483
23.50587
23.51701
23.52812
23.53927
23.55031
23.56149
23.57259
23.58369
23.59478
23.60593
23.617
23.62809
23.63925
23.65049
23.66146
23.67254
23.68362
23.69472
23.70584
23.71694
23.72807
23.73918
23.75033
23.76143
23.77246
23.78355
23.79466
23.80581
23.817
23.82801
23.83913
23.85016
23.8613
23.87241
23.88357
23.89464
23.90574
23.91693
23.92798
23.9391
23.95014
23.96126
23.97236
23.98345
23.99459
24.00603
24.01719
24.02808
24.03905
24.05015
24.06117
24.07236
24.08337
24.09465
24.1056
24.11709
24.12792
24.13893
24.15006
24.16116
24.17225
24.18345
24.19452
24.20556
24.21666
24.22799
24.23891
24.25004
24.26112
24.27221
24.28328
24.2944
24.30548
24.31662
24.32774
24.33886
24.34991
24.36104
24.37214
24.38333
24.39439
24.40546
24.4166
24.42772
24.43889
24.44993
24.46102
24.47209
24.48325
24.4943
24.50543
24.5165
24.52764
24.53889
24.54996
24.56095
24.57205
24.5832
24.59429
24.60537
24.61646
24.62759
24.63876
24.64993
24.66091
24.67204
24.68312
24.6943
24.70532
24.71646
24.72758
24.7387
24.74979
24.76084
24.77205
24.7831
24.79446
24.80534
24.81643
24.82745
24.83864
24.84981
24.86083
24.87191
24.88301
24.89415
24.9053
24.91644
24.92742
24.93854
24.94968
24.9608
24.97217
24.98298
24.99408
25.00524
25.01632
25.0274
25.03851
25.0497
25.06074
25.0718
25.08305
25.09408
25.10514
25.1163
25.12735
25.13861
25.14973
25.16075
25.17201
25.18299
25.19406
25.20523
25.21623
25.22734
25.23847
25.24951
25.2606
25.27179
25.28281
25.29391
25.30503
25.31639
25.32725
25.33833
25.34947
25.36055
25.37164
25.38288
25.39392
25.40499
25.41612
25.42717
25.43836
25.44951
25.46054
25.4717
25.48274
25.4939
25.50489
25.51609
25.52715
25.53828
25.5494
25.56051
25.57155
25.58265
25.59382
25.60485
25.61601
25.62713
25.63828
25.64939
25.66039
25.67167
25.68261
25.69378
25.70481
25.71592
25.72703
25.7382
25.74923
25.76039
25.77146
25.78268
25.79368
25.80476
25.81589
25.82699
25.83818
25.84917
25.86032
25.8714
25.8825
25.89372
25.90473
25.91583
25.92697
25.93834
25.94917
25.9603
25.97145
25.98259
25.99363
26.0047
26.01582
26.02687
26.03805
26.04917
26.06019
26.07129
26.08245
26.0939
26.10468
26.11584
26.12684
26.13798
26.14907
26.20457
26.21564
26.22684
26.23795
26.2491
26.26012
26.27124
26.28229
26.29344
26.3045
26.31597
26.32674
26.33783
26.34892
26.36007
26.37117
26.38223
26.3934
26.40457
26.41567
26.42673
26.43792
26.44888
26.46003
26.47113
26.4822
26.49337
26.50441
26.51556
26.52668
26.53785
26.54914
26.56005
26.57106
26.58216
26.59328
26.60433
26.61598
26.62664
26.63789
26.64912
26.6599
26.6711
26.68217
26.69322
26.70433
26.71549
26.7266
26.73767
26.74891
26.75993
26.77124
26.78209
26.79324
26.80424
26.81545
26.82652
26.8376
26.8488
26.85987
26.87102
26.88211
26.89318
26.90431
26.91536
26.92648
26.93754
26.9487
26.95976
26.97083
26.98203
26.99313
27.00416
27.01533
27.02653
27.03765
27.04859
27.05969
27.0708
27.08196
27.09308
27.10413
27.11526
27.12639
27.13786
27.14868
27.15973
27.17086
27.18201
27.19302
27.20409
27.21517
27.2263
27.23772
27.24851
27.25962
27.27073
27.28178
27.29296
27.30397
27.31511
27.32624
27.33828
27.34842
27.35952
27.37066
27.38176
27.39286
27.40409
27.4151
27.42618
27.43754
27.44843
27.45953
27.47064
27.48176
27.4929
27.5039
27.51506
27.52619
27.53753
27.54838
27.55943
27.57056
27.58169
27.59285
27.60384
27.61504
27.62626
27.63738
27.64846
27.65941
27.6705
27.68157
27.69277
27.7038
27.71496
27.72607
27.7374
27.74823
27.7594
27.77051
27.7816
27.79276
27.80384
27.81495
27.82601
27.83714
27.84822
27.8593
27.87046
27.88166
27.89306
27.90381
27.91492
27.92599
27.93837
27.94813
27.95935
27.9704
27.98158
27.99264
28.00366
28.01496
28.02586
28.037
28.0481
28.05926
28.07037
28.08138
28.09258
28.10368
28.11484
28.12582
28.13696
28.14806
28.15912
28.17025
28.18143
28.19257
28.20372
28.2148
28.22582
28.23693
28.24801
28.25929
28.27032
28.28134
28.29255
28.30402
28.3148
28.32598
28.33689
28.34801
28.35906
28.37022
28.38155
28.3924
28.4035
28.4146
28.42622
28.43683
28.44795
28.45906
28.47007
28.48125
28.49231
28.50341
28.51453
28.52571
28.53676
28.54787
28.55894
28.5701
28.58136
28.59229
28.60338
28.61454
28.62572
28.63677
28.64801
28.65899
28.67003
28.68107
28.69224
28.70341
28.71489
28.72554
28.73673
28.74786
28.75885
28.76996
28.78106
28.79216
28.80324
28.81436
28.82549
28.83659
28.84777
28.85884
28.86992
28.88107
28.89225
28.90332
28.91434
28.92553
28.93661
28.94765
28.95877
28.96989
28.98097
28.9921
29.00318
29.01424
29.02537
29.0365
29.04786
29.05873
29.06985
29.08101
29.09205
29.10312
29.11428
29.12538
29.13647
29.14775
29.15873
29.1698
29.18085
29.19229
29.20317
29.21427
29.22537
29.2365
29.24771
29.25875
29.26979
29.28081
29.29198
29.30305
29.31416
29.32529
29.33636
29.34743
29.35864
29.36976
29.38079
29.39187
29.40303
29.41405
29.42525
29.43637
29.4475
29.45855
29.46964
29.4807
29.49183
29.50294
29.51433
29.52523
29.53632
29.54742
29.5585
29.56955
29.58064
29.59175
29.60295
29.61414
29.62515
29.63621
29.64737
29.65857
29.66962
29.6806
29.69172
29.7028
29.71403
29.72515
29.73616
29.74727
29.75844
29.7695
29.78053
29.79176
29.80303
30.03602
30.04713
30.05852
30.06935
30.08041
30.09154
30.10267
30.11402
30.12513
30.13606
30.14718
30.15813
30.16929
30.18031
30.19143
30.20262
30.21371
30.22483
30.23594
30.24705
30.25817
30.26932
30.28044
30.29162
30.30256
30.31366
30.32481
30.33583
30.34693
30.35811
30.36914
30.38031
30.39137
30.40246
30.4136
30.42474
30.43582
30.44699
30.45803
30.4691
30.48019
30.49134
30.50245
30.51351
30.52462
30.5358
30.54701
30.55797
30.5691
30.5802
30.59128
30.60244
30.61348
30.6246
30.6357
30.64689
30.65797
30.66912
30.68014
30.69127
30.70231
30.71349
30.72456
30.73571
30.74693
30.75808
30.76895
30.7801
30.79122
30.80225
30.81341
30.8245
30.83564
30.84668
30.85786
30.86897
30.88002
30.89112
30.90232
30.91352
30.92448
30.93557
30.9467
30.95779
30.96888
30.97999
30.99111
31.00216
31.01331
31.02438
31.03551
31.04661
31.05775
31.06892
31.07994
31.09109
31.10223
31.11321
31.1243
31.13545
31.14665
31.15769
31.16882
31.17988
31.19136
31.2022
31.21338
31.22452
31.23541
31.24659
31.25772
31.26873
31.27984
31.291
31.30203
31.31367
31.32433
31.3355
31.34657
31.35762
31.36876
31.37987
31.39097
31.40197
31.41309
31.42422
31.43532
31.44648
31.45753
31.46859
31.47975
31.49096
31.50196
31.51306
31.52419
31.53542
31.5468
31.55747
31.56858
31.57967
31.59086
31.6019
31.61305
31.62413
31.6352
31.65849
31.66722
31.6743
31.68105
31.68799
31.69676
31.70786
31.71897
31.73004
31.74114
31.75229
31.76336
31.77455
31.7974
