1
0.9998
0.9382245
0.8970972
0.888052
0.8841848
0.8790415
0.8735107
0.868229
0.8627391
0.8570786
0.85127
0.8454438
0.8394586
0.8333186
0.8271283
0.8205696
0.8102304
0.8060654
0.8013824
0.7947003
0.7879454
0.7810394
0.774004
0.7669056
0.7598071
0.7525117
0.7451318
0.7377253
0.7301857
0.7221766
0.7092113
0.7042921
0.6991107
0.6911555
0.6830886
0.674831
0.6666441
0.6583261
0.6499846
0.6414797
0.632863
0.6242764
0.6155237
0.6063778
0.592513
0.5867212
0.5799141
0.5707897
0.5617233
0.5524636
0.5431588
0.5338594
0.5244381
0.5149255
0.5053842
0.4957633
0.4860537
0.4759204
0.4604789
0.4542081
0.4468604
0.4369004
0.426865
0.4167577
0.4066824
0.3964093
0.3859821
0.3755753
0.3653103
0.3549505
0.3446033
0.3336635
0.3173499
0.3099995
0.302556
0.2918965
0.2812289
0.2705511
0.2597886
0.2489958
0.2383352
0.2275264
0.216797
0.2059105
0.1950494
0.1835623
0.1663432
0.1591809
0.1510763
0.1403835
0.1293927
0.1184056
0.1073314
0.09627032
0.08490457
0.07413454
0.06308365
0.0519549
0.04077777
0.02934233
0.01114579
0.004469813
-0.00352136
-0.01441016
-0.02571208
-0.03655315
-0.04762485
-0.05873664
-0.06981463
-0.08093238
-0.09194333
-0.1029554
-0.1141199
-0.125566
-0.1427116
-0.1494778
-0.1580327
-0.1689996
-0.1799245
-0.1908103
-0.2017374
-0.2126963
-0.2235401
-0.234298
-0.2450482
-0.2557857
-0.2664873
-0.2776413
-0.2947316
-0.301993
-0.3090494
-0.3196064
-0.3301172
-0.3405481
-0.3510385
-0.3613701
-0.3717868
-0.3820622
-0.3923038
-0.4025546
-0.4126242
-0.4231358
-0.4396048
-0.4461124
-0.4525997
-0.4624494
-0.4722406
-0.4820178
-0.4919552
-0.5013946
-0.5109441
-0.5204939
-0.5299276
-0.5392947
-0.5486429
-0.5582809
-0.5728281
-0.5790712
-0.5853068
-0.5941686
-0.6030756
-0.6118777
-0.6206095
-0.6292749
-0.6379009
-0.6465153
-0.6549817
-0.6631951
-0.6714845
-0.6800311
-0.6930754
-0.6983158
-0.7037441
-0.7116056
-0.7193447
-0.7271134
-0.7345939
-0.7420517
-0.7494372
-0.7567675
-0.7639949
-0.7711094
-0.7781389
-0.7853707
-0.7966188
-0.8007576
-0.8052298
-0.8117953
-0.818244
-0.8245374
-0.830808
-0.8369327
-0.842925
-0.8490173
-0.8547673
-0.8604363
-0.8659957
-0.871729
-0.8805827
-0.8837799
-0.8873802
-0.8924118
-0.8975309
-0.902215
-0.9069643
-0.9115946
-0.9160966
-0.9204712
-0.9247622
-0.928921
-0.932996
-0.937312
-0.9430401
-0.9452922
-0.9480368
-0.9516094
-0.9548799
-0.9581426
-0.9612423
-0.9642416
-0.9671913
-0.9699014
-0.9725307
-0.9750785
-0.9774792
-0.9798596
-0.9832131
-0.9845149
-0.9858819
-0.9877337
-0.9893609
-0.9909056
-0.99234
-0.9936861
-0.9948806
-0.995935
-0.9968731
-0.9976886
-0.9983819
-0.9989759
-0.9996176
-0.9997901
-0.9999216
-0.999999
-0.9999524
-0.9997829
-0.9994907
-0.9990729
-0.9985343
-0.9978724
-0.9970883
-0.9961785
-0.9951274
-0.9939384
-0.9918145
-0.9909281
-0.9898192
-0.9881933
-0.9864333
-0.9845567
-0.9825572
-0.9804133
-0.9781822
-0.9758127
-0.9733007
-0.970665
-0.9679521
-0.9649808
-0.9600011
-0.9580397
-0.9558787
-0.9525327
-0.9491196
-0.9455355
-0.9418899
-0.9380613
-0.9341514
-0.930174
-0.926035
-0.9217592
-0.917438
-0.9127539
-0.9050528
-0.9018279
-0.8985689
-0.8938986
-0.8888862
-0.8837464
-0.8785164
-0.8731543
-0.8676971
-0.8621156
-0.8564221
-0.8506465
-0.8447442
-0.8384776
-0.8287509
-0.8246901
-0.8201221
-0.8137381
-0.8072209
-0.8006318
-0.7938954
-0.7870682
-0.780248
-0.7732239
-0.7661278
-0.7589458
-0.7516652
-0.7439933
-0.7320169
-0.7274373
-0.7216386
-0.7138087
-0.7061201
-0.6981907
-0.6900864
-0.6819859
-0.6738559
-0.6656132
-0.6572562
-0.6488712
-0.640309
-0.6314155
-0.6150105
-0.6095144
-0.6039714
-0.5968131
-0.5879355
-0.5788659
-0.5696861
-0.560646
-0.5513846
-0.5420187
-0.5327863
-0.5233433
-0.513785
-0.5038186
-0.4885736
-0.4823567
-0.4752422
-0.4654435
-0.4555904
-0.4456773
-0.4356157
-0.4256595
-0.4155231
-0.4054207
-0.3952624
-0.3850977
-0.3748398
-0.3640374
-0.3471423
-0.3401455
-0.3332633
-0.3228003
-0.3122225
-0.3016772
-0.2910401
-0.2803697
-0.2697168
-0.2589503
-0.2481024
-0.2375023
-0.2267182
-0.215355
-0.198356
-0.191144
-0.1831951
-0.1722504
-0.1613523
-0.1504174
-0.1393654
-0.1282951
-0.1173229
-0.1063041
-0.09525663
-0.08423158
-0.07316149
-0.06160075
-0.04425176
-0.03664149
-0.02877505
-0.01755861
-0.006588399
0.00454044
0.01592761
0.0272517
0.0383288
0.04935025
0.06071313
0.07152216
0.08267826
0.09429635
0.1133902
0.120506
0.1274349
0.137373
0.148432
0.159351
0.1702684
0.1812104
0.1921212
0.2030409
0.2138432
0.2246766
0.2354999
0.246807
0.2640594
0.2709591
0.2784834
0.2890916
0.2997449
0.3103111
0.3208139
0.3312705
0.3417494
0.3521762
0.3625443
0.3731031
0.3832201
0.3938191
0.4098398
0.4165148
0.4238568
0.4338392
0.443811
0.4537064
0.4637089
0.4734686
0.4831447
0.4928539
0.5025494
0.5121011
0.521641
0.5315008
0.5462897
0.5524765
0.5590541
0.5682843
0.5773559
0.586514
0.5954503
0.6043597
0.6131318
0.6218562
0.6305439
0.6391216
0.6476048
0.656406
0.6698993
0.675073
0.6806144
0.6887363
0.6969106
0.7047915
0.7125859
0.7202761
0.7278597
0.735482
0.7429397
0.7502825
0.757618
0.7651818
0.7766985
0.7809357
0.7858309
0.7926565
0.7993687
0.806019
0.8125358
0.8189998
0.8252655
0.8315435
0.83763
0.8436164
0.84953
0.8556107
0.8647259
0.8683665
0.8721136
0.8775161
0.882787
0.8879557
0.8930003
0.8979277
0.9027584
0.9075231
0.912106
0.9165913
0.9209988
0.925463
0.931919
0.9345006
0.9374145
0.9411867
0.9448858
0.948464
0.951924
0.9552615
0.9585021
0.9615967
0.9645877
0.9674684
0.9702006
0.9729578
0.9769344
0.9784818
0.9799996
0.9821604
0.9841935
0.9861073
0.9878758
0.9895461
0.9910875
0.9925089
0.9938022
0.9949739
0.996026
0.9969893
0.998219
0.9986088
0.9989945
0.9994324
0.9997451
0.9999338
0.9999999
0.999942
0.9997624
0.9994565
0.9990331
0.9984655
0.9978063
0.9969577
0.995388
0.994679
0.9938747
0.9925983
0.9911799
0.9896495
0.9880025
0.9861952
0.9843293
0.9823084
0.9801477
0.9779047
0.975515
0.9729012
0.9685225
0.9665509
0.9647455
0.9617804
0.9587147
0.9555017
0.9521087
0.948687
0.9451232
0.9414507
0.9376504
0.9337384
0.9296908
0.9252862
0.9183238
0.9154384
0.9124438
0.9078122
0.9031255
0.8982924
0.8932866
0.8883331
0.8831511
0.8778363
0.8725145
0.8670188
0.8614503
0.8555155
0.8459496
0.8423313
0.8380026
0.8318973
0.8257196
0.8193842
0.8129992
0.806495
0.7998627
0.793154
0.786324
0.7794029
0.7724034
0.7650025
0.7531204
0.7485648
0.7434177
0.735983
0.7283321
0.720746
0.7130265
0.7051985
0.697285
0.6890734
0.6811503
0.6729846
0.6647735
0.6560158
0.6422651
0.6367337
0.6309004
0.6222483
0.6135176
0.6047283
0.595846
0.5869026
0.5778306
0.5687807
0.559625
0.5503973
0.5410575
0.5312634
0.5164891
0.5102799
0.5031706
0.4935218
0.4837893
0.4741125
0.4642839
0.4543965
0.4445357
0.434488
0.4244377
0.4144239
0.4042771
0.3936079
0.3772104
0.3710155
0.3633055
0.3528706
0.3424871
0.3319751
0.3213888
0.3109281
0.3003072
0.2894359
0.2788929
0.2678049
0.2571325
0.2463099
0.2281476
0.2212653
0.21461
0.2037964
0.1928822
0.1819538
0.1710414
0.1600972
0.1491432
0.1380953
0.12713
0.1161192
0.1050112
0.0935165
0.07551973
0.06852131
0.06078561
0.04963708
0.03855145
0.02750969
0.01642263
0.005285378
-0.00588066
-0.01690436
-0.02805471
-0.03910389
-0.05023687
-0.06181527
-0.07908503
-0.08618128
-0.09450649
-0.1055482
-0.116558
-0.1276466
-0.1386216
-0.1496729
-0.1606552
-0.1715546
-0.1825147
-0.1935111
-0.2043741
-0.2157213
-0.2327094
-0.2393503
-0.2475595
-0.258302
-0.2689852
-0.2797031
-0.2906262
-0.3014989
-0.3117797
-0.3223448
-0.3328455
-0.3432622
-0.3536947
-0.364524
-0.3807967
-0.3875746
-0.3948838
-0.4050605
-0.4151759
-0.4252576
-0.4352791
-0.4452751
-0.455164
-0.465009
-0.4748455
-0.4845722
-0.4942384
-0.5046511
-0.5204232
-0.5268101
-0.532705
-0.5414598
-0.5507534
-0.5600471
-0.56922
-0.5782898
-0.5872903
-0.5962356
-0.6051682
-0.6139349
-0.6227332
-0.6317152
-0.6454198
-0.6509788
-0.6567872
-0.6652341
-0.6734072
-0.6815783
-0.6896736
-0.697646
-0.7056127
-0.7135105
-0.7213082
-0.728766
-0.7363662
-0.74412
-0.7573894
-0.763409
-0.7685026
-0.7742009
-0.7798163
-0.7867532
-0.7934667
-0.8002161
-0.8067834
-0.8133002
-0.8197149
-0.8260762
-0.8323752
-0.838811
-0.8486819
-0.8541012
-0.8574777
-0.861692
-0.8673286
-0.8728166
-0.8781297
-0.8834186
-0.8888944
-0.8936136
-0.8985254
-0.9034772
-0.9080514
-0.9129119
-0.922707
-0.9258542
-0.929922
-0.9339365
-0.9378305
-0.9416195
-0.9452892
-0.9488701
-0.95232
-0.9556308
-0.9588436
-0.9619853
-0.9650607
-0.9694895
-0.9712296
-0.9731406
-0.9756673
-0.9780379
-0.9802622
-0.9823989
-0.9844057
-0.9863044
-0.9881083
-0.9898022
-0.9913207
-0.9927208
-0.9940487
-0.9958423
-0.9964699
-0.9970502
-0.9978507
-0.9985372
-0.9990662
-0.9994818
-0.9997776
-0.99995
-0.9999996
-0.9999241
-0.9997268
-0.9994079
-0.9989387
-0.99791
-0.9974374
-0.9968954
-0.9959741
-0.9949206
-0.9937439
-0.9924341
-0.9909691
-0.9894501
-0.9877694
-0.986005
-0.9840852
-0.9820632
-0.9798102
-0.9760756
-0.9744771
-0.9726927
-0.9700584
-0.9673005
-0.9644504
-0.9614244
-0.9583368
-0.9550866
-0.9517785
-0.9483038
-0.9447259
-0.9410315
-0.9369447
-0.9306232
-0.9280158
-0.925055
-0.920782
-0.9164109
-0.9119221
-0.9072958
-0.9025623
-0.8977214
-0.8927644
-0.887596
-0.8825285
-0.8772573
-0.8716486
-0.8630255
-0.8594356
-0.855063
-0.8492891
-0.8433663
-0.8372087
-0.8312016
-0.8249981
-0.818691
-0.8121911
-0.8057176
-0.799096
-0.7923592
-0.7852379
-0.7742438
-0.769679
-0.7644662
-0.7572761
-0.7499267
-0.7423647
-0.7348468
-0.7272413
-0.7195819
-0.7117529
-0.7040072
-0.6960543
-0.6880995
-0.6796009
-0.6658107
-0.6602343
-0.6553931
-0.6470093
-0.6384284
-0.6298763
-0.6212262
-0.6125495
-0.603641
-0.5948336
-0.5858482
-0.5767965
-0.567686
-0.5578535
-0.5430728
-0.536979
-0.5305806
-0.5211086
-0.511604
-0.5021105
-0.4924242
-0.4827141
-0.4728467
-0.4631463
-0.4532592
-0.443239
-0.4334055
-0.4229101
-0.4068646
-0.4001177
-0.3928264
-0.3825191
-0.3721808
-0.3618139
-0.3515136
-0.3412379
-0.3308312
-0.3203146
-0.3095008
-0.2991665
-0.2885057
-0.277207
-0.2596063
-0.2521489
-0.2453801
-0.2349338
-0.2239306
-0.2132351
-0.2024776
-0.1916142
-0.180715
-0.1697711
-0.1588297
-0.1478565
-0.1368821
-0.1253184
-0.1083051
-0.1015553
-0.09269957
-0.08164968
-0.0706078
-0.05950206
-0.04841561
-0.03735656
-0.02617471
-0.01510496
-0.004021924
0.007048259
0.01837503
0.02983384
0.04884654
0.05585784
0.06284831
0.07362726
0.08470073
0.09583306
0.1068197
0.1178776
0.1288973
0.1398793
0.1508546
0.1619082
0.1728579
0.1842307
0.2021632
0.2094277
0.2164125
0.2272181
0.237968
0.2488255
0.2599106
0.2702381
0.2809474
0.291579
0.3021265
0.3127413
0.3232658
0.3341962
0.3507773
0.3577086
0.3649736
0.3752488
0.3854975
0.3957128
0.4059587
0.4160359
0.426095
0.4361352
0.4460881
0.4560184
0.4659226
0.4760892
0.4914356
0.497505
0.5047024
0.5142437
0.5237534
0.5331661
0.542695
0.5520171
0.5613133
0.5705305
0.5795195
0.5885419
0.5974311
0.6067168
0.6206883
0.6262975
0.6324884
0.6410249
0.6494988
0.6579983
0.6662698
0.6745114
0.6827703
0.690891
0.6987966
0.7066596
0.714509
0.7225141
0.7350669
0.7397845
0.7446074
0.751978
0.7592416
0.7664804
0.7735754
0.7805318
0.7873988
0.7942365
0.8009261
0.8075155
0.8140411
0.8207227
0.8306929
0.8347172
0.8390707
0.8450151
0.8509005
0.8566868
0.8623509
0.8679324
0.8733668
0.8787524
0.8839909
0.8891291
0.8942114
0.8993248
0.906784
0.9098107
0.9132274
0.9176494
0.9220063
0.9262384
0.9303921
0.9344619
0.9384069
0.942171
0.9458098
0.9494163
0.9530686
0.9562507
0.9613156
0.963214
0.9653045
0.9681532
0.9708807
0.9734775
0.9759582
0.9782991
0.9805398
0.9826698
0.9846671
0.9865487
0.9882936
0.989994
0.9923803
0.9931945
0.9940813
0.9952222
0.9962481
0.9971489
0.9979226
0.9985766
0.9991069
0.9995152
0.9998003
0.9999603
0.9999976
0.9999022
0.9994838
0.9992344
0.9989117
0.9983369
0.9976361
0.9968054
0.9958581
0.9947882
0.9935923
0.9922814
0.9908347
0.9892771
0.9876019
0.9857107
0.9827066
0.981253
0.9796612
0.9773611
0.9749314
0.9723783
0.9697405
0.9669915
0.9640778
0.9610868
0.957888
0.9546245
0.9513292
0.9477195
0.9416643
0.9392661
0.9367474
0.9326978
0.9287034
0.9245545
0.9202546
0.9157725
0.911244
0.9066277
0.9018939
0.8971318
0.8920361
0.8867108
0.8780173
0.8745835
0.8710799
0.8657156
0.8601183
0.8543801
0.8485869
0.8426756
0.8366532
0.8304833
0.8242945
0.8179448
0.8114988
0.8046746
0.7930636
0.7888957
0.7845989
0.7777815
0.770759
0.7636686
0.7564119
0.7491032
0.7417572
0.7342227
0.7266431
0.7189761
0.711236
0.7030215
0.6904498
0.6850866
0.6793333
0.6711116
0.6628066
0.6544956
0.6460465
0.6375204
0.6288948
0.6202659
0.611479
0.6026906
0.592829
0.5844056
0.569342
0.5637207
0.557489
0.5482304
0.5389017
0.5295243
0.5200571
0.5104921
0.5009238
0.491293
0.4815491
0.4718882
0.4620384
0.4516983
0.4357646
0.4293675
0.4220852
0.4120854
0.4019302
0.3917111
0.3815088
0.3712075
0.3608817
0.3505069
0.3400163
0.3296319
0.3190763
0.3079013
0.2901367
0.2827713
0.2758815
0.266025
0.2553385
0.2445328
0.2337014
0.2228929
0.2121203
0.201292
0.1904016
0.1794736
0.1683975
0.157058
0.1398598
0.1323193
0.1245687
0.1135669
0.1025406
0.09141726
0.08035757
0.06933934
0.05818699
0.0470026
0.03603438
0.02490641
0.01375342
0.002185784
-0.01603729
-0.02321897
-0.03058914
-0.04166735
-0.05288615
-0.06386797
-0.07494857
-0.08598002
-0.0970389
-0.1080962
-0.1191838
-0.130143
-0.141244
-0.1527138
-0.1709323
-0.1778138
-0.1850136
-0.1961019
-0.2068843
-0.217664
-0.2287106
-0.2392741
-0.2500015
-0.2610536
-0.2715493
-0.2823615
-0.2927787
-0.3038264
-0.3210036
-0.3273864
-0.3349299
-0.345426
-0.3557569
-0.3661714
-0.3765023
-0.3867003
-0.396896
-0.40713
-0.4172187
-0.427295
-0.4373477
-0.4477972
-0.4656309
-0.4726347
-0.4784754
-0.486542
-0.4962407
-0.5058261
-0.5153927
-0.5249328
-0.5342737
-0.5436986
-0.5529363
-0.5621388
-0.571277
-0.5807696
-0.5950181
-0.6010594
-0.6071863
-0.616047
-0.624692
-0.6333172
-0.6418198
-0.6503362
-0.6587006
-0.6670718
-0.6754047
-0.6834969
-0.6915811
-0.6999011
-0.7126397
-0.71778
-0.7228834
-0.7305012
-0.7380511
-0.7455128
-0.752842
-0.7601417
-0.7673601
-0.7743697
-0.7813499
-0.78826
-0.79499
-0.8020197
-0.8124596
-0.8161501
-0.8211455
-0.8274944
-0.833654
-0.8397053
-0.8457346
-0.8515898
-0.8573794
-0.8630071
-0.8685647
-0.8740095
-0.8793818
-0.8848221
-0.8928854
-0.8961722
-0.8996142
-0.9044135
-0.9091122
-0.9136847
-0.9181759
-0.9225255
-0.926752
-0.9308717
-0.934876
-0.9387572
-0.9425543
-0.946333
-0.951775
-0.9539655
-0.9564464
-0.9596244
-0.9626856
-0.9656615
-0.9684711
-0.971185
-0.9737648
-0.9762362
-0.9785889
-0.9808165
-0.9829147
-0.9849809
-0.9882515
-0.9893591
-0.9903433
-0.9915872
-0.9929677
-0.9942166
-0.9953664
-0.996365
-0.9972414
-0.9980044
-0.9986469
-0.9991611
-0.9995539
-0.9998347
-0.9999998
-0.9999778
-0.9998931
-0.9996707
-0.9993223
-0.998854
-0.9982597
-0.9975455
-0.9966977
-0.9957421
-0.9946355
-0.993452
-0.9921234
-0.9905985
-0.9879904
-0.9868584
-0.9855852
-0.9836086
-0.9815835
-0.9793017
-0.9770594
-0.9746558
-0.972112
-0.9694474
-0.9666716
-0.9637759
-0.9607342
-0.9574462
-0.9519494
-0.9498735
-0.947493
-0.9438635
-0.9401515
-0.9363029
-0.9323606
-0.9282538
-0.9241013
-0.9196915
-0.9153163
-0.910835
-0.9061485
-0.9012199
-0.8932328
-0.8900725
-0.8865311
-0.8813199
-0.8757682
-0.8706129
-0.8651249
-0.8594894
-0.8537316
-0.8479393
-0.8419646
-0.8358597
-0.8298062
-0.823096
-0.8126701
-0.8084319
-0.8042048
-0.7975323
-0.7908028
-0.7839515
-0.7769793
-0.7699348
-0.7626312
-0.7555777
-0.7482824
-0.7408878
-0.7333893
-0.7254422
-0.7130622
-0.7078569
-0.7024581
-0.6942577
-0.6863587
-0.6783597
-0.6701465
-0.6618661
-0.6534997
-0.6450921
-0.6365263
-0.6279435
-0.6189632
-0.6100508
-0.5961301
-0.5893511
-0.5837482
-0.5747258
-0.5656189
-0.5564409
-0.5471402
-0.5375254
-0.5281998
-0.5188997
-0.5093097
-0.4998195
-0.4901676
-0.4800118
-0.4640042
-0.4577209
-0.4507014
-0.4409459
-0.4309728
-0.4209538
-0.4107787
-0.4007882
-0.3906128
-0.3803066
-0.3700291
-0.3595994
-0.3492478
-0.3383653
-0.3216462
-0.3143659
-0.307263
-0.2967425
-0.286067
-0.2754494
-0.2647999
-0.2540258
-0.2433015
-0.2325436
-0.2216029
-0.2109083
-0.1999603
-0.1886165
-0.1708446
-0.163695
-0.1563089
-0.1452899
-0.1343095
-0.1232899
-0.1123176
-0.1012482
-0.09014524
-0.07909954
-0.06798134
-0.05683564
-0.04586767
-0.03424797
-0.01588623
-0.009201512
-0.001410122
0.009753434
0.02075559
0.03186199
0.04298543
0.05402164
0.06516164
0.07622506
0.08733042
0.09836039
0.1093954
0.1209091
0.1389224
0.1461869
0.1534058
0.1643825
0.1753444
0.1862303
0.1972617
0.2080536
0.2188389
0.2296866
0.2408075
0.2512786
0.262129
0.2731628
0.2899272
0.2969854
0.3045544
0.3151342
0.3258877
0.3362347
0.4484207
0.4583387
0.4681174
0.4779229
0.4877824
0.4973269
0.5069759
0.5164558
0.5259733
0.5353352
0.544763
0.5544018
0.5689102
0.5750338
0.5814684
0.5904944
0.5993983
0.6081802
0.6169993
0.6256465
0.6342837
0.642863
0.6513494
0.6597694
0.6680576
0.6766754
0.6900719
0.6950485
0.7004114
0.7082682
0.7160862
0.7238114
0.7313729
0.7389238
0.746345
0.7537874
0.7609574
0.7681394
0.7751911
0.7824588
0.7935562
0.7977812
0.8024685
0.8090808
0.8155679
0.8218879
0.828181
0.8343987
0.8404117
0.846385
0.8522586
0.8579856
0.8636733
0.8694642
0.8782283
0.8818208
0.8851686
0.8903005
0.8954551
0.9002484
0.9049894
0.9096633
0.9142247
0.9186348
0.9229729
0.9271833
0.9312873
0.9354585
0.9415373
0.9436954
0.9465486
0.9500954
0.9534807
0.9567877
0.9599411
0.9629934
0.965925
0.968784
0.9714391
0.9740214
0.97649
0.9789288
0.9824907
0.9838153
0.9850891
0.986929
0.9886609
0.9902666
0.9917591
0.9931336
0.9943576
0.9954759
0.9964651
0.9973359
0.9980856
0.9987364
0.999449
0.9996635
0.9998488
0.9999797
0.9999884
0.9998743
0.9996368
0.9992759
0.9987927
0.9981844
0.997449
0.9965989
0.9956187
0.9944696
0.9925007
0.9916468
0.9904873
0.9889072
0.9871877
0.9853538
0.9833912
0.9812361
0.9790074
0.9766837
0.9742395
0.9716784
0.9689874
0.9660695
0.9612727
0.9592881
0.957249
0.9539722
0.9505661
0.9470764
0.9434472
0.9396946
0.9358556
0.9318524
0.9277958
0.9236007
0.9192884
0.914647
0.9070269
0.9039732
0.9008984
0.8960156
0.891022
0.8859411
0.8807074
0.8754285
0.869948
0.864472
0.8588505
0.8530688
0.8472462
0.8410128
0.8312196
0.8272808
0.8227724
0.8164422
0.8099765
0.8032757
0.7967576
0.7900005
0.7831519
0.7761397
0.7691179
0.7620267
0.7547441
0.7471176
0.7351558
0.7303222
0.7248805
0.7171491
0.7094131
0.7015376
0.6935549
0.6854389
0.6773815
0.6692163
0.6608708
0.6525309
0.6440908
0.6351356
0.621286
0.6154069
0.6095011
0.6005701
0.5914868
0.5826765
0.5736488
0.5644754
0.5552586
0.5460259
0.5367328
0.5272688
0.5178025
0.5078601
0.492376
0.486083
0.4793178
0.4694012
0.4596892
0.4497755
0.4398231
0.4298784
0.4198554
0.4097026
0.3995652
0.3893383
0.3791091
0.3683457
0.3513761
0.3451093
0.3375545
0.3270919
0.3166451
0.3061036
0.2953348
0.2847862
0.2741369
0.2635349
0.2528087
0.2420217
0.2311843
0.2199292
0.202472
0.1948526
0.1878079
0.1769214
0.1660378
0.155017
0.1440506
0.1330531
0.1219371
0.1109592
0.09991092
0.08884457
0.07779006
0.06616645
0.04815459
0.04080905
0.0335471
0.02240688
0.01127532
0.0001423637
-0.01102875
-0.02204594
-0.03311002
-0.04422721
-0.05535225
-0.06647042
-0.07750429
-0.08905112
-0.1068615
-0.1135041
-0.1216223
-0.132684
-0.1437027
-0.1547715
-0.1656761
-0.1766262
-0.187575
-0.1985006
-0.2093755
-0.2201315
-0.2309722
-0.242221
-0.2593442
-0.2656993
-0.2739255
-0.2846101
-0.2953033
-0.3058234
-0.3164004
-0.326931
-0.337396
-0.347891
-0.3583515
-0.3686041
-0.3788826
-0.3896154
-0.4064789
-0.4126005
-0.4195658
-0.4296213
-0.4396222
-0.4495279
-0.4594837
-0.4692643
-0.4791483
-0.4888121
-0.4984214
-0.5080535
-0.5175393
-0.5274563
-0.5433253
-0.5498387
-0.5554564
-0.5643001
-0.5736578
-0.5824683
-0.5914401
-0.6003653
-0.6092451
-0.617959
-0.6266751
-0.6352442
-0.6438993
-0.6527068
-0.6674652
-0.6728503
-0.677764
-0.6853191
-0.6933196
-0.7012966
-0.709164
-0.7169746
-0.7246343
-0.732294
-0.7397878
-0.7472237
-0.7545798
-0.7621301
-0.7734491
-0.7776178
-0.7830199
-0.789827
-0.7965567
-0.8032675
-0.8097804
-0.8162689
-0.822669
-0.8288748
-0.8350621
-0.8414642
-0.847096
-0.8532018
-0.8625527
-0.8661886
-0.8698405
-0.8752604
-0.8805617
-0.8858029
-0.8910452
-0.8959121
-0.9007839
-0.9055182
-0.910167
-0.9147269
-0.9191477
-0.9236795
-0.930896
-0.9334979
-0.9360421
-0.9395815
-0.9433426
-0.9469936
-0.9504675
-0.9538662
-0.9571351
-0.9602998
-0.9633441
-0.9663108
-0.9691393
-0.9719131
-0.9760649
-0.9775819
-0.9790838
-0.9813139
-0.983355
-0.9853273
-0.9871804
-0.9888541
-0.9905068
-0.991928
-0.9932753
-0.9944997
-0.9956056
-0.9966202
-0.9980742
-0.99849
-0.9988564
-0.9992617
-0.9996274
-0.9998694
-0.999987
-0.9999821
-0.9998537
-0.9995997
-0.9992252
-0.998729
-0.9981053
-0.9973206
-0.9958162
-0.9951289
-0.9943904
-0.9931535
-0.991799
-0.9902815
-0.988703
-0.9869709
-0.9851273
-0.9831484
-0.9810708
-0.9788517
-0.9764979
-0.9739649
-0.9695964
-0.9678788
-0.9660189
-0.9630861
-0.9600225
-0.9568705
-0.9535901
-0.950177
-0.9466411
-0.9430039
-0.9392642
-0.9353899
-0.9314118
-0.9271306
-0.920249
-0.9174029
-0.9143293
-0.9097736
-0.9051178
-0.9003491
-0.8954605
-0.8904197
-0.8853338
-0.8800818
-0.8747014
-0.8693165
-0.8638216
-0.8578791
-0.848551
-0.8446724
-0.8406084
-0.8344967
-0.8283865
-0.8220425
-0.8155969
-0.809257
-0.8025599
-0.7959886
-0.7890387
-0.7823499
-0.7753096
-0.7679663
-0.7563376
-0.7516053
-0.7465434
-0.739108
-0.7316099
-0.7240013
-0.7163089
-0.7085217
-0.7006159
-0.6926714
-0.6846057
-0.6764427
-0.6682141
-0.6595777
-0.6468068
-0.6416032
-0.6345466
-0.6259637
-0.6172504
-0.6084455
-0.5996155
-0.5905933
-0.5816752
-0.5726303
-0.5634962
-0.5542736
-0.5450561
-0.5352471
-0.5199977
-0.5139142
-0.5071902
-0.4976285
-0.4878844
-0.4781126
-0.4684347
-0.4586172
-0.4487246
-0.4387459
-0.4287472
-0.4186611
-0.4085771
-0.3979478
-0.3818983
-0.3753065
-0.3676635
-0.3573
-0.3468673
-0.3364615
-0.325899
-0.3153464
-0.3048764
-0.2942455
-0.2836767
-0.2730313
-0.262308
-0.2510243
-0.2333425
-0.2266415
-0.2191874
-0.2083657
-0.1974847
-0.1865869
-0.1756942
-0.1647442
-0.1537475
-0.1427242
-0.1317512
-0.1207544
-0.1096594
-0.09819009
-0.08033092
-0.07358754
-0.06547812
-0.0543707
-0.04330228
-0.03210845
-0.02109937
-0.01003052
0.001154005
0.01222586
0.02333244
0.03444187
0.04556038
0.05713408
0.07513404
0.08191273
0.08983697
0.1009099
0.1119475
0.1229827
0.1340689
0.1449629
0.1559033
0.1670202
0.1779865
0.1889438
0.1996813
0.2111166
0.227966
0.2351765
0.2436395
0.254077
0.2645198
0.2753169
0.2858965
0.296538
0.3070937
0.3177004
0.3281685
0.3387094
0.3491758
0.3599406
0.3764731
0.3832853
0.3902857
0.4004539
0.4105974
0.4207093
0.4307761
0.4407366
0.4507179
0.4605874
0.4703985
0.4801502
0.4898645
0.4999644
0.5152946
0.5217871
0.5282172
0.5375989
0.5468987
0.5561361
0.5653951
0.5744615
0.5834844
0.5925449
0.6014214
0.6102272
0.6190107
0.6280604
0.6426765
0.6483287
0.6537115
0.6616626
0.6699464
0.6781603
0.6862113
0.6942697
0.7022487
0.7100532
0.7178458
0.7255534
0.7331529
0.7409758
0.7526386
0.7574247
0.7626913
0.7697616
0.776806
0.7837557
0.7905596
0.7973421
0.803972
0.8105884
0.8169929
0.823374
0.8296313
0.8360269
0.8458923
0.849591
0.8536041
0.8593614
0.865028
0.870483
0.8759152
0.8811727
0.8863825
0.8914592
0.8964441
0.9012908
0.9060716
0.9109221
0.9178858
0.920886
0.923999
0.9281429
0.9322203
0.9361721
0.9400265
0.94384
0.9473763
0.9508703
0.9542483
0.9575104
0.9606544
0.9638168
0.9684242
0.9701937
0.9721124
0.9746036
0.9770144
0.9793286
0.9815297
0.9835777
0.9855348
0.9873487
0.9890511
0.9906322
0.9920782
0.9934739
0.9953512
0.9959945
0.9966785
0.9975211
0.9982419
0.9988405
0.9993115
0.9996618
0.9998888
0.999993
0.9999729
0.9998298
0.9995632
0.9991521
0.9982901
0.9978683
0.9972634
0.9963804
0.9953542
0.9942382
0.9930037
0.9916261
0.9901197
0.9885004
0.9867682
0.9848931
0.9829289
0.9806557
0.9768369
0.9751809
0.9737111
0.9712139
0.9684937
0.9656775
0.962742
0.9596894
0.9564268
0.953192
0.9497775
0.9462478
0.9426016
0.9386305
0.9321777
0.9296111
0.9268389
0.9225117
0.9182822
0.9138275
0.9092577
0.9045553
0.8997626
0.8946834
0.8898576
0.8847455
0.879382
0.8739129
0.8651583
0.8614001
0.8575068
0.851759
0.8458896
0.8398868
0.833828
0.8275065
0.821359
0.8149788
0.8084836
0.8018815
0.7952206
0.7881125
0.777373
0.7727679
0.7674986
0.7603192
0.7530821
0.7457247
0.7382354
0.730525
0.7230485
0.7153371
0.7074876
0.6996481
0.6916462
0.6832146
0.6700488
0.6646566
0.6589873
0.6506162
0.6420834
0.6335618
0.6249165
0.6161864
0.6074617
0.5985485
0.5896499
0.5806606
0.5715685
0.5619184
0.5469661
0.54082
0.5345111
0.5251159
0.5155778
0.5060939
0.4965268
0.4867907
0.4770541
0.4673075
0.4574818
0.4474941
0.4375857
0.4271256
0.4101021
0.4039155
0.3971696
0.3870192
0.3767704
0.3664505
0.3560586
0.3456797
0.3351649
0.3247128
0.3142174
0.3036688
0.292988
0.2819704
0.2649838
0.2582461
0.2503288
0.2395793
0.2288114
0.2179838
0.2071368
0.1962418
0.1853094
0.1743408
0.1633563
0.152474
0.1414674
0.1300027
0.1117168
0.1048604
0.09737069
0.08626939
0.07517259
0.06418828
0.0530743
0.04198804
0.03094617
0.01982616
0.008656008
-0.002423669
-0.01356217
-0.02521191
-0.04289017
-0.0499245
-0.05784943
-0.06894684
-0.08002622
-0.09113182
-0.1021654
-0.1131883
-0.1241991
-0.135225
-0.1462266
-0.1572402
-0.1681591
-0.1796016
-0.1984826
-0.2052749
-0.2120946
-0.222593
-0.2334699
-0.2442382
-0.2550668
-0.2656963
-0.2763484
-0.2870837
-0.2976538
-0.3082401
-0.3188408
-0.3297943
-0.3463533
-0.3530881
-0.360641
-0.3709068
-0.3812297
-0.391421
-0.4016537
-0.4117808
-0.4219352
-0.431956
-0.4420812
-0.4519003
-0.4617292
-0.4720164
-0.4880138
-0.4946422
-0.5007929
-0.5102949
-0.5197691
-0.5292139
-0.5385872
-0.5479197
-0.5571861
-0.5727784
-0.5865313
-0.5937698
-0.6030517
-0.6170249
-0.6227288
-0.6288299
-0.6374943
-0.6459959
-0.6554068
-0.6627926
-0.6710851
-0.6792343
-0.6873477
-0.6953446
-0.703289
-0.7111411
-0.7192713
-0.7316798
-0.7363185
-0.7415131
-0.7489152
-0.7562325
-0.7634614
-0.7705629
-0.7776337
-0.7846335
-0.7913866
-0.7981629
-0.8048056
-0.8113145
-0.818035
-0.8282472
-0.8322679
-0.836468
-0.8424935
-0.8484185
-0.854242
-0.8600032
-0.8656328
-0.8711101
-0.8764986
-0.8817974
-0.8869802
-0.8920372
-0.8972327
-0.9049894
-0.9079739
-0.9112481
-0.91577
-0.9202115
-0.9244496
-0.9286204
-0.9326901
-0.9366223
-0.9696942
-0.9723563
-0.9748859
-0.9772894
-0.9795777
-0.9817573
-0.9838146
-0.9857364
-0.9875669
-0.9893162
-0.9918973
-0.9927525
-0.9935644
-0.9947574
-0.9958304
-0.9967881
-0.9976124
-0.9983203
-0.9988972
-0.9993604
-0.9996952
-0.9999075
-0.9999969
-0.9999585
-0.9996389
-0.9994185
-0.9991201
-0.9985945
-0.9979409
-0.9971678
-0.9962754
-0.9952367
-0.994064
-0.9927969
-0.9914067
-0.9898992
-0.9877092
-0.9863542
-0.9829447
-0.9813946
-0.9799077
-0.978271
-0.9758226
-0.9343544
-0.9303244
-0.9261594
-0.921967
-0.9175749
-0.9131503
-0.9085788
-0.9038884
-0.8990943
-0.8939523
-0.8888673
-0.8803205
-0.8770791
-0.8735402
-0.8680889
-0.8625057
-0.8568066
-0.8507965
-0.8447465
-0.8390051
-0.8325701
-0.8265032
-0.8202383
-0.8140519
-0.8071877
-0.7960332
-0.7916977
-0.787095
-0.780457
-0.7737673
-0.7666706
-0.7594827
-0.7522147
-0.7448235
-0.7374093
-0.7298478
-0.721936
-0.7144506
-0.6983678
-0.683669
-0.6782971
-0.6732739
-0.6663726
-0.6580174
-0.6492033
-0.6411388
-0.632514
-0.6145902
