0
0.02
0.3533334
0.436534
0.4553919
0.4627337
0.4695342
0.4784984
0.4893855
0.5003387
0.5115144
0.5225421
0.5336285
0.544754
0.5558882
0.5670398
0.5782441
0.5893021
0.600306
0.6113538
0.6224769
0.6335505
0.6446496
0.6558672
0.6668749
0.6780428
0.6891186
0.700228
0.7113023
0.7224731
0.733833
0.7446947
0.7557591
0.7668375
0.7780012
0.7890618
0.8001668
0.8113189
0.8223698
0.8334798
0.8446233
0.8556862
0.8667526
0.877982
0.8890271
0.9002166
0.9112962
0.9223139
0.933454
0.9445881
0.9556243
0.9667757
0.977886
0.9889485
1.000062
1.011175
1.022307
1.033363
1.044468
1.055934
1.066944
1.077876
1.088933
1.100008
1.111133
1.122213
1.133341
1.149492
1.16065
1.17173
1.18309
1.194002
1.205141
1.216243
1.227244
1.238437
1.249433
1.260554
1.271709
1.283126
1.293857
1.304977
1.316105
1.327609
1.338297
1.349465
1.360694
1.371728
1.382725
1.393803
1.404874
1.416019
1.427157
1.438264
1.449319
1.460447
1.47157
1.482674
1.493753
1.504889
1.515983
1.527171
1.538229
1.549271
1.5604
1.571581
1.582637
1.593892
1.604961
1.61603
1.627076
1.638177
1.649317
1.660419
1.671502
1.682663
1.693709
1.704754
1.715886
1.727034
1.738103
1.749182
1.760308
1.771413
1.782522
1.793585
1.804796
1.815908
1.826987
1.838205
1.849156
1.86025
1.871373
1.882698
1.893696
1.904839
1.916701
1.926973
1.938142
1.950042
1.960226
1.971366
1.982597
1.993801
2.004723
2.016107
2.02695
2.038042
2.04926
2.060368
2.071438
2.082392
2.093465
2.1046
2.115659
2.126887
2.137872
2.149066
2.160182
2.1713
2.182372
2.193441
2.204517
2.215637
2.226725
2.237797
2.248996
2.260036
2.271189
2.282316
2.293377
2.304552
2.315577
2.326674
2.337768
2.348903
2.360063
2.371074
2.382313
2.393328
2.404421
2.415492
2.426588
2.437738
2.448854
2.460016
2.471081
2.482219
2.493353
2.504394
2.515512
2.526606
2.537678
2.548784
2.559902
2.57103
2.582121
2.593187
2.604349
2.615527
2.626612
2.63775
2.648782
2.659944
2.671007
2.682114
2.693189
2.704252
2.715395
2.726486
2.737634
2.748732
2.759818
2.770998
2.782073
2.79319
2.804224
2.815349
2.826482
2.837579
2.848736
2.85972
2.870905
2.882118
2.893109
2.904619
2.915275
2.926524
2.937508
2.948994
2.959674
2.970806
2.982029
2.993022
3.00411
3.015195
3.026441
3.037461
3.048522
3.059702
3.070877
3.082184
3.092928
3.104074
3.11515
3.126387
3.137419
3.148474
3.15963
3.170717
3.181986
3.192902
3.20399
3.215144
3.226272
3.237378
3.248409
3.259567
3.270657
3.282105
3.29292
3.304201
3.31509
3.32618
3.337301
3.348408
3.359576
3.37062
3.381794
3.3929
3.404001
3.415026
3.426235
3.437248
3.448345
3.459472
3.470585
3.481638
3.492808
3.503894
3.515052
3.526174
3.537193
3.548425
3.559406
3.57056
3.581595
3.592831
3.603921
3.614929
3.626034
3.63716
3.648412
3.659371
3.670486
3.681592
3.692778
3.704111
3.714986
3.726002
3.737145
3.748242
3.759367
3.770483
3.781535
3.792651
3.803746
3.814875
3.826001
3.837078
3.848211
3.859392
3.870401
3.881449
3.892602
3.90372
3.914795
3.925903
3.936988
3.948048
3.959277
3.970331
3.981414
3.992561
4.003661
4.014841
4.025845
4.036976
4.04809
4.059271
4.070301
4.081334
4.092532
4.103591
4.114697
4.125796
4.136928
4.148014
4.159203
4.170249
4.181335
4.192423
4.203502
4.214609
4.225777
4.236984
4.247962
4.259132
4.27058
4.281374
4.292387
4.303487
4.314612
4.325807
4.336812
4.347891
4.359016
4.370431
4.381269
4.392367
4.403479
4.414512
4.42565
4.436742
4.44783
4.458936
4.470177
4.481245
4.492261
4.503406
4.514459
4.525592
4.536723
4.547777
4.55889
4.570104
4.581054
4.592499
4.603353
4.614419
4.625561
4.636702
4.647753
4.658878
4.66995
4.68127
4.692214
4.703291
4.714437
4.725621
4.736675
4.747804
4.759063
4.769936
4.781052
4.792328
4.803349
4.814302
4.825443
4.836559
4.847689
4.858816
4.86987
4.881103
4.892089
4.903224
4.914238
4.925393
4.936561
4.947693
4.95878
4.969893
4.980928
4.992007
5.003124
5.014245
5.025314
5.036468
5.047617
5.058734
5.069818
5.080839
5.092065
5.103266
5.114196
5.125571
5.136369
5.147475
5.158651
5.1697
5.18082
5.191961
5.203063
5.214143
5.225235
5.236357
5.247436
5.258621
5.269721
5.280807
5.291911
5.302971
5.314111
5.325208
5.336325
5.347437
5.358486
5.369616
5.380733
5.39186
5.402894
5.414133
5.425114
5.436344
5.447354
5.458524
5.470079
5.480875
5.491997
5.503066
5.514054
5.525182
5.53626
5.548106
5.558455
5.569695
5.580645
5.591897
5.602922
5.613994
5.625159
5.636139
5.647279
5.658504
5.669539
5.680664
5.691753
5.702764
5.713981
5.725134
5.736143
5.747204
5.75847
5.770111
5.780886
5.792012
5.803205
5.813959
5.82508
5.836114
5.847175
5.858235
5.869374
5.880567
5.891609
5.902719
5.913795
5.924893
5.93601
5.94738
5.958241
5.969332
5.980412
5.991551
6.002655
6.013756
6.024867
6.036009
6.047063
6.058278
6.069464
6.080366
6.091486
6.102614
6.113705
6.124832
6.135972
6.147012
6.158134
6.169377
6.180372
6.191529
6.202515
6.213635
6.224739
6.235862
6.246973
6.258087
6.269161
6.280258
6.291387
6.302518
6.31359
6.324741
6.33578
6.346979
6.358117
6.369166
6.380222
6.39939
6.418484
6.425465
6.433122
6.444117
6.455264
6.466348
6.477406
6.488535
6.499713
6.510751
6.522896
6.532922
6.544127
6.555159
6.566346
6.57734
6.588505
6.599612
6.610744
6.6218
6.632882
6.644038
6.65521
6.666406
6.677297
6.688507
6.699573
6.710683
6.721752
6.732832
6.743957
6.755098
6.766244
6.777517
6.78872
6.800224
6.811379
6.8237
6.833891
6.845315
6.856477
6.867728
6.87907
6.890233
6.90164
6.91281
6.924159
6.935888
6.946467
6.957895
6.968918
6.979882
6.991176
7.002151
7.013438
7.024503
7.035438
7.046588
7.057756
7.069497
7.079876
7.091102
7.102183
7.113254
7.124401
7.135439
7.146631
7.15766
7.169292
7.179981
7.191554
7.202139
7.213161
7.224271
7.235347
7.246514
7.258155
7.268691
7.279841
7.290874
7.302053
7.313111
7.32422
7.335269
7.347087
7.357486
7.368602
7.379693
7.390851
7.401997
7.413038
7.424147
7.435349
7.446351
7.457442
7.469166
7.47966
7.490797
7.501941
7.513001
7.524084
7.535254
7.54636
7.557402
7.569077
7.579586
7.590818
7.601906
7.612927
7.624047
7.635139
7.646273
7.657329
7.668499
7.679614
7.69067
7.702374
7.712892
7.724095
7.735151
7.746374
7.757309
7.768416
7.779505
7.790637
7.802481
7.812848
7.824032
7.835114
7.846369
7.857337
7.86859
7.879631
7.890737
7.902475
7.912831
7.923897
7.935015
7.946164
7.957179
7.968377
7.979452
7.990526
8.001667
8.012785
8.023839
8.03496
8.046101
8.057388
8.068407
8.079405
8.090497
8.101679
8.1127
8.123783
8.135156
8.146347
8.157483
8.168679
8.180144
8.191002
8.202099
8.215507
8.224055
8.235147
8.245984
8.257111
8.268167
8.279344
8.291388
8.301944
8.31295
8.324268
8.335075
8.346173
8.35726
8.368559
8.379548
8.390903
8.402047
8.413074
8.423942
8.435111
8.446131
8.457246
8.46849
8.479486
8.490626
8.501494
8.512863
8.524144
8.535054
8.547182
8.55732
8.5684
8.579414
8.591417
8.601912
8.612975
8.623899
8.635178
8.646069
8.656954
8.667996
8.679235
8.690524
8.702108
8.712947
8.723979
8.735012
8.760351
8.769503
8.779411
8.792361
8.802099
8.8134
8.824326
8.835327
8.846497
8.857317
8.868293
8.879393
8.890158
8.902549
8.912858
8.923964
8.934974
8.945974
8.957125
8.968176
8.979276
8.991152
9.001969
9.012562
9.023888
9.034971
9.046197
9.057107
9.068494
9.079375
9.090597
9.101883
9.112541
9.123827
9.134764
9.146304
9.157199
9.168235
9.179225
9.190302
9.202293
9.21378
9.223538
9.235261
9.246401
9.25699
9.268079
9.279373
9.29024
9.301493
9.31214
9.323382
9.334288
9.345448
9.356503
9.367641
9.378715
9.389803
9.400924
9.412024
9.423213
9.43428
9.445357
9.456573
9.468154
9.479015
9.490136
9.501431
9.51239
9.523494
9.534541
9.545684
9.556818
9.56786
9.57898
9.590145
9.601349
9.612407
9.62348
9.634493
9.645588
9.656427
9.667577
9.67865
9.689725
9.700932
9.711922
9.723011
9.73446
9.74553
9.757071
9.768407
9.779151
9.790008
9.801165
9.812415
9.823414
9.834532
9.845631
9.856606
9.868011
9.879063
9.889929
9.901211
9.912098
9.922973
9.933998
9.945169
9.956351
9.967645
9.978506
9.989573
10.00069
10.01173
10.02317
10.03434
10.04556
10.05667
10.06795
10.07939
10.09035
10.10115
10.11219
10.12341
10.13436
10.14542
10.15666
10.16759
10.17865
10.18954
10.20089
10.21198
10.22279
10.23433
10.24534
10.25613
10.26752
10.27825
10.28937
10.30064
10.31159
10.32308
10.33391
10.34575
10.35618
10.36717
10.37823
10.38946
10.40049
10.41158
10.4227
10.43376
10.44486
10.456
10.46714
10.47821
10.48928
10.50044
10.51192
10.52261
10.53375
10.54491
10.55595
10.56709
10.57815
10.58975
10.60045
10.61146
10.62258
10.63375
10.64479
10.65588
10.66702
10.67809
10.68919
10.70037
10.7114
10.72248
10.73375
10.74511
10.7562
10.76739
10.77838
10.78957
10.80063
10.81169
10.82274
10.83382
10.84503
10.85628
10.86725
10.87837
10.88943
10.90061
10.9116
10.92266
10.93363
10.945
10.95611
10.96726
10.97831
10.98955
11.00066
11.01199
11.02279
11.03379
11.04489
11.05608
11.0673
11.07823
11.08924
11.1005
11.11152
11.12233
11.13342
11.1445
11.15565
11.1668
11.17785
11.18899
11.20032
11.21152
11.22275
11.23373
11.24487
11.25608
11.26702
11.27817
11.28934
11.30061
11.31146
11.32261
11.33336
11.3448
11.35561
11.36672
11.37777
11.38882
11.40045
11.41106
11.42218
11.43332
11.4444
11.45546
11.4666
11.47778
11.48884
11.50026
11.5111
11.52253
11.54461
11.5524
11.55916
11.56589
11.5735
11.58367
11.59483
11.6059
11.61695
11.62818
11.63918
11.65027
11.66136
11.67246
11.68357
11.69467
11.70587
11.71694
11.72812
11.7393
11.75039
11.76145
11.77243
11.78364
11.79464
11.80618
11.81695
11.82802
11.83917
11.85018
11.86139
11.87241
11.88348
11.89459
11.90573
11.9168
11.92807
11.9395
11.95081
11.96225
11.97355
11.98491
11.99626
12.00763
12.01903
12.03038
12.04185
12.05339
12.06477
12.07596
12.08738
12.09879
12.10998
12.12136
12.13273
12.144
12.15511
12.16619
12.1773
12.18842
12.19983
12.21069
12.22177
12.23283
12.24394
12.25515
12.26614
12.27722
12.28836
12.29948
12.31058
12.32168
12.33277
12.34388
12.35499
12.37851
