0
0.008377483
0.1474642
0.1787084
0.1840709
0.1872903
0.1941876
0.1971531
0.2014969
0.2058812
0.2104982
0.2150371
0.2195457
0.2241422
0.2287457
0.2331176
0.2377086
0.2422217
0.2466609
0.2512561
0.2557107
0.2601728
0.2647665
0.2693116
0.2736009
0.2780842
0.2825378
0.287052
0.2915263
0.2959732
0.3003472
0.3048984
0.3093542
0.3136555
0.3180252
0.3224359
0.3268233
0.331259
0.3356489
0.3399806
0.3444174
0.3488472
0.3531027
0.357512
0.3618163
0.3661418
0.3704966
0.3748413
0.3790526
0.3833484
0.3878182
0.391937
0.3961871
0.4004827
0.4047313
0.4090882
0.4133235
0.4174808
0.4217651
0.4259996
0.4301027
0.4343089
0.4384668
0.4426644
0.4468732
0.4510697
0.4559289
0.4611497
0.4652749
0.4694213
0.4734849
0.4775847
0.4817636
0.485768
0.4897861
0.4939017
0.4978787
0.5019118
0.5059766
0.5099326
0.513961
0.5179713
0.5218979
0.5258765
0.5298496
0.5337442
0.5377033
0.5416387
0.5454994
0.5494318
0.5533086
0.5571541
0.5610113
0.5649037
0.5686933
0.5725009
0.5763575
0.5801096
0.5839278
0.587694
0.5914049
0.5951784
0.5989261
0.6026043
0.6063058
0.6100273
0.6136779
0.6174713
0.6210043
0.6246252
0.6282735
0.6318981
0.6355539
0.6390823
0.6426725
0.6462306
0.6497446
0.6532465
0.6567695
0.6602757
0.6637693
0.6672351
0.6707559
0.674162
0.6775658
0.6809597
0.6844167
0.6877547
0.6911476
0.6945828
0.6978399
0.7012056
0.7044632
0.7077607
0.7110314
0.7142998
0.7176086
0.7207957
0.7239924
0.7271934
0.7304192
0.7335603
0.7366949
0.7398697
0.7429806
0.7460817
0.7491521
0.7522662
0.7553566
0.7583234
0.7613712
0.7643564
0.7673479
0.7703341
0.7732992
0.7762392
0.779177
0.7820785
0.7849488
0.7878183
0.7906823
0.7935694
0.7963585
0.799158
0.8019388
0.8047186
0.8074572
0.810226
0.8129286
0.815608
0.8183193
0.8210064
0.8236114
0.8262477
0.8288618
0.8314769
0.8340834
0.836604
0.8391275
0.8416687
0.8441939
0.8466852
0.8491098
0.8515643
0.853978
0.8564229
0.8587723
0.8611466
0.8635241
0.8658257
0.8681614
0.8704613
0.8727399
0.8749985
0.8772348
0.8794753
0.8816658
0.8838633
0.8860337
0.8881783
0.8902979
0.8924184
0.8944911
0.8965657
0.8986601
0.9006408
0.9026676
0.9046876
0.9066212
0.9085998
0.9105137
0.9124686
0.9143141
0.9162312
0.9180464
0.9198992
0.9216858
0.923488
0.9252709
0.9270288
0.9287527
0.9304583
0.9321541
0.9338346
0.9354898
0.9371206
0.9387736
0.940355
0.9419094
0.9434596
0.944996
0.9465164
0.9479915
0.9494657
0.95092
0.9523364
0.9537472
0.955171
0.9565108
0.9578559
0.959186
0.9604889
0.9617611
0.9630342
0.9642704
0.9654937
0.9667156
0.9678699
0.9690362
0.9701898
0.9712873
0.9723821
0.9734756
0.9745281
0.9755577
0.9765665
0.9775506
0.9785243
0.9795032
0.9803995
0.9813018
0.9821917
0.9830517
0.9839044
0.9847189
0.9855149
0.9862905
0.9870507
0.9877864
0.9885057
0.9891927
0.9898625
0.9905139
0.9911897
0.9917492
0.9923316
0.9929195
0.9934438
0.9939674
0.9944675
0.9949371
0.9954019
0.9958355
0.9962476
0.9966367
0.997017
0.9973544
0.9976839
0.9979919
0.9982737
0.9985344
0.99878
0.9989955
0.999193
0.9993721
0.9995234
0.999657
0.9997693
0.9998567
0.999925
0.9999714
0.9999956
0.9999986
0.9999793
0.9999394
0.9998764
0.9997932
0.9996888
0.9995607
0.9994123
0.9992433
0.9990487
0.9988366
0.9986033
0.998345
0.9980658
0.997767
0.9974478
0.9971057
0.9967397
0.9963509
0.9959396
0.9955167
0.995046
0.994589
0.9940925
0.9935849
0.993046
0.9924732
0.9919114
0.9913065
0.9906859
0.9900336
0.9893608
0.9886901
0.9879777
0.9872487
0.9864987
0.9857208
0.984923
0.9841208
0.9832777
0.982413
0.9815424
0.9806432
0.9797151
0.9787809
0.9778089
0.9768255
0.9758112
0.9747991
0.9737417
0.9726787
0.9715832
0.9704669
0.9693495
0.9681991
0.9670148
0.9658229
0.9646019
0.9633692
0.96211
0.9608213
0.9595163
0.9582119
0.9568723
0.9554964
0.9540935
0.9527045
0.95125
0.9498565
0.9483612
0.9468986
0.9453979
0.9438673
0.942316
0.9407648
0.9391735
0.9375595
0.9359382
0.9342918
0.9325452
0.9309347
0.9292197
0.9274703
0.9257389
0.9239759
0.9220704
0.9203687
0.9185494
0.916702
0.9147868
0.9129291
0.9109929
0.9091107
0.9071436
0.9051725
0.9032075
0.9011537
0.8991614
0.8971237
0.8950585
0.8929288
0.8908744
0.8887544
0.8865734
0.8844362
0.8822703
0.8800486
0.8778313
0.8756017
0.8732687
0.8710867
0.8687824
0.8664646
0.8641443
0.8617903
0.8594183
0.8570171
0.854633
0.8521155
0.8497618
0.8473018
0.8447556
0.8423054
0.8398065
0.8372253
0.8347046
0.8321244
0.8295114
0.8269567
0.8243034
0.8216412
0.8189667
0.8163342
0.8136306
0.8109312
0.8081478
0.805364
0.8026924
0.7999124
0.7970727
0.7942803
0.7914582
0.7885757
0.7857462
0.78284
0.7799026
0.7769797
0.7740604
0.7711312
0.7680654
0.7651783
0.7621731
0.7591472
0.7560681
0.7530227
0.7499818
0.7468867
0.743776
0.7406831
0.7375578
0.7343982
0.7312171
0.7280667
0.7248584
0.7216626
0.718366
0.7151628
0.7119335
0.7086626
0.7053285
0.7020403
0.6987451
0.6954108
0.6920272
0.6887005
0.6852769
0.6819113
0.678423
0.675024
0.671593
0.6681602
0.664652
0.6612399
0.6577428
0.6541803
0.6506944
0.6470466
0.6435673
0.6400478
0.636411
0.6328093
0.6292303
0.6256467
0.6219808
0.6183344
0.6146957
0.6110219
0.6072769
0.6035831
0.5998856
0.5961545
0.5923643
0.5886831
0.5848886
0.5811318
0.5773011
0.573511
0.5697231
0.5658785
0.5620206
0.5581843
0.5542712
0.5504537
0.5465486
0.5426415
0.5387165
0.5347129
0.5308754
0.5269096
0.5229501
0.5189511
0.5150315
0.5109717
0.5070097
0.5030077
0.4989995
0.4949399
0.4909014
0.486767
0.482774
0.4786861
0.474547
0.4704558
0.4663683
0.4622792
0.4581572
0.4539948
0.4498226
0.4456845
0.4415249
0.437326
0.4331203
0.4289171
0.424752
0.4205188
0.4162866
0.4120342
0.4077334
0.4035683
0.399293
0.3950606
0.3906998
0.3864968
0.3821508
0.3778771
0.3735465
0.3692431
0.3649503
0.3606172
0.3562719
0.3519141
0.3474821
0.3431366
0.3388277
0.3344268
0.330007
0.3256254
0.3212069
0.3168278
0.3124319
0.3079588
0.3035457
0.2991088
0.2946312
0.2901729
0.2857154
0.2813245
0.2768754
0.2723612
0.2679028
0.2633809
0.2588162
0.2540353
0.2499245
0.2453249
0.2408881
0.2364136
0.2317988
0.2273235
0.2227466
0.2181814
0.213672
0.209202
0.2046549
0.2000047
0.195452
0.190846
0.186336
0.1818413
0.1772386
0.1726759
0.1680489
0.1635036
0.1588599
0.1542947
0.1497137
0.1451224
0.1404681
0.1358607
0.1312638
0.1266411
0.1220096
0.1174164
0.1128147
0.1082033
0.1035482
0.09888025
0.09419537
0.08966158
0.08495275
0.08041574
0.07569567
0.07108854
0.06638782
0.06185767
0.05720915
0.05235081
0.04787584
0.04325795
0.03853193
0.03394658
0.02922396
0.02465895
0.019928
0.01529554
0.01055713
0.005997534
0.001348169
-0.003250681
-0.007882839
-0.01263808
-0.01718541
-0.02183749
-0.02656752
-0.0312319
-0.03583864
-0.04044749
-0.04508692
-0.04973299
-0.05437799
-0.05902324
-0.06373359
-0.06830933
-0.07303984
-0.07769623
-0.08222878
-0.08690666
-0.09152588
-0.09625728
-0.1008361
-0.1054631
-0.1100179
-0.1147754
-0.1193313
-0.1238963
-0.1284775
-0.1331678
-0.137694
-0.142322
-0.1469442
-0.1515655
-0.1561407
-0.1607359
-0.1653024
-0.1699175
-0.1744521
-0.1790546
-0.1836253
-0.1882517
-0.1928037
-0.197354
-0.2019619
-0.2064442
-0.210998
-0.2155339
-0.2200393
-0.2246916
-0.2292004
-0.2337212
-0.2381909
-0.2427744
-0.2472343
-0.2517336
-0.2562253
-0.2607234
-0.2651824
-0.2696997
-0.2741461
-0.2786041
-0.2830831
-0.28755
-0.2920127
-0.296428
-0.3009011
-0.3054197
-0.3097316
-0.3142371
-0.3186288
-0.3229877
-0.3273628
-0.3318026
-0.3362512
-0.3406435
-0.3449288
-0.3492619
-0.3536963
-0.3579558
-0.3623142
-0.366644
-0.3709853
-0.3753141
-0.3795775
-0.383934
-0.3882638
-0.3924642
-0.3967496
-0.4009883
-0.4052501
-0.4095004
-0.4138381
-0.4180274
-0.4221945
-0.4264458
-0.4306688
-0.4348016
-0.4390342
-0.4431785
-0.4473399
-0.4514733
-0.4556503
-0.4597845
-0.4640021
-0.468043
-0.4721534
-0.4762574
-0.4802814
-0.4843767
-0.4884139
-0.4925072
-0.4965241
-0.5005394
-0.5045846
-0.5085809
-0.5126541
-0.5165817
-0.5205531
-0.524573
-0.5284994
-0.5324171
-0.5363582
-0.540266
-0.5441814
-0.5480854
-0.5519852
-0.5558738
-0.5596974
-0.5635459
-0.567383
-0.5712058
-0.5750209
-0.5788532
-0.5826719
-0.5864254
-0.5901821
-0.5938883
-0.5976654
-0.6013576
-0.6050533
-0.6087494
-0.6124333
-0.6161095
-0.6197918
-0.6234232
-0.6270902
-0.6306798
-0.6343001
-0.637913
-0.6414217
-0.6450132
-0.6485804
-0.652122
-0.6555904
-0.6591356
-0.6625929
-0.6660674
-0.6695706
-0.673025
-0.6764271
-0.6798533
-0.6832616
-0.6866834
-0.6900424
-0.693426
-0.6967244
-0.7000282
-0.7033483
-0.70669
-0.7099326
-0.7132692
-0.7164645
-0.7197586
-0.7229277
-0.7261155
-0.7294117
-0.732495
-0.7356461
-0.7388001
-0.7419332
-0.7450187
-0.7481399
-0.7512046
-0.7542952
-0.7573131
-0.760386
-0.7633729
-0.7663436
-0.7693385
-0.7723287
-0.7752709
-0.7781811
-0.7810807
-0.7839818
-0.7868577
-0.7897239
-0.7925692
-0.7953846
-0.7982289
-0.8010344
-0.8037629
-0.8065478
-0.809348
-0.8120788
-0.8147069
-0.8174081
-0.8201039
-0.8227288
-0.8253877
-0.8280136
-0.8305746
-0.833155
-0.8357627
-0.8382868
-0.8408474
-0.8433138
-0.8458012
-0.8482748
-0.8507069
-0.8531778
-0.8555623
-0.8579714
-0.860363
-0.8627238
-0.8650652
-0.8673841
-0.8697128
-0.8719691
-0.8742491
-0.8765229
-0.8787129
-0.8809612
-0.8831282
-0.8852877
-0.8874674
-0.8896251
-0.8917178
-0.8937835
-0.8958771
-0.8979242
-0.8999981
-0.901984
-0.9040171
-0.9059615
-0.9079719
-0.9099023
-0.9117778
-0.9137234
-0.9155772
-0.9174536
-0.9192706
-0.9210835
-0.9228938
-0.9246812
-0.9264258
-0.9281714
-0.9298965
-0.9316005
-0.9332919
-0.9350441
-0.9365748
-0.9381995
-0.9397882
-0.941419
-0.9474838
-0.9489688
-0.9504353
-0.9560601
-0.9574034
-0.9587461
-0.9600529
-0.9613336
-0.9626105
-0.9638664
-0.9651092
-0.9662913
-0.9675009
-0.9686638
-0.9698007
-0.9709264
-0.9720251
-0.9731082
-0.9741662
-0.975245
-0.9762318
-0.9772156
-0.9781961
-0.9791627
-0.9800904
-0.9810196
-0.9818974
-0.9827721
-0.9836118
-0.9844436
-0.9852436
-0.9860443
-0.9867954
-0.987546
-0.988274
-0.9889623
-0.9896385
-0.9903015
-0.9909331
-0.9915532
-0.9921405
-0.9927163
-0.9932594
-0.9938145
-0.9942941
-0.9947929
-0.9952496
-0.9956912
-0.9961131
-0.9965112
-0.9968848
-0.9972407
-0.9975799
-0.9978909
-0.9981786
-0.9984512
-0.9986985
-0.9989254
-0.9991308
-0.9993179
-0.9994734
-0.9996152
-0.9997323
-0.9998294
-0.9999048
-0.999958
-0.99999
-1
-0.9999885
-0.9999551
-0.9999002
-0.9998241
-0.9997258
-0.9996057
-0.9994642
-0.9993007
-0.9991183
-0.9989102
-0.9986755
-0.9984305
-0.9981609
-0.9978665
-0.9975579
-0.9972227
-0.9968623
-0.9964834
-0.9960818
-0.9956603
-0.995213
-0.9947448
-0.9942652
-0.9937531
-0.9932329
-0.9926717
-0.992102
-0.9915122
-0.9908968
-0.9902639
-0.9896013
-0.9889244
-0.988223
-0.9874914
-0.9867504
-0.9859877
-0.9851979
-0.9843878
-0.9835619
-0.9827155
-0.9818392
-0.980951
-0.9800382
-0.9791012
-0.9781416
-0.9771659
-0.9761603
-0.9751282
-0.9741017
-0.9730397
-0.971948
-0.9708558
-0.9697242
-0.9685869
-0.9674185
-0.9662252
-0.9650178
-0.9637919
-0.9625151
-0.9612681
-0.9599659
-0.9586487
-0.957326
-0.955949
-0.9545739
-0.9531971
-0.9517782
-0.9503458
-0.9488856
-0.9474116
-0.9458938
-0.9443874
-0.9428565
-0.9412851
-0.9396974
-0.9380927
-0.9364914
-0.9348529
-0.9331871
-0.9314768
-0.92979
-0.9280787
-0.9263431
-0.9245654
-0.9227906
-0.9209755
-0.919166
-0.9173243
-0.9153939
-0.913568
-0.9116683
-0.9097509
-0.9078126
-0.9058565
-0.9038588
-0.9018738
-0.8998631
-0.897797
-0.8957585
-0.8936829
-0.8915822
-0.8894539
-0.8873298
-0.8851584
-0.8829968
-0.8808087
-0.8785933
-0.8763603
-0.8741153
-0.8718379
-0.8695254
-0.8672576
-0.8649314
-0.8625889
-0.8602196
-0.8578197
-0.8554445
-0.8529899
-0.8505622
-0.8481013
-0.8456515
-0.8431348
-0.8406584
-0.8381307
-0.8355608
-0.8330184
-0.8304232
-0.8278125
-0.825205
-0.8225799
-0.8199286
-0.8172174
-0.8145645
-0.811821
-0.8091351
-0.8063879
-0.8035951
-0.800854
-0.7980479
-0.7951709
-0.7923958
-0.7895761
-0.7867064
-0.7838326
-0.7809237
-0.7779645
-0.7750299
-0.7721409
-0.7691332
-0.7661968
-0.7631742
-0.76018
-0.7571325
-0.7540872
-0.7509969
-0.7479338
-0.7448579
-0.7417405
-0.7385928
-0.7354425
-0.7322817
-0.7291408
-0.7259423
-0.7227508
-0.7195213
-0.7162642
-0.7130192
-0.7097582
-0.70647
-0.7031611
-0.6998138
-0.6965342
-0.6932007
-0.6897875
-0.6864452
-0.6830135
-0.6794067
-0.6762459
-0.672807
-0.6692932
-0.6658762
-0.6623829
-0.6589078
-0.6553923
-0.6518781
-0.648355
-0.6448055
-0.6412208
-0.637665
-0.6340802
-0.6304243
-0.626852
-0.6232308
-0.6195976
-0.6159041
-0.6122494
-0.6085196
-0.6048534
-0.6011564
-0.5973611
-0.5936899
-0.5899162
-0.586128
-0.582408
-0.5786208
-0.5747887
-0.5710122
-0.5671902
-0.5633168
-0.5594465
-0.5555968
-0.551738
-0.5478837
-0.5439869
-0.5400491
-0.5360817
-0.5322114
-0.5282356
-0.5242945
-0.5203434
-0.5163647
-0.512381
-0.5083805
-0.5043703
-0.5003466
-0.496284
-0.4922279
-0.488196
-0.4841345
-0.4800366
-0.4759689
-0.4718952
-0.4677882
-0.4636648
-0.4595402
-0.4553958
-0.4512659
-0.4471083
-0.4429205
-0.4387668
-0.4345757
-0.4303791
-0.4261326
-0.4219174
-0.4177233
-0.4134699
-0.4092789
-0.4049336
-0.4007683
-0.3964984
-0.3921396
-0.3879104
-0.3836387
-0.3793571
-0.3750169
-0.3706255
-0.3664126
-0.362025
-0.3577448
-0.3533298
-0.3490058
-0.3446694
-0.3402722
-0.3359031
-0.3315349
-0.3271546
-0.3227419
-0.3183395
-0.3138871
-0.30947
-0.3050643
-0.3005876
-0.2962035
-0.2917433
-0.2873134
-0.2828301
-0.2783861
-0.2739026
-0.2693245
-0.2649495
-0.2604471
-0.2557233
-0.2513649
-0.2469746
-0.2424751
-0.2378893
-0.2333641
-0.2288877
-0.2243479
-0.2198237
-0.2149306
-0.2107061
-0.2061376
-0.2015777
-0.1970732
-0.19242
-0.1879283
-0.1833674
-0.1787374
-0.1741767
-0.1695859
-0.1650244
-0.1604419
-0.1558668
-0.1512554
-0.1466637
-0.1420604
-0.1374328
-0.1328178
-0.1282363
-0.1235977
-0.1189521
-0.1143787
-0.1097038
-0.1050939
-0.100429
-0.09585026
-0.09119251
-0.08660594
-0.08189586
-0.07727856
-0.07269765
-0.06803338
-0.0633857
-0.0587795
-0.05406205
-0.04944102
-0.0447937
-0.0401859
-0.03550004
-0.03086584
-0.02624241
-0.02159315
-0.01692483
-0.01219845
-0.007564775
-0.002965748
0.001698668
0.006390703
0.01097293
0.01565315
0.0203435
0.02492187
0.02958932
0.03437002
0.03891218
0.04353976
0.04825975
0.05279249
0.05746695
0.06212398
0.06675585
0.07140723
0.07606465
0.08068763
0.08532739
0.0899881
0.09456662
0.09920292
0.1039661
0.1084671
0.1131435
0.1177379
0.1223464
0.1269366
0.1315221
0.1361337
0.140783
0.1453881
0.1499943
0.1545864
0.159152
0.163902
0.1683601
0.1729016
0.1775103
0.1820729
0.1866564
0.1912017
0.1958131
0.2004327
0.2049382
0.2094916
0.2140372
0.2185227
0.2231399
0.2276035
0.2321254
0.2367048
0.2411674
0.2457193
0.2502094
0.2547222
0.2592024
0.2637059
0.2681862
0.2726438
0.2771616
0.2815762
0.2860899
0.2905526
0.2949392
0.2993652
0.3038992
0.3082408
0.3126521
0.3171136
0.3215234
0.3259818
0.330283
0.3347939
0.3390765
0.3434667
0.3477944
0.3521393
0.3565212
0.3608338
0.3651672
0.369564
0.3738455
0.3781407
0.3824163
0.3867519
0.3909965
0.3953523
0.3996219
0.4038035
0.4080837
0.4123411
0.4165461
0.4209188
0.4249825
0.4291838
0.4333998
0.4376081
0.4417593
0.4459323
0.4500837
0.4542385
0.4584555
0.4625278
0.4666291
0.4707373
0.474897
0.4789197
0.4830242
0.4870565
0.4911046
0.4951641
0.4992256
0.5032708
0.5963885
0.600104
0.6038154
0.6075148
0.6112539
0.6148854
0.6185512
0.6222196
0.6258122
0.6294768
0.6330777
0.6366752
0.6402454
0.6438324
0.6473516
0.6509305
0.6544413
0.6579279
0.6614649
0.6649022
0.6683668
0.6718662
0.6753077
0.6787174
0.6820878
0.6855236
0.6888761
0.6922219
0.6955813
0.6989207
0.7022447
0.7055963
0.7088324
0.7121225
0.7153955
0.7186255
0.7218458
0.7250808
0.7282691
0.7714859
0.7742802
0.7771873
0.7801003
0.7830143
0.7858914
0.7887613
0.7916237
0.7944669
0.7972886
0.8000596
0.80286
0.8056354
0.8083837
0.8110864
0.8137915
0.8164942
0.8191955
0.8218517
0.8244701
0.8271407
0.8296944
0.8322855
0.8348965
0.837422
0.8399695
0.8424564
0.8449523
0.8474536
0.8498909
0.8523479
0.8547589
0.8571536
0.8595543
0.8619579
0.8642754
0.8666061
0.8689364
0.8712067
0.8735284
0.8757641
0.8779615
0.8802109
0.8824134
0.8845648
0.8867356
0.8888959
0.8909899
0.8931242
0.8952363
0.8972583
0.8993141
0.9013061
0.9033226
0.9053162
0.907307
0.9092252
0.9111795
0.9130702
0.9149336
0.9168146
0.918659
0.9204768
0.922325
0.9240959
0.9258385
0.9275867
0.9293372
0.9310276
0.9327203
0.9343926
0.9360222
0.9408474
0.9424045
0.9439572
0.945482
0.9470049
0.9485703
0.9501567
0.951519
0.9528182
0.9542096
0.9557002
0.9570189
0.9586306
0.9610826
0.9622844
0.963139
0.9641703
0.9654283
0.9665735
0.9677255
0.968892
0.9700441
0.9711437
0.972263
0.973319
0.9744009
0.9754324
0.9764503
0.9774354
0.9783967
0.9793456
0.9802845
0.9812073
0.9820838
0.9829417
0.9838064
0.9846112
0.9854119
0.9861909
0.9869539
0.9877114
0.9884113
0.9891006
0.9897777
0.9904419
0.9910601
0.9916819
0.9922605
0.9928263
0.9933841
0.993908
0.9943984
0.9948828
0.9953381
0.9957762
0.996194
0.9965904
0.9969741
0.9973375
0.9976768
0.9979926
0.9982846
0.9985553
0.9988025
0.9990246
0.9992258
0.9994028
0.9995591
0.9996845
0.9997967
0.99988
0.9999424
0.9999815
0.999999
0.9999946
0.9999686
0.9999214
0.9998513
0.99976
0.9996496
0.9995156
0.9993573
0.9991828
0.9989829
0.9987639
0.9985173
0.998256
0.9979709
0.9976656
0.9973329
0.9958039
0.9953724
0.9949092
0.9944232
0.9939336
0.9934105
0.9928601
0.9922941
0.9917139
0.9911032
0.9904776
0.9898243
0.9891387
0.9884584
0.9877437
0.9870071
0.9862508
0.9854649
0.9846659
0.9838434
0.9830039
0.9821188
0.9812477
0.9803467
0.9794155
0.9784462
0.977485
0.9764817
0.9754636
0.9744577
0.973371
0.9723052
0.9712231
0.9701118
0.9689555
0.9677937
0.9666306
0.9654108
0.9641953
0.9629591
0.9616857
0.9604121
0.9590939
0.9577781
0.9564291
0.9550447
0.9536662
0.952242
0.9508047
0.9493766
0.9479092
0.9464097
0.9448949
0.9433531
0.9417834
0.9402292
0.935396
0.9337259
0.9320425
0.9303771
0.9286454
0.9269181
0.9251353
0.9233581
0.9215801
0.9197505
0.9179236
0.9160894
0.9142149
0.9123254
0.9103479
0.9084814
0.9065149
0.9045257
0.9025437
0.9005255
0.8985106
0.8964424
0.894299
0.8922257
0.8901392
0.8880579
0.8858902
0.8837069
0.8815367
0.879344
0.877112
0.8748659
0.8726059
0.8703046
0.8680305
0.8656999
0.8633571
0.861011
0.8585889
0.8561991
0.8537998
0.8514002
0.8489625
0.8464915
0.8439845
0.8414323
0.8389779
0.8364353
0.8338314
0.8312761
0.8287133
0.8260448
0.8234383
0.820804
0.8181148
0.815465
0.8127475
0.810015
0.8073018
0.804541
0.8017449
0.7990064
0.7961952
0.7933301
0.7905034
0.7876475
0.7847219
0.7818858
0.778964
0.7760535
0.773104
0.7701638
0.7671852
0.764196
0.7611582
0.7581446
0.7550979
0.7520197
0.7490047
0.7458705
0.7427708
0.7396185
0.7365144
0.7333539
0.7301918
0.7270008
0.723798
0.7205737
0.7173529
0.7141234
0.7108223
0.7075351
0.7042907
0.700937
0.6976006
0.694249
0.6909339
0.6875406
0.6841906
0.6807856
0.6773574
0.6739109
0.6704991
0.6670171
0.6635411
0.6600628
0.656592
0.6530401
0.6494772
0.6459147
0.6424236
0.6388714
0.6352311
0.6316425
0.6280907
0.6244067
0.6207879
0.6171409
0.613418
0.6097661
0.6061066
0.6023489
0.5986664
0.5949436
0.5911642
0.5874066
0.5836655
0.5798671
0.5760474
0.5722205
0.5684573
0.5645546
0.5607941
0.5569284
0.5529982
0.549137
0.5452592
0.5413464
0.5374726
0.533447
0.5295275
0.525638
0.5216544
0.5177003
0.5136672
0.509694
0.5057182
0.5016978
0.4976641
0.4936187
0.4894795
0.4854926
0.4813969
0.4773687
0.4731968
0.4691171
0.4650281
0.4609165
0.4567967
0.4526161
0.4484203
0.4443292
0.4399864
0.4359741
0.4317449
0.4276028
0.4233877
0.4191764
0.4149336
0.4106269
0.4064217
0.402193
0.3979286
0.3936503
0.3893521
0.3850621
0.3807964
0.3764421
0.3721079
0.3678498
0.3635288
0.3591333
0.354811
0.350473
0.3460595
0.3417575
0.3372957
0.3329612
0.3285035
0.3241133
0.319774
0.315399
0.3108758
0.3065626
0.3020731
0.2976643
0.2932008
0.2887638
0.284283
0.279775
0.2753745
0.2709086
0.2664726
0.2618783
0.2573839
0.2529615
0.2483916
0.2438864
0.2390963
0.2349076
0.2304017
0.2258427
0.2213326
0.2167107
0.2122256
0.2076904
0.2030768
0.198585
0.1940338
0.1894147
0.1848871
0.1802176
0.1757656
0.17117
0.1665726
0.1619471
0.157399
0.1528089
0.1481373
0.1435755
0.13899
0.1343883
0.129778
0.125074
0.1203133
0.115922
0.1112575
0.1066901
0.1020322
0.09738908
0.09279896
0.08806723
0.08353879
0.07876524
0.07421242
0.06958196
0.06457884
0.06031948
0.05564958
0.05100323
0.04639197
0.04175305
0.03697027
0.03242113
0.02779505
0.02308161
0.01851164
0.01381446
0.009136049
0.004546126
-0.0001325846
-0.004815107
-0.009495616
-0.01407007
-0.01870621
-0.02336673
-0.02800959
-0.03264231
-0.03730387
-0.04197701
-0.04659684
-0.05129091
-0.05589148
-0.06053942
-0.06520413
-0.06983982
-0.07449113
-0.07909993
-0.08378307
-0.08850995
-0.09302406
-0.09765773
-0.1022675
-0.1068911
-0.1115523
-0.1162034
-0.1207753
-0.1254062
-0.1299964
-0.1346463
-0.1392545
-0.1437936
-0.1485004
-0.1530672
-0.1576542
-0.1622671
-0.1667785
-0.1714369
-0.1759581
-0.1805515
-0.185097
-0.1896667
-0.1942948
-0.1988907
-0.203513
-0.207946
-0.2125155
-0.2171232
-0.2215614
-0.2261623
-0.2306013
-0.2351199
-0.2396352
-0.2442296
-0.2487371
-0.2531784
-0.2576789
-0.2621535
-0.2667402
-0.2711207
-0.2756239
-0.2800708
-0.2846141
-0.2889884
-0.2934616
-0.2978856
-0.3023395
-0.3069022
-0.3112638
-0.3157194
-0.3200333
-0.3244102
-0.328871
-0.3332094
-0.3376225
-0.3420183
-0.3463503
-0.350682
-0.3550571
-0.3594235
-0.3637368
-0.3680396
-0.372454
-0.3766922
-0.3810072
-0.3852707
-0.3896148
-0.3939537
-0.3981736
-0.4023877
-0.4066779
-0.410886
-0.4151609
-0.4193704
-0.4236106
-0.4277847
-0.4319746
-0.4362136
-0.4403495
-0.4445428
-0.4487579
-0.4528304
-0.4569953
-0.4611722
-0.4652671
-0.4693605
-0.4734623
-0.4775431
-0.4816544
-0.4857252
-0.4897631
-0.493899
-0.4978676
-0.5018884
-0.5060062
-0.5099287
-0.5138971
-0.5179573
-0.5218546
-0.5258311
-0.5297702
-0.5339681
-0.5376673
-0.5415486
-0.5454615
-0.5493514
-0.5533128
-0.5571375
-0.5610191
-0.5647987
-0.5686417
-0.5724536
-0.5762548
-0.5800776
-0.5838623
-0.587608
-0.5913712
-0.5951637
-0.5988483
-0.6025712
-0.6062705
-0.6099899
-0.613699
-0.6173585
-0.6209988
-0.6245989
-0.6282214
-0.6318414
-0.6354528
-0.6390343
-0.6426334
-0.646155
-0.6497086
-0.6532329
-0.6567481
-0.6602498
-0.6637651
-0.6672011
-0.6706803
-0.6741124
-0.6776976
-0.6809435
-0.6843895
-0.6877248
-0.6911166
-0.6944638
-0.6977947
-0.7011228
-0.7044207
-0.7077177
-0.7110322
-0.7142763
-0.7175204
-0.7207575
-0.7239803
-0.7271515
-0.7303592
-0.7335192
-0.7366718
-0.7398117
-0.7429706
-0.7460363
-0.7491323
-0.7522102
-0.7552855
-0.7582914
-0.7613363
-0.764327
-0.7673289
-0.7703177
-0.7732685
-0.7762045
-0.7791291
-0.7820327
-0.7849247
-0.7878637
-0.7906787
-0.7934996
-0.7964138
-0.7991285
-0.8019017
-0.8046803
-0.8074206
-0.8101709
-0.8128953
-0.8156323
-0.8182706
-0.8209445
-0.823572
-0.8262152
-0.8288617
-0.8314865
-0.8340062
-0.8366114
-0.8391123
-0.8416184
-0.8441446
-0.8466173
-0.8490679
-0.8515173
-0.8539467
-0.8563676
-0.858739
-0.8611391
-0.8634937
-0.8658565
-0.8681498
-0.8704357
-0.8727522
-0.8749832
-0.8772173
-0.8794408
-0.8816434
-0.8838266
-0.886026
-0.8881982
-0.8902786
-0.892413
-0.8944777
-0.8965476
-0.8986349
-0.9006279
-0.9027166
-0.9046396
-0.9066079
-0.9085536
-0.9104971
-0.9124007
-0.9142895
-0.9161762
-0.9180186
-0.9198575
-0.921679
-0.9234774
-0.9252623
-0.9270137
-0.928737
-0.9304506
-0.9321496
-0.933818
-0.9354728
-0.9371178
-0.93872
-0.9403217
-0.9418994
-0.9434423
-0.9449707
-0.9464812
-0.9479851
-0.9494488
-0.950896
-0.9523214
-0.953733
-0.955129
-0.9564865
-0.9578365
-0.9591813
-0.9604669
-0.961751
-0.9630244
-0.9642562
-0.9654814
-0.9667022
-0.9678606
-0.9690227
-0.9701613
-0.9712769
-0.9723743
-0.9734737
-0.9745042
-0.975537
-0.9765506
-0.9775449
-0.9785117
-0.9794584
-0.9804176
-0.9813057
-0.9821966
-0.9830422
-0.9838874
-0.9847152
-0.9855156
-0.9862831
-0.9870426
-0.9877775
-0.9884896
-0.9891909
-0.9898563
-0.990506
-0.9911419
-0.9917514
-0.9923291
-0.992897
-0.9934356
-0.9939566
-0.9944627
-0.9949356
-0.9953939
-0.9958303
-0.9962477
-0.9966325
-0.9970103
-0.997353
-0.9976797
-0.9979892
-0.9982708
-0.9985396
-0.9987767
-0.9989932
-0.9991928
-0.9993679
-0.9995219
-0.9996552
-0.9997683
-0.999857
-0.9999248
-0.9999709
-0.9999955
-0.9999986
-0.9999803
-0.9999403
-0.9998783
-0.9997933
-0.9996901
-0.9995629
-0.9994149
-0.9992443
-0.9990526
-0.9988397
-0.9986051
-0.9983494
-0.9980658
-0.9977611
-0.9974465
-0.9971029
-0.9967436
-0.996358
-0.9959472
-0.9955211
-0.9950697
-0.9945894
-0.9941062
-0.9935775
-0.9930453
-0.9924942
-0.9919148
-0.991313
-0.9906929
-0.9900503
-0.9893808
-0.9886978
-0.9879767
-0.9872576
-0.986504
-0.9857308
-0.9849389
-0.9841191
-0.9832905
-0.9824223
-0.9815513
-0.9806451
-0.9797179
-0.9787862
-0.9778255
-0.9768338
-0.9758362
-0.9747813
-0.9737517
-0.9726837
-0.9715977
-0.9704822
-0.9693425
-0.968199
-0.9670048
-0.9658228
-0.9646022
-0.9633673
-0.9620636
-0.9608429
-0.959537
-0.9582246
-0.9568771
-0.9555032
-0.9541374
-0.9527354
-0.9512815
-0.9498732
-0.9483517
-0.9469041
-0.9453978
-0.9438582
-0.9423386
-0.9407748
-0.9391832
-0.9375738
-0.9359518
-0.9343036
-0.9326289
-0.9309479
-0.9292416
-0.9275024
-0.9257616
-0.9239803
-0.9221857
-0.9203829
-0.9185659
-0.9167115
-0.9148455
-0.9129564
-0.9110352
-0.9091211
-0.9071812
-0.9051821
-0.9032217
-0.901203
-0.8991863
-0.8971241
-0.8950346
-0.8929827
-0.8908927
-0.8887573
-0.8866158
-0.8844666
-0.8822855
-0.8800681
-0.8778555
-0.8756194
-0.8733811
-0.8710877
-0.8687832
-0.866474
-0.8641101
-0.8618101
-0.8594441
-0.8570496
-0.8545876
-0.8522279
-0.8497954
-0.847326
-0.8447865
-0.8423488
-0.8398299
-0.8372788
-0.8347356
-0.8321115
-0.8295501
-0.8269723
-0.8243515
-0.8217027
-0.819042
-0.8163664
-0.8136398
-0.8109633
-0.8082242
-0.805463
-0.8027195
-0.7999257
-0.7971184
-0.7941867
-0.7914246
-0.7885889
-0.7857646
-0.7828555
-0.77994
-0.7770495
-0.7741154
-0.7711232
-0.7681946
-0.7652085
-0.7621535
-0.7591398
-0.7561459
-0.7530777
-0.7500341
-0.7469333
-0.7438276
-0.7407302
-0.7375931
-0.7344096
-0.7312586
-0.7280449
-0.7248794
-0.7216412
-0.7184514
-0.7151805
-0.7119681
-0.7086554
-0.7053742
-0.7020888
-0.6987597
-0.6954099
-0.692089
-0.6887167
-0.685326
-0.6819441
-0.6785356
-0.6750506
-0.6716422
-0.6682175
-0.6647229
-0.6612381
-0.6577699
-0.6542054
-0.6507328
-0.6471869
-0.6435897
-0.6400589
-0.6364866
-0.632902
-0.6292897
-0.6256757
-0.621978
-0.6183188
-0.6146913
-0.610964
-0.6073231
-0.6036382
-0.5998877
-0.5962144
-0.5924101
-0.5886829
-0.5849338
-0.5811318
-0.5773553
-0.5735304
-0.5697431
-0.5658485
-0.5620999
-0.5582162
-0.554217
-0.5504981
-0.5465046
-0.5425828
-0.5387898
-0.5348585
-0.530922
-0.5269505
-0.5229424
-0.5190359
-0.5150728
-0.5110707
-0.5069795
-0.5029988
-0.4990206
-0.4949606
-0.4909305
-0.4868366
-0.4827452
-0.4787288
-0.4745595
-0.4705219
-0.4664128
-0.4623071
-0.4581355
-0.4540439
-0.4498848
-0.4456595
-0.4415424
-0.4373611
-0.4332064
-0.4289822
-0.4247943
-0.4205385
-0.4163618
-0.4120895
-0.4077916
-0.4036111
-0.39936
-0.3950768
-0.390748
-0.3864933
-0.3821995
-0.377923
-0.3736278
-0.3692679
-0.3649567
-0.3606207
-0.3562618
-0.3519308
-0.347578
-0.343146
-0.3388607
-0.3343993
-0.3300583
-0.3256364
-0.3212958
-0.3168219
-0.3124441
-0.3080488
-0.3036225
-0.2991486
-0.2947501
-0.2902496
-0.2857782
-0.2813482
-0.276882
-0.2724172
-0.2678702
-0.263445
-0.2589573
-0.2544824
-0.2499087
-0.2454682
-0.2409633
-0.2364281
-0.2318424
-0.2273666
-0.2228433
-0.2183384
-0.2137488
-0.2092206
-0.2046796
-0.2000566
-0.195546
-0.1909911
-0.1864001
-0.181838
-0.1772935
-0.172593
-0.1681152
-0.1635417
-0.1588743
-0.1542108
-0.1497307
-0.1451653
-0.1405129
-0.1359187
-0.1313037
-0.1266877
-0.1220983
-0.1174855
-0.112655
-0.1082476
-0.1036274
-0.09897844
-0.09434726
-0.08963995
-0.08503325
-0.08043235
-0.07573654
-0.07086021
-0.06653695
-0.06182029
-0.05716318
-0.05256578
-0.04796536
-0.043322
-0.0386453
-0.03396395
-0.02926469
-0.0246811
-0.0200598
-0.01532174
-0.01073782
-0.006038279
-0.001429208
0.00318657
0.007871896
0.01258756
0.01715897
0.02179771
0.02648937
0.03109561
0.03578411
0.04055567
0.04501858
0.04973206
0.05446443
0.05903944
0.06371316
0.06826463
0.07291361
0.07759047
0.08217724
0.08698079
0.09151166
0.09612702
0.100709
0.1054558
0.1099745
0.1146028
0.1192267
0.123867
0.1284336
0.1330475
0.1376832
0.1422658
0.1468784
0.1515472
0.1560769
0.1607182
0.165324
0.1698726
0.1744834
0.1790799
0.1835948
0.1882014
0.1928084
0.1972636
0.2019042
0.206377
0.2109807
0.2154866
0.2201079
0.2245533
0.2291166
0.2336619
0.2382057
0.2426232
0.2471409
0.2518047
0.2561621
0.2607243
0.2651638
0.2696823
0.2741489
0.2785657
0.2830625
0.2874801
0.29197
0.2964362
0.3008168
0.3053037
0.3097067
0.3141547
0.3185343
0.3229694
0.3273479
0.3317203
0.3361745
0.340492
0.3448606
0.3492342
0.3536421
0.35793
0.3622584
0.3666207
0.3709174
0.3752618
0.3795521
0.3838871
0.3881328
0.3924361
0.3967212
0.4009522
0.4052192
0.4094738
0.4137517
0.4179304
0.4221694
0.4264967
0.4305569
0.4347845
0.4389374
0.4431655
0.4473736
0.4514953
0.4555911
0.4597621
0.4638799
0.4679581
0.4720634
0.4761652
0.4803211
0.4843227
0.4884674
0.4925081
0.4965431
0.50057
0.5045539
0.5085969
0.5125583
0.5165889
0.5205437
0.5245532
0.5284417
0.5324597
0.5363224
0.5402454
0.5441814
0.5481119
0.5519214
0.5558113
0.5596694
0.5635225
0.5673555
0.5712107
0.5749776
0.5788219
0.5826176
0.5863544
0.5901141
0.5939094
0.5976204
0.6013926
0.6050664
0.6087258
0.612487
0.6160915
0.619741
0.6234023
0.6270099
0.6306671
0.6342668
0.6378946
0.6414242
0.6449666
0.6485575
0.6520626
0.6555703
0.6590904
0.6625683
0.6660925
0.6695203
0.6729537
0.6763875
0.6798709
0.6832583
0.6865922
0.6900098
0.6933193
0.6967032
0.700105
0.7033276
0.7066445
0.7099835
0.713171
0.7165221
0.7197018
0.722881
0.7261702
0.7293248
0.7324503
0.735638
0.7388242
0.7418828
0.7450482
0.7481526
0.7512035
0.7542647
0.7573022
0.760373
0.7633258
0.7663172
0.7693038
0.7723009
0.7752309
0.7781455
0.7811018
0.7840295
0.7868598
0.7897093
0.7925913
0.7953591
0.7981812
0.8010247
0.8037634
0.8065066
0.8092679
0.8119786
0.8146951
0.8173888
0.8200387
0.8227101
0.8253877
0.8279377
0.8305775
0.8331529
0.83568
0.8382675
0.8408388
0.8432704
0.8458152
0.848268
0.8506908
0.8531718
0.8555601
0.857944
0.8603441
0.8626896
0.8650267
0.8674425
0.8696874
0.8719462
0.8742232
0.8764839
0.8786922
0.8809102
0.8831261
0.8852755
0.8874307
0.8895855
0.8916947
0.8938001
0.8958755
0.8979306
0.8999472
0.9019562
0.9039623
0.9059413
0.9079232
0.9098723
0.9117612
0.913667
0.9155576
0.9174145
0.9192756
0.9210835
0.9228786
0.9246727
0.926414
0.9281654
0.9298947
0.9315764
0.9332671
0.9349282
0.9365949
0.9382093
0.9397843
0.9413598
0.9429463
0.9444774
0.9460003
0.947485
0.9489658
0.9504078
0.951854
0.9532637
0.954657
0.9560665
0.9573822
0.9587144
0.9600349
0.9613234
0.9626027
0.9638481
0.9650941
0.966282
0.9674763
0.9686602
0.9697838
0.9709094
0.9720081
0.9730864
0.9741539
0.9751996
0.9762101
0.9772225
0.9782125
0.9791399
0.9800776
0.9810017
0.9818804
0.9827744
0.9836124
0.9844334
0.9852733
0.9860317
0.9867882
0.9875294
0.9882623
0.9889626
0.9896402
0.9902935
0.9909266
0.9915555
0.992137
0.9927086
0.9932536
0.9937918
0.9942917
0.9947867
0.9952472
0.9956819
0.9961093
0.9965069
0.9968839
0.9972368
0.9975728
0.9978871
0.9981812
0.9984518
0.9986985
0.9989293
0.99913
0.9993107
0.9994739
0.9996133
0.9997312
0.9998294
0.999905
0.9999588
0.9999899
1
0.9999887
0.9999557
0.9999011
0.9998256
0.9997274
0.9996061
0.9994676
0.9992996
0.9991202
0.998915
0.998685
0.9984369
0.9981644
0.9978724
0.9975603
0.9972252
0.9968686
0.9964901
0.9960749
0.9956701
0.9952254
0.9947608
0.9942712
0.9937648
0.9932318
0.9926688
0.9921093
0.9915183
0.9909017
0.9902557
0.9896049
0.9889244
0.9882235
0.9875049
0.9867532
0.9859842
0.9852079
0.9843974
0.9835638
0.9827278
0.9818357
0.9809565
0.9800393
0.9790926
0.9781532
0.9771719
0.9761752
0.9751526
0.9741155
0.9730417
0.9719715
0.970866
0.9697186
0.9685947
0.9674256
0.9662099
0.9650149
0.9638054
0.9625229
0.9612653
0.9599609
0.9586712
0.9573224
0.9559866
0.9546061
0.9531913
0.9517891
0.9503508
0.9488851
0.9474233
0.9459218
0.9444015
0.9428471
0.9413035
0.9396447
0.9381264
0.9364909
0.9348642
0.9331948
0.9315177
0.9297873
0.9280787
0.9263367
0.924466
0.9228076
0.9209917
0.9191604
0.9173317
0.9154678
0.9135751
0.9116907
0.9097705
0.9078224
0.9058177
0.9038819
0.9017906
0.8998777
0.8978197
0.8957097
0.8936987
0.8915846
0.8894451
0.8873547
0.8851601
0.8830223
0.8808258
0.878602
0.8763902
0.8741143
0.8718407
0.8695757
0.8672711
0.8649343
0.8626022
0.8602254
0.8578494
0.8554287
0.8530404
0.8505991
0.8481548
0.8456798
0.8431838
0.840638
0.8381437
0.8355411
0.8330141
0.8304442
0.8278398
0.8252277
0.8226081
0.819912
0.8172228
0.8145418
0.8118343
0.8091278
0.8064051
0.8036164
0.8008528
0.7980904
0.7952527
0.7924342
0.7895969
0.7867137
0.7838216
0.7809535
0.7780191
0.7750869
0.7721603
0.7692002
0.7661947
0.7631963
0.7602026
0.7571676
0.7541307
0.7510479
0.7479715
0.7448891
0.7417306
0.7385864
0.7355087
0.7323113
0.7291668
0.7259852
0.722707
0.7195176
0.7162772
0.7130412
0.7097591
0.7065122
0.7032008
0.6998454
0.6965608
0.6931688
0.6898482
0.6864383
0.683082
0.6796799
0.6762772
0.6728197
0.6693382
0.6659145
0.6624082
0.6589469
0.6554615
0.6518904
0.6483876
0.6447603
0.6412684
0.6376985
0.6340618
0.6304709
0.6268747
0.6232359
0.6196069
0.6159555
0.6122758
0.6085556
0.6048697
0.6011861
0.5974697
0.5937229
0.5899816
0.586216
0.582437
0.5786391
0.5748246
0.5709131
0.5671905
0.563368
0.5595255
0.5556614
0.5517949
0.5478789
0.5440165
0.5401065
0.5361493
0.5322497
0.528308
0.5243623
0.5203889
0.5163659
0.5124166
0.5084236
0.5043554
0.5003453
0.4963419
0.4922723
0.4882426
0.4841967
0.4801128
0.4760218
0.4719322
0.4678131
0.4636855
0.4594927
0.4554442
0.4513046
0.447156
0.4429791
0.4387822
0.4346135
0.4303735
0.4261775
0.4219956
0.41779
0.4135407
0.4093041
0.4050595
0.4007162
0.3965312
0.3918527
0.3879306
0.383681
0.3793712
0.3750496
0.3707455
0.3663855
0.3620557
0.357775
0.3533503
0.3490429
0.3447056
0.3402803
0.3359399
0.3315601
0.3271766
0.3227139
0.3183688
0.3139518
0.3094772
0.3051056
0.3006767
0.2961001
0.291793
0.2873412
0.2828384
0.278387
0.2739461
0.2694416
0.2649854
0.2604775
0.2559463
0.2515019
0.2469967
0.2423844
0.237962
0.2333938
0.2288947
0.2243971
0.2198381
0.2152388
0.2107644
0.2061745
0.2016174
0.1971176
0.1924593
0.1879521
0.1833819
0.1787543
0.1742335
0.1696564
0.1650888
0.1604932
0.1559035
0.1512803
0.146667
0.1420722
0.1374838
0.1328698
0.1282774
0.1236218
0.1190145
0.114418
0.1097981
0.1051332
0.10054
0.09589343
0.09125423
0.08654178
0.08199184
0.07731657
0.07274043
0.0680952
0.06347134
0.0588147
0.05416249
0.04948053
0.04486322
0.04024019
0.03553719
0.03092205
0.02629291
0.02158025
0.01698631
0.0122728
0.007641043
0.003008162
-0.001633365
-0.006269136
-0.01092384
-0.01559167
-0.02025533
-0.02486898
-0.02954311
-0.03422708
-0.03884073
-0.04351835
-0.04817119
-0.05277061
-0.05746793
-0.06208497
-0.0667026
-0.07134542
-0.0760409
-0.08061779
-0.08526803
-0.0899772
-0.0945581
-0.09917021
-0.1037792
-0.1084562
-0.1130171
-0.1176996
-0.1222735
-0.1268618
-0.1315297
-0.1360945
-0.1406924
-0.1453636
-0.1499297
-0.1545265
-0.1591408
-0.163728
-0.1682873
-0.1729359
-0.1774484
-0.1820115
-0.1866241
-0.1911709
-0.1957977
-0.2003332
-0.2048505
-0.2093998
-0.2140144
-0.2184846
-0.2230284
-0.2276044
-0.2320892
-0.2366534
-0.2412595
-0.2456855
-0.2501489
-0.2547776
-0.2591453
-0.26363
-0.2681495
-0.2725943
-0.2770663
-0.2815432
-0.2860003
-0.290454
-0.2948914
-0.2993752
-0.3037706
-0.3081977
-0.312638
-0.3170987
-0.3214783
-0.3258438
-0.33026
-0.3346618
-0.3390222
-0.3433951
-0.3477712
-0.3521005
-0.3565042
-0.3608521
-0.3651352
-0.3694621
-0.3738022
-0.3781005
-0.3823908
-0.3867344
-0.3909763
-0.3952818
-0.3995402
-0.4037848
-0.4080346
-0.4123016
-0.4165197
-0.4207929
-0.4249411
-0.4291545
-0.4333517
-0.4376424
-0.4417196
-0.4459635
-0.4500662
-0.4542105
-0.4583755
-0.462554
-0.4665858
-0.4706919
-0.4748248
-0.4789105
-0.4829491
-0.487114
-0.4910868
-0.4951504
-0.499314
-0.5032057
-0.5072122
-0.5112355
-0.5152265
-0.5192128
-0.5231668
-0.5271208
-0.531078
-0.5351075
-0.5389497
-0.5428961
-0.5467634
-0.550635
-0.5545489
-0.5583856
-0.5622388
-0.5660514
-0.5698819
-0.5737031
-0.577504
-0.5813189
-0.5851411
-0.5889381
-0.5926284
-0.5964226
-0.6000999
-0.6038268
-0.6075163
-0.6111837
-0.6148441
-0.6185842
-0.6221535
-0.6258007
-0.6294298
-0.6330423
-0.6366764
-0.6402685
-0.6437665
-0.6473862
-0.6509334
-0.6544262
-0.6579481
-0.661397
-0.6649303
-0.6683594
-0.6718168
-0.6752384
-0.678654
-0.6820648
-0.6854691
-0.6888972
-0.6922013
-0.6955593
-0.6989433
-0.7022519
-0.7055237
-0.708829
-0.7120814
-0.7153478
-0.7186027
-0.7218115
-0.7250535
-0.7282338
-0.731405
-0.7345902
-0.737727
-0.740843
-0.7440208
-0.747083
-0.7501433
-0.7532202
-0.756312
-0.7593608
-0.7623277
-0.7653179
-0.7683368
-0.7714238
-0.7742597
-0.777199
-0.7800857
-0.7830164
-0.7859038
-0.7887425
-0.7916019
-0.7944266
-0.7972722
-0.8000545
-0.8028219
-0.8056614
-0.8083736
-0.8110766
-0.8137723
-0.8165123
-0.8192034
-0.821894
-0.8244812
-0.8270897
-0.8296785
-0.8322929
-0.834868
-0.8374144
-0.8399252
-0.8424469
-0.8449391
-0.8474333
-0.8498909
-0.8523401
-0.8547777
-0.8571504
-0.859545
-0.8619277
-0.8642502
-0.8666134
-0.8689074
-0.8712605
-0.8734666
-0.8757342
-0.8779861
-0.8801655
-0.8823892
-0.884589
-0.8867173
-0.8888872
-0.8909776
-0.8930776
-0.8951745
-0.8972273
-0.8992735
-0.9012944
-0.903295
-0.905281
-0.9072466
-0.9093673
-0.9111418
-0.9130358
-0.9149172
-0.9167881
-0.9186406
-0.9204619
-0.9222583
-0.9240722
-0.9258338
-0.9275833
-0.9292966
-0.931022
-0.9327077
-0.9343801
-0.9360086
-0.9376603
-0.939269
-0.9408333
-0.9424104
-0.9439656
-0.9454684
-0.9469752
-0.948476
-0.9499248
-0.9513841
-0.952795
-0.9541909
-0.9555736
-0.9569438
-0.9582898
-0.9596058
-0.9608889
-0.9621813
-0.9634249
-0.9646651
-0.9658937
-0.9671004
-0.9682553
-0.9694006
-0.9705276
-0.9716467
-0.9727286
-0.973814
-0.9748887
-0.9758688
-0.9768826
-0.9778644
-0.9788246
-0.9797643
-0.9806912
-0.9815874
-0.9824636
-0.98332
-0.9841568
-0.9849759
-0.9857738
-0.9865319
-0.9872885
-0.9880199
-0.9887291
-0.9894105
-0.9900889
-0.9907152
-0.9913329
-0.9919413
-0.992516
-0.9930716
-0.9936073
-0.9941256
-0.9946178
-0.9950945
-0.9955385
-0.9959672
-0.9963745
-0.9967566
-0.9971194
-0.9974613
-0.9977827
-0.9980831
-0.9983597
-0.9986175
-0.9988488
-0.999061
-0.9992544
-0.9994225
-0.9995693
-0.9996945
-0.9997991
-0.9998808
-0.9999416
-0.9999813
-0.999999
-0.9999948
-0.9999693
-0.9999224
-0.999853
-0.9997629
-0.9996482
-0.9995173
-0.9993591
-0.9991824
-0.9989857
-0.9987629
-0.9985221
-0.9982598
-0.9979752
-0.997646
-0.9973405
-0.9969905
-0.9966125
-0.9962257
-0.995805
-0.9953712
-0.9949127
-0.9944289
-0.9939368
-0.9934152
-0.9928681
-0.992303
-0.9917201
-0.9911059
-0.9904813
-0.9898303
-0.9891502
-0.9884645
-0.9877519
-0.9870031
-0.9862205
-0.9854698
-0.9846656
-0.9838434
-0.9830097
-0.9821369
-0.9812465
-0.9803494
-0.9794153
-0.9784712
-0.9774944
-0.9765008
-0.9754999
-0.9744595
-0.9733977
-0.972311
-0.971237
-0.9701141
-0.9689649
-0.9677896
-0.9666387
-0.9654198
-0.9642127
-0.962954
-0.9616912
-0.9604012
-0.9591201
-0.9577718
-0.956382
-0.9550676
-0.9536733
-0.9522623
-0.9508342
-0.9493838
-0.9479147
-0.9464245
-0.9449095
-0.9433227
-0.9418302
-0.9402338
-0.9386519
-0.9370481
-0.9353839
-0.9337614
-0.932085
-0.9303555
-0.9286248
-0.926901
-0.9251486
-0.9233969
-0.9215975
-0.9197797
-0.9179456
-0.9161108
-0.914211
-0.9122957
-0.9103846
-0.9084516
-0.9065166
-0.9045469
-0.9025561
-0.9005548
-0.8984833
-0.8964787
-0.8943702
-0.8923054
-0.8901991
-0.8880421
-0.8859096
-0.8837404
-0.8815511
-0.8793717
-0.8771252
-0.8748843
-0.872632
-0.8703224
-0.868058
-0.8657132
-0.8633686
-0.861046
-0.8586123
-0.8562656
-0.8538494
-0.8513897
-0.8489636
-0.8464929
-0.8439671
-0.8414998
-0.838966
-0.8364431
-0.8338898
-0.8313153
-0.8287261
-0.8260781
-0.8234551
-0.8208383
-0.8181307
-0.8154855
-0.8127441
-0.8100194
-0.8073243
-0.8045829
-0.8017626
-0.799023
-0.7962067
-0.7933615
-0.790528
-0.787654
-0.7847958
-0.7818983
-0.7789586
-0.7760523
-0.7731161
-0.7702034
-0.7671827
-0.7641535
-0.761225
-0.7581017
-0.7551498
-0.7520719
-0.7490192
-0.74592
-0.7428161
-0.7396807
-0.7365485
-0.7333681
-0.7301976
-0.7270191
-0.7238395
-0.7206404
-0.7174073
-0.7141054
-0.7107646
-0.7076031
-0.7042528
-0.7009956
-0.6976471
-0.6943135
-0.6909925
-0.6876057
-0.6841329
-0.6807632
-0.6774071
-0.673951
-0.6705451
-0.667054
-0.6635895
-0.660118
-0.6566265
-0.6530068
-0.6495447
-0.6460122
-0.6424806
-0.6388457
-0.6352834
-0.6316898
-0.6281004
-0.6244618
-0.620826
-0.6171334
-0.6134707
-0.6098296
-0.6061361
-0.6024174
-0.5986871
-0.594936
-0.5912304
-0.5874212
-0.5836764
-0.5799176
-0.5761089
-0.5722768
-0.5684965
-0.5645813
-0.560775
-0.5569109
-0.5530951
-0.5491593
-0.5453119
-0.5414178
-0.5374236
-0.5335769
-0.5295525
-0.5256607
-0.5216894
-0.5177378
-0.5137162
-0.509662
-0.5057001
-0.5017456
-0.4976599
-0.4936411
-0.4895834
-0.485395
-0.4814161
-0.4774022
-0.4732237
-0.4691811
-0.4650357
-0.4609005
-0.4567501
-0.4526475
-0.4485371
-0.4442942
-0.4401919
-0.4358436
-0.4318137
-0.427632
-0.4233479
-0.4192067
-0.4148659
-0.4107208
-0.4063179
-0.402241
-0.3978971
-0.3936687
-0.3893846
-0.3851254
-0.3807558
-0.3764925
-0.3721822
-0.3679012
-0.3635342
-0.3592321
-0.3547958
-0.3505355
-0.3461534
-0.3417207
-0.3373361
-0.3329423
-0.3285647
-0.3242288
-0.3198553
-0.3154333
-0.3110172
-0.3066089
-0.3021595
-0.2976652
-0.2932062
-0.2888304
-0.284315
-0.2798501
-0.2754414
-0.2709425
-0.2664634
-0.2619694
-0.257418
-0.2529587
-0.2484719
-0.2440057
-0.2394509
-0.2349261
-0.2302031
-0.2258965
-0.2213512
-0.2167917
-0.2122927
-0.2077388
-0.2031767
-0.1985093
-0.19403
-0.1894924
-0.1849508
-0.1803564
-0.1756942
-0.1711728
-0.1665932
-0.1619781
-0.1573745
-0.1527938
-0.1482212
-0.1436303
-0.1390098
-0.1344147
-0.1297221
-0.1251781
-0.1205935
-0.1159438
-0.1113314
-0.1066919
-0.1019762
-0.09739665
-0.09280179
-0.08816126
-0.08352641
-0.07883842
-0.07423428
-0.06962284
-0.06502895
-0.060388
-0.05561052
-0.05100511
-0.0463929
-0.04178542
-0.03712368
-0.03238869
-0.02782267
-0.02309208
-0.01849636
-0.01378965
-0.009242832
-0.004589017
6.108286E-05
0.004745513
0.009401231
0.01402814
0.01867
0.02332671
0.02804393
0.03261565
0.03727245
0.04192463
0.04659305
0.05123379
0.05594007
0.06054801
0.06518321
0.06985887
0.07454441
0.07905147
0.08372417
0.08835514
0.09307726
0.09762264
0.1022722
0.1068855
0.1115002
0.1160993
0.1207356
0.1253296
0.1299889
0.1345585
0.1391724
0.1437625
0.1484288
0.1529786
0.15761
0.1621589
0.1667739
0.1713458
0.1759553
0.1805347
0.1850558
0.1897678
0.1942715
0.1988197
0.2033412
0.2078975
0.212414
0.216991
0.221567
0.2260434
0.2305503
0.23508
0.2396528
0.2441796
0.2488415
0.2531286
0.2576282
0.2621296
0.2666069
0.2711189
0.2756267
0.280026
0.2846205
0.2889857
0.2934634
0.2978474
0.3022905
0.3067651
0.311146
0.3155637
0.3199692
0.324384
0.328808
0.333169
0.337618
0.3419287
0.346302
0.3506535
0.3550384
0.3594582
0.3636711
0.3680308
0.3723735
0.3768636
0.3809693
0.385247
0.3895322
0.3938757
0.3981001
0.4023965
0.406677
0.4108356
0.4151141
0.4193193
0.4235951
0.4277442
0.4319634
0.4361767
0.4403256
0.4445334
0.4486719
0.4528772
0.4569554
0.4610817
0.4652654
0.4693496
0.4734758
0.4774945
0.4816436
0.4857636
0.4897681
0.4937705
0.4978089
0.5018579
0.5059223
0.5098656
0.5138554
0.5178472
0.5218652
0.5259138
0.5297662
0.5337028
0.5376166
0.5415109
0.5455374
0.5493171
0.5532001
0.5571058
0.560971
0.5648506
0.5685986
0.5724239
0.5762416
0.5800591
0.5838468
0.5890239
0.5918256
0.5951737
0.5989468
0.6026199
0.6064593
0.6101637
0.6137584
0.6175566
0.621013
0.6247196
0.6283112
0.6319279
0.635662
0.6391832
0.6426984
0.6465785
0.6497883
0.6533029
0.6568049
0.6603158
0.6637923
0.6673127
0.6709229
0.6743089
0.6777285
0.6810455
0.684425
0.6877747
0.6911829
0.6945016
0.6980187
0.7014498
0.7046752
0.7079252
0.7110893
0.7143283
0.717604
0.7208468
0.7240343
0.7272248
0.7318141
0.734921
0.7371946
0.740008
0.7430345
0.7466881
0.7491645
0.7521989
0.7552511
0.7584313
0.7613796
0.7644808
0.7675215
0.7703749
0.7736554
0.776234
0.7791249
0.7820137
0.7849082
0.7878009
0.7906215
0.7934858
0.7965229
0.799469
0.8020236
0.8048173
0.8078441
0.8103034
0.8129708
0.8156312
0.8185276
0.8211269
0.8236456
0.8263254
0.8288659
0.8314426
0.8340299
0.8366679
0.8391228
0.8416482
0.8442822
0.8466778
0.8491198
0.8515528
0.8539934
0.8564517
0.8587893
0.861206
0.863539
0.8658298
0.8681565
0.8704136
0.8726972
0.8750321
0.8772773
0.8794717
0.8816888
0.8838778
0.8861361
0.8883314
0.8903251
0.8924233
0.8945229
0.8965869
0.898629
0.9006602
0.9027211
0.9046932
0.9066647
0.9086755
0.9105227
0.9124573
0.9143394
0.916211
0.9180538
0.9199039
0.9217056
0.9235945
0.9253491
0.9270434
0.9288031
0.9305002
0.9321858
0.9338412
0.9355127
0.9371361
0.9387585
0.9403585
0.9419891
0.9434543
0.9450006
0.9465101
0.9480768
0.9494718
0.9509305
0.9523461
0.9538327
0.9552049
0.9565463
0.9578699
0.9592161
0.9604857
0.9620137
0.9630126
0.9642522
0.9654799
0.9666719
0.9678544
0.9690493
0.9701821
0.9713019
0.9724028
0.9735635
0.9745292
0.9755771
0.976665
0.9776844
0.9785569
0.9795778
0.9804354
0.9813343
0.9822112
0.9830555
0.9839154
0.9847281
0.9855173
0.9863549
0.9870732
0.9878241
0.9885216
0.9891964
0.9898688
0.9905157
0.9911798
0.9917555
0.9923598
0.9929183
0.9934416
0.9939777
0.9944685
0.9949811
0.995434
0.9958654
0.9962505
0.9966542
0.9970332
0.9973941
0.9976972
0.9979907
0.998267
0.9985299
0.9987727
0.9989938
0.9991896
0.9993662
0.999531
0.9996553
0.9997706
0.9998577
0.9999776
0.9999943
1
0.9999899
0.9999589
0.9999058
0.9998311
0.9997387
0.999623
0.9994841
0.9993229
0.999145
0.9989368
0.9987162
0.9984705
0.9982038
0.9979051
0.9975977
0.997271
0.9969166
0.9965374
0.9961427
0.9957169
0.9952825
0.9948204
0.9943335
0.9938242
0.9932985
0.9927487
0.9921876
0.9915957
0.9909666
0.9902647
0.9896264
0.9889843
0.9882863
0.987568
0.9868156
0.9860656
0.9852742
0.9844778
0.9836518
0.9827886
0.9819073
0.9809917
0.9800454
0.979069
0.9781021
0.977075
0.9760628
0.9750105
0.9739327
0.9728276
0.9716526
0.9705119
0.9693707
0.9681804
0.9670057
0.9658384
0.9645801
0.9633707
0.9616856
0.9606953
0.9595016
0.9582369
0.9568773
0.9555409
0.9541566
0.9527429
0.9513147
0.9498854
0.9483895
0.946901
0.94539
0.9438673
0.9422898
0.9407583
0.9391491
0.9374706
0.9357316
0.9341522
0.9325914
0.9309217
0.9292141
0.9274828
0.9257357
0.9239525
0.9221174
0.9204029
0.9185433
0.9167164
0.9148679
0.9129696
0.9110773
0.9091434
0.9071808
0.905208
0.9032229
0.9012083
0.8992034
0.8971574
0.8950971
0.8930157
0.8909048
0.8887525
0.8866317
0.8844884
0.8823003
0.8801219
0.8778893
0.8754863
0.8732018
0.8710901
0.8688365
0.8664973
0.8641897
0.8618222
0.8594387
0.8570766
0.8546529
0.8522483
0.8498124
0.8473361
0.8428916
