0
0.02
0.3533334
0.4289391
0.4419569
0.4497787
0.4665529
0.4737719
0.4843544
0.4950455
0.5063146
0.5174043
0.5284314
0.5396851
0.5509682
0.5616952
0.5729725
0.584071
0.5950004
0.6063274
0.617321
0.6283464
0.6397116
0.6509711
0.6616105
0.6727458
0.683822
0.6950644
0.7062231
0.7173294
0.728269
0.7396687
0.7508466
0.7616526
0.7726473
0.7837626
0.7948365
0.8060502
0.8171667
0.8281538
0.8394265
0.8507009
0.8615503
0.8728116
0.8838242
0.8949112
0.9060937
0.9172711
0.9281256
0.9392185
0.9507836
0.9614615
0.9725012
0.9836814
0.9947621
1.006149
1.017241
1.028152
1.03942
1.050581
1.06142
1.072555
1.083587
1.09475
1.105969
1.117181
1.130197
1.144222
1.155334
1.166531
1.177531
1.188657
1.200027
1.21095
1.221938
1.233223
1.244156
1.255273
1.266508
1.277473
1.288668
1.299845
1.310818
1.321969
1.333137
1.344116
1.355309
1.366469
1.37745
1.388668
1.399762
1.4108
1.421907
1.43315
1.444131
1.4552
1.466448
1.477427
1.488637
1.499731
1.510699
1.52189
1.533043
1.544027
1.55512
1.566312
1.57733
1.588821
1.599563
1.610612
1.621786
1.632929
1.644211
1.655142
1.666308
1.677417
1.688431
1.699451
1.710581
1.721704
1.732832
1.743918
1.755226
1.766213
1.777238
1.788278
1.799573
1.810526
1.821709
1.833082
1.843915
1.855158
1.866091
1.877209
1.888287
1.89941
1.910725
1.921676
1.932712
1.943817
1.955065
1.966071
1.977109
1.988346
1.999414
2.010504
2.021541
2.032794
2.044022
2.054859
2.066051
2.077074
2.08818
2.099329
2.110462
2.121563
2.13272
2.143803
2.154831
2.16592
2.177055
2.188348
2.199323
2.210407
2.221485
2.232628
2.243676
2.254917
2.265961
2.27698
2.288204
2.299403
2.310332
2.321466
2.332583
2.343781
2.355021
2.365968
2.377004
2.388198
2.399403
2.410539
2.421457
2.432592
2.443626
2.454887
2.465792
2.476899
2.488109
2.499047
2.510237
2.521345
2.532442
2.543533
2.554607
2.565797
2.576832
2.587998
2.599125
2.610217
2.62128
2.632447
2.643464
2.654594
2.665937
2.676768
2.687956
2.699218
2.710105
2.721357
2.732351
2.743698
2.754521
2.765883
2.776755
2.787973
2.798908
2.810061
2.821218
2.832345
2.843384
2.854432
2.865546
2.876695
2.887809
2.898895
2.910275
2.921303
2.93228
2.943372
2.95451
2.965683
2.976671
2.987806
2.998946
3.009951
3.021073
3.032467
3.043351
3.054445
3.065585
3.076672
3.087672
3.098861
3.109908
3.121027
3.132327
3.143191
3.154364
3.165622
3.176534
3.187625
3.19892
3.210014
3.221085
3.232158
3.243191
3.254344
3.265812
3.276552
3.287614
3.298784
3.309845
3.321092
3.332114
3.34317
3.354238
3.365391
3.376499
3.387686
3.398701
3.409781
3.420911
3.432867
3.443115
3.454161
3.46574
3.476479
3.48764
3.49876
3.509668
3.520976
3.532048
3.543121
3.554147
3.565556
3.576307
3.587487
3.59868
3.609702
3.620733
3.632061
3.642989
3.654083
3.665394
3.676292
3.687469
3.698722
3.709585
3.720764
3.731948
3.742916
3.754063
3.765374
3.776273
3.787536
3.798551
3.809559
3.820765
3.831853
3.842882
3.854139
3.86517
3.876189
3.887371
3.898509
3.909571
3.920598
3.931679
3.94283
3.95401
3.965207
3.976147
3.98773
3.998463
4.009623
4.020559
4.031705
4.043091
4.053848
4.065019
4.076087
4.087331
4.098551
4.109389
4.120557
4.13165
4.142739
4.153921
4.165079
4.176008
4.187201
4.198395
4.209393
4.220486
4.23167
4.242675
4.253874
4.26496
4.276154
4.287094
4.298295
4.309334
4.320489
4.331642
4.342598
4.353675
4.364875
4.375948
4.387097
4.398163
4.40928
4.42047
4.43162
4.442591
4.453684
4.464904
4.476171
4.487162
4.498503
4.509216
4.52055
4.531484
4.542551
4.553687
4.564825
4.575817
4.586949
4.598097
4.609156
4.620249
4.63187
4.642458
4.653604
4.664839
4.675832
4.686899
4.698722
4.709165
4.720211
4.731308
4.742689
4.753612
4.764878
4.775719
4.786935
4.798061
4.809044
4.820411
4.831331
4.842394
4.853502
4.864849
4.875695
4.886786
4.898093
4.909074
4.920106
4.931324
4.942422
4.953489
4.964969
4.975618
4.986773
4.997901
5.008953
5.020075
5.031195
5.042363
5.053366
5.064895
5.075593
5.086691
5.098093
5.108984
5.120013
5.131322
5.142288
5.153434
5.164642
5.175526
5.186753
5.197941
5.209105
5.220021
5.231159
5.242208
5.253526
5.264774
5.275501
5.286594
5.297855
5.308861
5.319917
5.331141
5.342094
5.353277
5.364514
5.37563
5.38667
5.397685
5.409146
5.419881
5.430994
5.442122
5.453384
5.464462
5.475467
5.486608
5.497746
5.508765
5.519842
5.530983
5.542144
5.553143
5.564289
5.575336
5.586678
5.597644
5.608648
5.619741
5.630996
5.642045
5.653066
5.664168
5.675383
5.686361
5.697609
5.708617
5.719978
5.730999
5.742078
5.753116
5.764349
5.775229
5.786335
5.797603
5.808584
5.820029
5.830902
5.841859
5.853137
5.864263
5.875277
5.886264
5.897461
5.908558
5.919591
5.93069
5.941964
5.953043
5.964096
5.975209
5.98646
5.997349
6.008537
6.019576
6.030794
6.041857
6.052878
6.064028
6.075181
6.086236
6.097477
6.10841
6.11956
6.130682
6.14182
6.153148
6.163974
6.175129
6.186235
6.19742
6.208352
6.219643
6.230631
6.241701
6.252757
6.263925
6.275006
6.28632
6.297219
6.308349
6.319589
6.330671
6.341716
6.352738
6.363822
6.374988
6.386154
6.397202
6.408283
6.419442
6.430594
6.441714
6.45271
6.463861
6.474985
6.486138
6.497395
6.508273
6.519417
6.530427
6.541748
6.552638
6.563876
6.574906
6.586062
6.597127
6.608145
6.619246
6.630358
6.641482
6.652775
6.663829
6.674772
6.68593
6.697116
6.708189
6.719336
6.730367
6.741423
6.752656
6.763721
6.77483
6.786024
6.797153
6.808266
6.819197
6.830258
6.841465
6.85252
6.863718
6.875007
6.886815
6.896956
6.90829
6.919209
6.93021
6.941542
6.952519
6.963733
6.974906
6.985932
6.99685
7.007946
7.019281
7.030369
7.041576
7.05254
7.063457
7.074627
7.08569
7.0969
7.107903
7.119136
7.130171
7.141236
7.152318
7.163544
7.17465
7.185724
7.196852
7.207996
7.219041
7.2301
7.241177
7.252353
7.263554
7.274791
7.285661
7.296945
7.307814
7.319117
7.330145
7.341394
7.352231
7.363348
7.374964
7.385661
7.396697
7.407989
7.418942
7.430223
7.441125
7.452422
7.463483
7.474796
7.485682
7.496781
7.50776
7.518819
7.530172
7.541029
7.552137
7.563433
7.574573
7.585577
7.596587
7.607673
7.618778
7.629882
7.640989
7.652256
7.663203
7.674525
7.685673
7.696528
7.707736
7.718808
7.730154
7.741138
7.752244
7.763181
7.774611
7.785563
7.796542
7.807568
7.818862
7.829768
7.840926
7.852078
7.863235
7.87429
7.8854
7.89645
7.907626
7.918615
7.929779
7.940875
7.952116
7.963185
7.974261
7.985487
7.996419
8.007535
8.018619
8.029639
8.041031
8.052083
8.063177
8.074158
8.085431
8.096413
8.107505
8.118591
8.129707
8.140741
8.151933
8.162964
8.174038
8.185179
8.196305
8.207437
8.218466
8.229655
8.240975
8.251794
8.263115
8.274167
8.285154
8.296199
8.307425
8.318693
8.329837
8.340727
8.351757
8.363065
8.373946
8.385099
8.396199
8.40735
8.418489
8.42948
8.440732
8.451938
8.46283
8.473964
8.484999
8.496117
8.507227
8.51859
8.529588
8.54055
8.551759
8.562917
8.573861
8.585094
8.596119
8.607214
8.61826
8.629449
8.64055
8.651902
8.662806
8.673923
8.685052
8.695991
8.707151
8.718183
8.729396
8.740429
8.751487
8.762657
8.773723
8.785032
8.795968
8.807056
8.818313
8.829338
8.840371
8.851502
8.862573
8.873697
8.884823
8.895971
8.907122
8.918119
8.929224
8.940331
8.951431
8.962545
8.973746
8.984945
8.99599
9.00708
9.018059
9.029286
9.040299
9.051361
9.062464
9.073568
9.084691
9.095872
9.106939
9.118156
9.129179
9.140337
9.151515
9.162413
9.173611
9.184777
9.195908
9.206851
9.218082
9.22908
9.240177
9.251413
9.26254
9.273544
9.284674
9.295794
9.307006
9.318061
9.329247
9.340199
9.351219
9.362344
9.373593
9.38456
9.395897
9.406806
9.418106
9.42903
9.440071
9.451546
9.462332
9.47341
9.484554
9.495681
9.506696
9.517896
9.528951
9.540159
9.551162
9.562427
9.573436
9.584444
9.595605
9.606811
9.6179
9.62893
9.639984
9.651108
9.662201
9.673321
9.684427
9.695483
9.70672
9.717875
9.728789
9.74
9.751345
9.762481
9.773266
9.784423
9.795632
9.806621
9.817825
9.828967
9.839909
9.851008
9.862306
9.873319
9.884571
9.895488
9.906578
9.917688
9.928693
9.939959
9.950912
9.962065
9.973224
9.984324
9.995422
10.0065
10.01772
10.02868
10.03984
10.05107
10.06198
10.07327
10.08425
10.09529
10.10653
10.11776
10.12875
10.13969
10.15089
10.16194
10.17324
10.18417
10.19547
10.20638
10.21777
10.22883
10.23967
10.25105
10.26199
10.27319
10.28415
10.29521
10.30637
10.31751
10.32851
10.33965
10.35078
10.3619
10.37308
10.3848
10.39517
10.40631
10.41733
10.4288
10.47287
10.48403
10.49521
10.53967
10.55069
10.56188
10.57294
10.58396
10.59512
10.60628
10.61751
10.62838
10.6397
10.65077
10.6618
10.67292
10.68398
10.6951
10.70617
10.7177
10.72846
10.73941
10.75056
10.76179
10.77282
10.78413
10.79506
10.80622
10.8172
10.82836
10.83937
10.85069
10.86161
10.87283
10.88405
10.89497
10.90604
10.91724
10.92828
10.93949
10.95049
10.96169
10.97265
10.98433
10.99485
11.00627
11.01721
11.0283
11.03944
11.05052
11.06151
11.07261
11.08387
11.09492
11.10589
11.11711
11.12819
11.13932
11.15045
11.16182
11.17252
11.18377
11.19476
11.2059
11.21706
11.22811
11.23934
11.25028
11.26145
11.27262
11.28373
11.29478
11.30591
11.31704
11.32815
11.33928
11.35026
11.36146
11.37288
11.38377
11.39481
11.40597
11.41688
11.42797
11.43917
11.45027
11.4614
11.47249
11.48368
11.49485
11.5058
11.51698
11.52789
11.5392
11.55024
11.56126
11.57237
11.5834
11.59458
11.60564
11.61675
11.62799
11.63905
11.65012
11.66127
11.6724
11.68346
11.69451
11.70567
11.71672
11.72781
11.73893
11.75007
11.76115
11.77233
11.78356
11.79451
11.80561
11.8168
11.82778
11.83895
11.84996
11.86108
11.87223
11.88332
11.89439
11.90572
11.91661
11.9278
11.93894
11.94995
11.96123
11.97233
11.98328
11.9944
12.00547
12.01659
12.02767
12.03891
12.04992
12.06096
12.07214
12.0833
12.09443
12.1054
12.11648
12.12762
12.13891
12.14991
12.16095
12.17201
12.18321
12.19427
12.20545
12.21648
12.22758
12.23909
12.24987
12.26096
12.27204
12.28313
12.29421
12.30542
12.31644
12.3275
12.33875
12.34975
12.36084
12.37197
12.38314
12.39418
12.40537
12.41642
12.4275
12.43862
12.44973
12.46081
12.47196
12.48319
12.4941
12.50521
12.51631
12.52745
12.53864
12.54963
12.5609
12.57196
12.58309
12.59409
12.60531
12.61626
12.62736
12.63857
12.64958
12.66074
12.67189
12.68295
12.694
12.7051
12.71637
12.72732
12.73857
12.74952
12.76064
12.77188
12.78284
12.794
12.80536
12.81625
12.82725
12.83838
12.84947
12.86062
12.87189
12.88301
12.89389
12.90516
12.9161
12.9273
12.93833
12.9495
12.9606
12.9718
12.98285
12.99388
13.005
13.01618
13.02731
13.03841
13.0494
13.06053
13.07158
13.08271
13.09388
13.10495
13.11603
13.12715
13.13828
13.1495
13.16043
13.1715
13.18278
13.19378
13.20502
13.21678
13.22704
13.23816
13.24948
13.26043
13.27159
13.28264
13.29377
13.30486
13.31593
13.32704
13.33821
13.34925
13.36034
13.37161
13.38257
13.39365
13.40472
13.41593
13.42699
13.43823
13.44924
13.4603
13.47162
13.48253
13.49371
13.50489
13.51583
13.52693
13.53813
13.54913
13.56023
13.57144
13.5826
13.59367
13.60474
13.61575
13.62685
13.63804
13.64928
13.66021
13.6714
13.68247
13.69353
13.70464
13.71573
13.72683
13.73794
13.74904
13.76023
13.77137
13.78241
13.79351
13.80468
13.81573
13.82678
13.83788
13.84901
13.86011
13.87123
13.88229
13.8934
13.90457
13.91562
13.92674
13.93785
13.94907
13.96018
13.97121
13.98237
13.99335
14.00471
14.01557
14.02669
14.03801
14.04898
14.06003
14.07109
14.08228
14.09357
14.10439
14.11564
14.12659
14.13787
14.14889
14.15993
14.17111
14.18219
14.19325
14.20433
14.21547
14.22656
14.23776
14.24886
14.25992
14.27113
14.28209
14.29323
14.30428
14.31545
14.3265
14.33764
14.349
14.35983
14.37097
14.38265
14.3934
14.40423
14.41531
14.42658
14.4377
14.44868
14.45981
14.47089
14.48286
14.49318
14.50433
14.51545
14.52642
14.53775
14.54867
14.55975
14.57099
14.58205
14.59318
14.60422
14.61531
14.62637
14.63751
14.6486
14.6597
14.67086
14.68198
14.69301
14.70417
14.71535
14.72634
14.73757
14.74864
14.75984
14.77082
14.78199
14.79298
14.80427
14.81533
14.82629
14.83746
14.84858
14.85959
14.87087
14.88192
14.89303
14.90404
14.91523
14.9263
14.93734
14.94845
14.95959
14.97088
14.98194
14.99292
15.00406
15.01526
15.0262
15.03737
15.04857
15.0595
15.07065
15.08207
15.09292
15.10398
15.11526
15.12609
15.13727
15.14841
15.15949
15.17062
15.18177
15.19284
15.20395
15.21512
15.2261
15.23722
15.24865
15.25946
15.27069
15.28173
15.29281
15.30386
15.3149
15.32601
15.33721
15.34832
15.35944
15.37053
15.38157
15.39306
15.40385
15.41486
15.42603
15.4371
15.44824
15.45929
15.47051
15.48176
15.49274
15.50386
15.51496
15.52593
15.53723
15.54817
15.55926
15.57051
15.58148
15.59268
15.60375
15.61488
15.62595
15.63709
15.64818
15.65924
15.67045
15.68143
15.69267
15.70379
15.71475
15.72581
15.73716
15.74805
15.75913
15.77035
15.78146
15.79271
15.80358
15.815
15.82586
15.83701
15.84802
15.85909
15.87028
15.88131
15.89241
15.9037
15.91471
15.92577
15.93681
15.94802
15.95902
15.97033
15.98144
15.99234
16.00352
16.01467
16.0257
16.03719
16.0479
16.05899
16.07015
16.08131
16.09234
16.10346
16.11454
16.12566
16.13698
16.14793
16.15899
16.17009
16.18136
16.19229
16.20346
16.21447
16.22555
16.23669
16.24787
16.25903
16.52549
16.53656
16.54765
16.55875
16.57001
16.58098
16.5921
16.60327
16.61424
16.62548
16.63656
16.64768
16.65875
16.66992
16.68093
16.69216
16.70322
16.71425
16.72549
16.73645
16.74755
16.7588
16.76992
16.78098
16.79196
16.8032
16.81422
16.82526
16.8364
16.84752
16.85864
16.86991
16.88083
16.89199
16.90315
16.91421
16.92529
16.93648
16.94756
17.10365
17.11416
17.12516
17.13624
17.14739
17.15847
17.16958
17.18073
17.19187
17.203
17.21399
17.22517
17.23632
17.24743
17.25842
17.2695
17.28064
17.29185
17.30294
17.31395
17.32525
17.33614
17.34726
17.35854
17.36954
17.3807
17.39168
17.40278
17.41399
17.42499
17.43616
17.44721
17.45827
17.46944
17.48071
17.49167
17.50278
17.51397
17.52497
17.5363
17.54731
17.55823
17.56949
17.58062
17.59158
17.60274
17.61395
17.62491
17.63619
17.64745
17.65833
17.6695
17.68043
17.6916
17.70275
17.71399
17.72494
17.7362
17.74721
17.75818
17.76936
17.78045
17.79149
17.80285
17.81385
17.8248
17.8359
17.84715
17.85815
17.86929
17.88043
17.89141
17.92476
17.93581
17.94696
17.95807
17.96931
17.98102
17.99308
18.00358
18.01373
18.02475
18.03675
18.04752
18.06091
18.08178
18.09225
18.09979
18.10901
18.12043
18.131
18.14182
18.15297
18.16419
18.17509
18.18641
18.19729
18.20866
18.21972
18.23087
18.24189
18.25287
18.26395
18.27516
18.28644
18.29741
18.30841
18.31978
18.33064
18.34172
18.3528
18.36395
18.37535
18.3862
18.39721
18.40836
18.41966
18.43054
18.44187
18.45279
18.46387
18.47523
18.48635
18.49719
18.50838
18.51939
18.5305
18.54165
18.5528
18.56423
18.57575
18.58724
18.59871
18.61015
18.62166
18.63316
18.64455
18.65605
18.66749
18.67911
18.69003
18.70186
18.71301
18.72438
18.73546
18.74657
18.75782
18.76892
18.77993
18.79117
18.8023
18.8132
18.82431
18.8356
18.84652
18.85768
18.86871
18.88002
18.89101
18.90211
18.91315
18.9244
18.96878
18.97976
18.99099
19.00224
19.01309
19.02421
19.03545
19.04656
19.05754
19.06869
19.07972
19.09086
19.10218
19.11306
19.12415
19.13526
19.14634
19.15753
19.16861
19.17972
19.19077
19.20214
19.21306
19.22408
19.23523
19.24656
19.25755
19.26878
19.27994
19.29074
19.30217
19.31316
19.32411
19.33514
19.34641
19.35753
19.36847
19.37973
19.39077
19.4018
19.41298
19.42398
19.43519
19.4462
19.45732
19.46855
19.47957
19.49079
19.50194
19.51287
19.52394
19.5351
19.54623
19.55739
19.56861
19.57958
19.61282
19.62403
19.63519
19.6461
19.65731
19.66836
19.67963
19.69075
19.70174
19.71293
19.72398
19.73496
19.74606
19.75714
19.7686
19.77932
19.79049
19.80169
19.81273
19.82387
19.83488
19.84607
19.85756
19.86857
19.87955
19.89041
19.90161
19.9128
19.92382
19.93486
19.946
19.95712
19.96821
19.97941
19.99039
20.00155
20.01268
20.02374
20.03506
20.04615
20.05719
20.06815
20.07921
20.09033
20.10153
20.11285
20.12365
20.13477
20.14607
20.15708
20.16805
20.17939
20.1904
20.20144
20.21264
20.22361
20.23478
20.24594
20.25695
20.26809
20.27929
20.29019
20.30132
20.31259
20.32364
20.33474
20.34604
20.35693
20.36809
20.37914
20.39027
20.40131
20.41243
20.42352
20.43473
20.4458
20.45692
20.4681
20.47899
20.49025
20.50133
20.51254
20.52353
20.53465
20.54573
20.55685
20.56796
20.57909
20.59015
20.60119
20.61242
20.62355
20.63449
20.64574
20.65688
20.66802
20.679
20.69018
20.70117
20.71229
20.72344
20.7346
20.7456
20.75678
20.76789
20.77897
20.78998
20.8012
20.81241
20.82357
20.83447
20.84551
20.85678
20.86786
20.87877
20.89006
20.9011
20.91218
20.92346
20.93447
20.94548
20.95674
20.96773
20.97881
20.99001
21.00112
21.01213
21.02328
21.03446
21.04562
21.05655
21.06786
21.07872
21.08985
21.10113
21.11217
21.12323
21.13436
21.14534
21.15672
21.16777
21.1787
21.18986
21.20091
21.21215
21.22319
21.23421
21.24532
21.25643
21.26755
21.2789
21.2898
21.30097
21.31193
21.32325
21.33429
21.34533
21.35641
21.36748
21.37868
21.3899
21.40082
21.41237
21.42303
21.43423
21.44519
21.45631
21.46739
21.47853
21.48982
21.50082
21.51186
21.52297
21.53409
21.54524
21.55635
21.56737
21.57861
21.58976
21.6007
21.61179
21.62304
21.63409
21.64515
21.6564
21.66733
21.67866
21.68964
21.70092
21.71201
21.72295
21.73396
21.74533
21.75616
21.76741
21.77844
21.7896
21.80067
21.81183
21.82305
21.83398
21.84507
21.85606
21.86744
21.87855
21.88947
21.90073
21.91183
21.92362
21.93391
21.94497
21.95615
21.96719
21.9785
21.98947
22.00054
22.01179
22.02274
22.03382
22.04506
22.05606
22.0674
22.0782
22.08934
22.10047
22.11167
22.12267
22.13376
22.14504
22.15605
22.16711
22.1782
22.1893
22.20062
22.21208
22.22263
22.23384
22.24481
22.25599
22.26713
22.27814
22.28948
22.30033
22.31177
22.32267
22.33375
22.34572
22.35591
22.36708
22.37819
22.38921
22.40029
22.41172
22.42259
22.43364
22.44489
22.4558
22.46702
22.47819
22.48915
22.50032
22.5115
22.52267
22.53359
22.54466
22.55579
22.56688
22.57794
22.58908
22.60024
22.61128
22.6225
22.6335
22.64462
22.65577
22.66687
22.678
22.68903
22.70025
22.71158
22.7224
22.73351
22.74457
22.75567
22.76687
22.77804
22.78904
22.80017
22.81122
22.82242
22.83353
22.84447
22.85583
22.86686
22.87795
22.8891
22.90002
22.91131
22.92227
22.93341
22.94445
22.95555
22.96681
22.978
22.98927
23.00008
23.01124
23.0225
23.03337
23.04463
23.05552
23.06661
23.07771
23.08901
23.10012
23.11107
23.12218
23.13325
23.1446
23.15546
23.16663
23.17768
23.18899
23.19989
23.21105
23.22211
23.23326
23.24469
23.25564
23.26684
23.2777
23.28874
23.30001
23.31099
23.32217
23.33333
23.34434
23.35538
23.36654
23.3777
23.38874
23.39978
23.41113
23.42204
23.43317
23.44419
23.45544
23.4667
23.47767
23.48865
23.49985
23.51085
23.52206
23.53312
23.54428
23.55529
23.56637
23.5776
23.58859
23.59975
23.611
23.62189
23.63306
23.64428
23.65531
23.66636
23.67747
23.68854
23.69973
23.71083
23.72187
23.73322
23.74413
23.75521
23.76659
23.77746
23.78849
23.7998
23.8107
23.82184
23.83291
23.84475
23.85521
23.86621
23.87734
23.88844
23.89977
23.91075
23.92193
23.93285
23.94398
23.95506
23.96615
23.97733
23.98844
23.99948
24.0106
24.02184
24.03281
24.04393
24.05501
24.0662
24.07739
24.08848
24.09955
24.11053
24.12163
24.13275
24.1439
24.15499
24.16619
24.17718
24.18832
24.19941
24.21051
24.22162
24.23282
24.24381
24.25498
24.26605
24.27767
24.28823
24.29948
24.31043
24.32161
24.33269
24.34376
24.35488
24.36595
24.37706
24.38829
24.39933
24.41042
24.42154
24.43267
24.44367
24.45485
24.46593
24.47703
24.48814
24.49938
24.51034
24.52147
24.53259
24.54376
24.55474
24.56592
24.57696
24.58811
24.59927
24.61035
24.62143
24.63254
24.64363
24.65474
24.6661
24.67704
24.68807
24.69954
24.71029
24.72134
24.73247
24.74353
24.75469
24.76582
24.77708
24.788
24.79914
24.81017
24.82133
24.83258
24.84382
24.85469
24.866
24.87694
24.88797
24.89918
24.91023
24.92127
24.93238
24.94348
24.95463
24.96564
24.97686
24.98796
24.99919
25.01018
25.02122
25.0325
25.04346
25.05452
25.06562
25.07672
25.08781
25.09908
25.11032
25.12118
25.13242
25.14339
25.1545
25.1658
25.17669
25.18823
25.19895
25.21003
25.22109
25.23226
25.2433
25.25438
25.26555
25.27659
25.28772
25.29886
25.30999
25.32116
25.33225
25.34328
25.35438
25.36552
25.37658
25.38769
25.39888
25.4099
25.42107
25.43221
25.44325
25.45432
25.46542
25.47662
25.48768
25.49876
25.50983
25.52096
25.53213
25.54315
25.55428
25.56555
25.57648
25.58758
25.59877
25.60978
25.62091
25.6322
25.6431
25.65423
25.66534
25.67643
25.68754
25.6989
25.70976
25.72086
25.73198
25.74313
25.7542
25.76528
25.77677
25.78766
25.79885
25.80972
25.82087
25.83206
25.84318
25.85413
25.86527
25.87636
25.88743
25.89867
25.90968
25.92077
25.932
25.94316
25.95411
25.96529
25.97631
25.98741
25.99865
26.00963
26.02077
26.03191
26.04312
26.05402
26.06535
26.07626
26.08734
26.09858
26.10958
26.12096
26.1319
26.14286
26.15407
26.16511
26.17617
26.18731
26.1986
26.20963
26.22073
26.23178
26.2428
26.254
26.265
26.27609
26.28724
26.29854
26.30944
26.32059
26.33167
26.34282
26.35393
26.36502
26.37611
26.38718
26.39851
26.40978
26.42064
26.43177
26.44271
26.45381
26.465
26.47603
26.48716
26.49845
26.50932
26.52071
26.53172
26.54268
26.55378
26.5649
26.57597
26.58705
26.59822
26.60927
26.62057
26.63152
26.64266
26.65378
26.66486
26.67603
26.68703
26.69827
26.70928
26.72046
26.73164
26.74261
26.75368
26.76487
26.77588
26.78728
26.79819
26.80928
26.82034
26.83149
26.84266
26.85368
26.86497
26.87595
26.88709
26.89818
26.90969
26.92028
26.93144
26.94248
26.95364
26.96485
26.97582
26.98692
26.99826
27.00909
27.02062
27.03144
27.04255
27.05375
27.06466
27.07574
27.08688
27.098
27.10906
27.12017
27.13132
27.14237
27.15346
27.16463
27.17569
27.18687
27.19801
27.20908
27.22011
27.23125
27.24234
27.25345
27.26463
27.27566
27.28672
27.29801
27.30897
27.32014
27.3312
27.34239
27.35363
27.36456
27.3756
27.38677
27.39787
27.40892
27.42003
27.43122
27.4423
27.4534
27.46442
27.47561
27.48677
27.49786
27.50912
27.51998
27.53107
27.54221
27.55357
27.56438
27.57544
27.58658
27.59795
27.60879
27.61991
27.63109
27.64215
27.65349
27.66448
27.67546
27.68655
27.69768
27.70879
27.71989
27.73112
27.74208
27.75322
27.76437
27.77539
27.78654
27.79767
27.80923
27.82005
27.83109
27.84202
27.85322
27.86437
27.87536
27.88646
27.89771
27.90866
27.91977
27.93106
27.94215
27.9531
27.96426
27.97528
27.98644
27.99756
28.0086
28.01972
28.03094
28.042
28.05322
28.06421
28.07541
28.08638
28.09758
28.10853
28.11976
28.13084
28.14188
28.15302
28.16417
28.17518
28.18631
28.19745
28.20851
28.21961
28.23091
28.24192
28.25293
28.26412
28.27523
28.28625
28.29752
28.30846
28.31959
28.33083
28.34182
28.3529
28.36398
28.37509
28.38618
28.39747
28.4086
28.4196
28.43086
28.44182
28.45288
28.46409
28.47503
28.48632
28.49735
28.5084
28.51958
28.53064
28.5418
28.55282
28.56411
28.57495
28.58614
28.59763
28.60828
28.61968
28.63085
28.64161
28.65274
28.66384
28.67501
28.68626
28.69718
28.70824
28.71937
28.73071
28.74172
28.7527
28.76387
28.77493
28.78613
28.7973
28.80823
28.81955
28.83049
28.84159
28.85266
28.86388
28.87486
28.88599
28.89727
28.90824
28.91935
28.93036
28.94154
28.9526
28.96381
28.97479
28.98599
28.99724
29.00816
29.01924
29.03038
29.04162
29.05265
29.06375
29.07479
29.08585
29.09706
29.10813
29.11924
29.13038
29.14144
29.15253
29.16381
29.17469
29.186
29.19699
29.20816
29.21911
29.23038
29.24139
29.25243
29.26353
29.27473
29.28573
29.29696
29.30811
29.31914
29.33024
29.34133
29.3526
29.36356
29.37466
29.38571
29.39699
29.40794
29.41902
29.43017
29.44143
29.45241
29.4635
29.47452
29.48574
29.4968
29.50788
29.51915
29.53014
29.54122
29.55238
29.56347
29.57449
29.58589
29.59674
29.60781
29.6191
29.63037
29.64119
29.65221
29.66343
29.67451
29.68563
29.69674
29.70778
29.71887
29.73048
29.74107
29.75216
29.76332
29.77443
29.78571
29.79675
29.80777
29.81902
29.83069
29.84104
29.85232
29.86346
29.87445
29.88545
29.89654
29.90772
29.9189
29.93012
29.94107
29.95211
29.96342
29.97436
29.98558
29.99659
30.00761
30.01879
30.03005
30.04097
30.05204
30.06325
30.07425
30.08545
30.09685
30.10751
30.11877
30.13009
30.14103
30.15221
30.1631
30.17422
30.18542
30.1964
30.20791
30.21877
30.22984
30.24083
30.25223
30.26308
30.27419
30.28531
30.29647
30.30746
30.31857
30.32974
30.34079
30.35192
30.36319
30.37413
30.38536
30.3965
30.40752
30.41869
30.42984
30.4408
30.45199
30.4632
30.47404
30.48535
30.49625
30.50749
30.5185
30.52981
30.54069
30.55188
30.56303
30.57419
30.58506
30.59618
30.60768
30.61843
30.62971
30.6407
30.65189
30.66297
30.67394
30.68513
30.69613
30.70733
30.71849
30.72944
30.74068
30.75173
30.76291
30.77393
30.78511
30.79616
30.80722
30.8185
30.82945
30.84055
30.85169
30.86293
30.87388
30.88496
30.89614
30.90718
30.91835
30.92941
30.94061
30.9516
30.96276
30.97389
30.9849
30.99603
31.00716
31.01836
31.02933
31.04048
31.05189
31.06262
31.07381
31.08484
31.09608
31.1073
31.11832
31.12929
31.14049
31.15157
31.16258
31.17368
31.1848
31.1961
31.207
31.21833
31.2294
31.24048
31.25157
31.26257
31.27377
31.28477
31.29599
31.30703
31.31826
31.32918
31.34049
31.3514
31.36251
31.3737
31.3849
31.39579
31.40694
31.41804
31.42916
31.44025
31.45144
31.46242
31.47365
31.48479
31.49578
31.50688
31.51812
31.52915
31.5404
31.5514
31.56239
31.57373
31.58463
31.59572
31.60687
31.61791
31.62914
31.64023
31.65146
31.66242
31.67347
31.68471
31.69572
31.70679
31.71794
31.729
31.74026
31.75125
31.76231
31.77341
31.78473
31.79578
31.80671
31.81795
31.82889
31.84013
31.85147
31.86227
31.87344
31.88473
31.89556
31.907
31.91791
31.92887
31.94026
31.95124
31.96218
31.97338
31.98464
31.9955
32.0068
32.01794
32.02895
32.04005
32.05112
32.06238
32.07326
32.08435
32.09547
32.1067
32.11775
32.1288
32.14006
32.15129
32.16221
32.17326
32.18451
32.19538
32.20653
32.21783
32.22879
32.23983
32.25102
32.26207
32.27322
32.28434
32.29536
32.30654
32.31783
32.32864
32.33992
32.351
32.36195
32.37323
32.38453
32.39529
32.40664
32.41766
32.42862
32.43993
32.4509
32.46194
32.47313
32.48416
32.49524
32.50678
32.5176
32.52856
32.53971
32.55088
32.56187
32.57301
32.58424
32.59523
32.60634
32.61755
32.62862
32.63978
32.65088
32.66197
32.67296
32.68402
32.69516
32.70626
32.71749
32.72865
32.73958
32.75071
32.76188
32.77296
32.78418
32.79521
32.80627
32.81746
32.82844
32.83961
32.85077
32.86174
32.87291
32.88402
32.89531
32.90637
32.9173
32.92838
32.93968
32.95073
32.96187
32.97288
32.98401
32.995
33.00618
33.01724
33.02833
33.03972
33.05052
33.06161
33.07279
33.08387
33.09505
33.10611
33.11737
33.12829
33.13947
33.15074
33.16164
33.17275
33.18381
33.19487
33.20604
33.21721
33.22822
33.23949
33.25074
33.26152
33.27267
33.28391
33.29485
33.30625
33.31721
33.32822
33.33978
33.35051
33.3615
33.37258
33.38386
33.39497
33.40606
33.4171
33.42816
33.43953
33.45042
33.46153
33.47253
33.48384
33.4948
33.50612
33.51715
33.52806
33.53934
33.5504
33.56149
33.57249
33.58363
33.59478
33.60599
33.61714
33.62819
33.63951
33.65041
33.66136
33.67255
33.68361
33.69465
33.7059
33.71709
33.72831
33.7393
33.75039
33.76133
33.77248
33.78357
33.79459
33.80574
33.81701
33.82791
33.83935
33.85015
33.86122
33.87244
33.8835
33.89467
33.90576
33.91679
33.92789
33.93898
33.95008
33.96159
33.97224
33.98338
33.99448
34.00566
34.01673
34.02791
34.03925
34.0501
34.06115
34.07228
34.08355
34.09452
34.10564
34.11674
34.12779
34.13901
34.15017
34.16113
34.17227
34.18343
34.19435
34.20572
34.21665
34.22779
34.23903
34.24994
34.26108
34.27216
34.2833
34.29436
34.30559
34.31656
34.32768
34.339
34.34989
34.36101
34.37237
34.38335
34.39427
34.40565
34.41663
34.42784
34.43875
34.44997
34.46093
34.47207
34.48333
34.49432
34.50543
34.5166
34.52758
34.5387
34.54982
34.56103
34.57201
34.58367
34.5942
34.6054
34.61641
34.62756
34.63864
34.64993
34.66095
34.67205
34.68383
34.69416
34.70535
34.71651
34.72754
34.73866
34.74982
34.76083
34.77193
34.78308
34.79443
34.80529
34.8169
34.82742
34.83863
34.85001
34.86076
34.87196
34.88318
34.89405
34.90536
34.91629
34.92741
34.93858
34.94958
34.96082
34.97195
34.98294
34.99404
35.0052
35.01625
35.02742
35.0385
35.0497
35.06067
35.0718
35.08285
35.09396
35.10509
35.11635
35.12731
35.13866
35.1496
35.16065
35.17177
35.18285
35.19389
35.20517
35.21634
35.22741
35.23852
35.24955
35.26057
35.2718
35.28285
35.29383
35.30503
35.3161
35.32717
35.33836
35.34951
35.3605
35.37169
35.38279
35.39382
35.40491
35.41611
35.42722
35.43825
35.44937
35.46044
35.47161
35.48271
35.49377
35.50504
35.5162
35.52707
35.53831
35.54931
35.56038
35.57173
35.58272
35.59383
35.60488
35.61603
35.62701
35.63815
35.64939
35.66034
35.6716
35.68258
35.6938
35.70479
35.71589
35.72694
35.73812
35.74933
35.76031
35.77151
35.78252
35.79356
35.80482
35.81583
35.82718
35.83806
35.84915
35.8604
35.87146
35.8825
35.89363
35.90469
35.91578
35.92691
35.93812
35.94919
35.96021
35.97129
35.98243
35.99351
36.00463
36.01574
36.02688
36.03802
36.04942
36.06023
36.07129
36.08237
36.09349
36.10457
36.11576
36.12677
36.13788
36.14909
36.1601
36.1712
36.18228
36.1934
36.20463
36.21563
36.22671
36.23798
36.24905
36.26007
36.27125
36.28228
36.29334
36.30447
36.31559
36.32668
36.33781
36.34895
36.36023
36.3711
36.38219
36.39328
36.40441
36.41557
36.42664
36.43786
36.44895
36.45997
36.47104
36.48219
36.49329
36.50438
36.51571
36.5266
36.53876
36.54892
36.55992
36.57105
36.58219
36.59327
36.60446
36.61556
36.62651
36.63782
36.6488
36.65984
36.67109
36.68209
36.69319
36.70427
36.71553
36.72649
36.7376
36.74884
36.75981
36.7709
36.78235
36.79311
36.80421
36.81543
36.8265
36.83753
36.84871
36.85975
36.8709
36.8821
36.89307
36.90417
36.91553
36.9264
36.93763
36.94867
36.95969
36.97085
36.9821
36.99303
37.00424
37.01535
37.02631
37.03765
37.04861
37.05972
37.07095
37.08191
37.09301
37.10406
37.11518
37.12628
37.13745
37.14859
37.15968
37.17074
37.18185
37.19291
37.20412
37.2152
37.22625
37.23735
37.24855
37.25957
37.27072
37.28184
37.29314
37.30404
37.31524
37.32619
37.33731
37.34837
37.35951
37.37063
37.38182
37.39286
37.40391
37.41514
37.42617
37.43722
37.44847
37.45945
37.4707
37.48176
37.49282
37.5039
37.51497
37.52608
37.53722
37.54836
37.55938
37.57054
37.58173
37.59275
37.60392
37.61504
37.62604
37.63727
37.64831
37.65936
37.67047
37.68171
37.69267
37.70381
37.7151
37.72608
37.73714
37.7482
37.75943
37.77039
37.78164
37.79264
37.80368
37.81491
37.82591
37.83699
37.84826
37.85928
37.87039
37.88154
37.89264
37.90368
37.91494
37.92588
37.93695
37.94816
37.95921
37.97047
37.98152
37.99253
38.00363
38.0149
38.02583
38.03696
38.04817
38.05917
38.07038
38.0817
38.0926
38.1036
38.11502
38.1258
38.1369
38.14809
38.15911
38.17022
38.18135
38.19244
38.20354
38.21463
38.22583
38.23684
38.24794
38.25909
38.27031
38.28135
38.29236
38.30352
38.31466
38.32572
38.33683
38.34796
38.35899
38.37024
38.38136
38.39233
38.40343
38.4146
38.42567
38.43674
38.44798
38.45897
38.47015
38.48122
38.49229
38.50339
38.51456
38.52563
38.53686
38.54779
38.55891
38.57002
38.5814
38.59224
38.60354
38.6145
38.62559
38.63676
38.648
38.65887
38.66997
38.68116
38.69226
38.70326
38.71463
38.7255
38.73665
38.74811
38.75885
38.76993
38.78109
38.79219
38.80331
38.81437
38.82546
38.83659
38.84797
38.85884
38.87004
38.88105
38.89211
38.90332
38.91434
38.92545
38.93647
38.94758
38.9587
38.9698
38.98097
38.99221
39.0034
39.01432
39.02559
39.03654
39.04768
39.05875
39.0698
39.08086
39.0922
39.10307
39.11421
39.12534
39.13646
39.14768
39.15882
39.16972
39.18103
39.19217
39.20317
39.21431
39.22527
39.23654
39.24752
39.25864
39.2697
39.28077
39.29188
39.30302
39.31429
39.32519
39.33632
39.3476
39.35866
39.36966
39.38082
39.39185
39.40299
39.41413
39.42517
39.43639
39.44744
39.45851
39.46969
39.48075
39.4918
39.50313
39.5141
39.52512
39.53625
39.5475
39.55866
39.56958
39.58064
39.59187
39.60341
39.61408
39.6252
39.63618
39.6474
39.65851
39.66951
39.68064
39.69171
39.70293
39.71397
39.72502
39.73642
39.74739
39.75838
39.76942
39.78072
39.79188
39.80312
39.814
39.82504
39.83607
39.84729
39.85842
39.8695
39.88051
39.89164
39.90273
39.9139
39.92499
39.93613
39.9473
39.95826
39.96939
39.98057
39.99155
40.00281
40.01383
40.02523
40.036
40.04716
40.05835
40.06926
40.08049
40.09171
40.10265
40.11391
40.12485
40.13594
40.14712
40.15816
40.16928
40.18036
40.19144
40.20255
40.21365
40.22575
40.23598
40.24701
40.25808
40.26921
40.28034
40.2914
40.30244
40.3137
40.32477
40.33588
40.34689
40.35811
40.3692
40.38034
40.39132
40.4026
40.41371
40.42466
40.43585
40.44702
40.45797
40.46909
40.48031
40.49131
40.50253
40.51355
40.5246
40.53572
40.5469
40.55806
40.56914
40.58011
40.59134
40.60233
40.61348
40.6247
40.63593
40.64686
40.6579
40.66896
40.68015
40.69118
40.70246
40.71386
40.72447
40.73568
40.74676
40.75783
40.76891
40.7801
40.79117
40.80225
40.81335
40.82448
40.83565
40.84683
40.85775
40.86895
40.88009
40.89123
40.90226
40.9136
40.92442
40.93546
40.94671
40.95774
40.96881
40.97991
40.99111
41.0022
41.01344
41.02441
41.03553
41.04665
41.05767
41.06875
41.07985
41.09099
41.10216
41.11324
41.12445
41.13544
41.14653
41.1578
41.16886
41.17993
41.19099
41.20214
41.21313
41.22421
41.23541
41.24657
41.25769
41.26871
41.27974
41.29094
41.30199
41.31333
41.32418
41.33548
41.34655
41.35753
41.36876
41.37981
41.39086
41.40195
41.41383
41.42415
41.43526
41.44656
41.45748
41.46875
41.47979
41.49091
41.50211
41.51302
41.52412
41.53529
41.54639
41.55743
41.56864
41.57965
41.59076
41.60199
41.61296
41.62403
41.63531
41.64677
41.65746
41.66861
41.67972
41.6907
41.70191
41.71307
41.72405
41.73523
41.74627
41.75745
41.76857
41.77954
41.79072
41.80189
41.8131
41.82397
41.83512
41.84632
41.85757
41.86839
41.87965
41.89061
41.90185
41.91293
41.92408
41.93497
41.94625
41.9577
41.96836
41.97951
41.99063
42.00171
42.01282
42.0239
42.035
42.04612
42.05761
42.06828
42.07955
42.09056
42.1016
42.11291
42.12379
42.13491
42.14624
42.15744
42.16847
42.17955
42.19051
42.20163
42.21275
42.22385
42.23483
42.24609
42.25731
42.26839
42.27949
42.29049
42.30157
42.31266
42.3237
42.33502
42.34587
42.35718
42.36815
42.37924
42.39049
42.40151
42.41263
42.42375
42.43472
42.44593
42.45703
42.46809
42.47933
42.49026
42.50149
42.51263
42.52357
42.53495
42.54584
42.55696
42.5682
42.5792
42.59032
42.6016
42.61255
42.6237
42.63473
42.64582
42.65691
42.668
42.67925
42.69033
42.7013
42.71258
42.72352
42.73479
42.74592
42.75686
42.76792
42.77922
42.79013
42.80127
42.81247
42.82354
42.83471
42.84576
42.85688
42.86811
42.87914
42.89023
42.90116
42.91243
42.92368
42.93449
42.94595
42.95673
42.96791
42.97894
42.99007
43.00117
43.01232
43.02341
43.0346
43.04571
43.05679
43.06782
43.07886
43.08996
43.10125
43.11262
43.12332
43.13461
43.14554
43.15673
43.16781
43.1788
43.18996
43.20135
43.21236
43.22327
43.23447
43.24545
43.25666
43.26774
43.2788
43.28987
43.3013
43.31219
43.32327
43.33429
43.34559
43.35662
43.36771
43.37874
43.38989
43.40098
43.4122
43.42329
43.43428
43.44539
43.45653
43.46767
43.47883
43.48981
43.50107
43.5121
43.52314
43.53428
43.54545
43.55644
43.56778
43.57877
43.5899
43.60085
43.61211
43.62309
43.63416
43.64548
43.65635
43.6677
43.67863
43.68976
43.70081
43.71201
43.72328
43.73426
43.74518
43.75644
43.76749
43.77861
43.79007
43.80092
43.81184
43.82318
43.83412
43.84531
43.85645
43.8676
43.87859
43.88959
43.90091
43.91183
43.92337
43.93405
43.94511
43.95641
43.96731
43.97871
43.98958
44.00109
44.01173
44.02305
44.03404
44.04515
44.05618
44.06748
44.07847
44.08957
44.10057
44.11177
44.12279
44.13412
44.145
44.15615
44.16743
44.17855
44.18969
44.20076
44.21171
44.22274
44.23388
44.24498
44.25604
44.26719
44.27844
44.28958
44.3005
44.31175
44.32286
44.33382
44.34498
44.35609
44.36721
44.37846
44.38947
44.40054
44.41154
44.42274
44.43386
44.44545
44.45602
44.46715
44.47831
44.4893
44.50042
44.51155
44.52292
44.53383
44.54487
44.5559
44.56706
44.57837
44.58933
44.60043
44.61159
44.62273
44.6338
44.64484
44.65592
44.66706
44.67813
44.68943
44.70037
44.7114
44.72258
44.73366
44.7448
44.75612
44.76711
44.77813
44.78926
44.80036
44.81159
44.82261
44.83365
44.84464
44.85574
44.86717
44.87818
44.88921
44.90022
44.91135
44.92266
44.93357
44.94487
44.95584
44.96708
44.97793
44.98904
45.00014
45.01133
45.02244
45.03349
45.04457
45.05569
45.06696
45.07788
45.089
45.10012
45.11127
45.12236
45.13361
45.14463
45.15572
45.16691
45.17812
45.18892
45.20011
45.21121
45.22253
45.23343
45.24458
45.25566
45.26674
45.27779
45.28894
45.29999
45.31121
45.32221
45.33333
45.3444
45.35566
45.36665
45.37784
45.38884
45.40001
45.41109
45.42226
45.43337
45.44435
45.4558
45.46675
45.47783
45.48885
45.49997
45.51099
45.52218
45.53338
45.54434
45.55539
45.56651
45.57775
45.58889
45.60037
45.61095
45.62206
45.63318
45.64427
45.65545
45.66664
45.67757
45.68901
45.69988
45.71106
45.72201
45.73314
45.74435
45.75534
45.76645
45.77754
45.78868
45.79985
45.81088
45.82216
45.8331
45.84422
45.8553
45.86649
45.87779
45.88857
45.89976
45.91092
45.92248
45.93307
45.94413
45.95522
45.96649
45.97747
45.98867
45.99984
46.01072
46.02193
46.03298
46.04424
46.05519
46.06634
46.07751
46.08853
46.09973
46.11077
46.12202
46.13295
46.14404
46.15531
46.16634
46.17751
46.18841
46.1997
46.21094
46.22189
46.23286
46.24397
46.25512
46.26636
46.27729
46.28837
46.2995
46.31073
46.32207
46.3329
46.344
46.35506
46.3661
46.37756
46.38834
46.39945
46.41066
46.42179
46.43299
46.44386
46.45498
46.46611
46.47728
46.4884
46.50365
46.51194
46.52187
46.5331
46.54407
46.55558
46.56672
46.57757
46.58908
46.59959
46.6109
46.6219
46.63302
46.64454
46.65546
46.66639
46.6785
46.68857
46.69963
46.71069
46.72183
46.7329
46.74416
46.75576
46.76669
46.77776
46.78856
46.7996
46.81059
46.82182
46.83281
46.84451
46.85598
46.8668
46.87776
46.88848
46.89951
46.91071
46.92185
46.93285
46.94392
46.95995
46.97086
46.97887
46.98883
46.99961
47.01268
47.02158
47.03255
47.04364
47.05525
47.06608
47.07753
47.08883
47.09948
47.1118
47.12154
47.13252
47.14355
47.15467
47.16585
47.17682
47.18802
47.19997
47.21164
47.22182
47.23302
47.24524
47.25523
47.26613
47.27708
47.28907
47.2999
47.31047
47.32179
47.3326
47.34363
47.35479
47.36625
47.37698
47.38811
47.3998
47.4105
47.4215
47.43254
47.4437
47.45502
47.46587
47.47718
47.48818
47.49907
47.51021
47.52111
47.53223
47.5437
47.55482
47.56578
47.57695
47.58807
47.59965
47.61101
47.62142
47.63247
47.64363
47.65471
47.66577
47.67687
47.68825
47.69925
47.71035
47.72179
47.7324
47.74363
47.75467
47.76576
47.7768
47.788
47.79903
47.81072
47.82171
47.83244
47.84371
47.8547
47.86575
47.87674
47.88796
47.899
47.91017
47.92133
47.93285
47.94333
47.95454
47.96564
47.97731
47.98785
47.99902
48.01003
48.02175
48.03274
48.04364
48.05456
48.06584
48.07664
48.08987
48.09867
48.10974
48.1209
48.13192
48.14304
48.15449
48.16555
48.17668
48.18784
48.19984
48.21002
48.22129
48.23325
48.24471
48.25472
48.2667
48.27699
48.28802
48.29903
48.30989
48.32124
48.33224
48.3432
48.35517
48.36573
48.37708
48.38794
48.39876
48.40989
48.42094
48.43269
48.44323
48.4547
48.46571
48.47643
48.48786
48.49878
48.51072
48.52177
48.53283
48.5432
48.55466
48.56606
48.57761
48.58795
48.59863
48.60943
48.62053
48.63171
48.64289
48.65388
48.665
48.67688
48.68732
48.69886
48.70972
48.73403
48.74198
48.74972
48.76073
48.77164
48.78276
48.79387
48.80458
48.81555
48.82668
48.83785
48.84873
48.8601
48.87098
48.88206
48.89311
48.90455
48.91551
48.92641
48.93752
48.94872
48.95975
48.97104
48.98198
48.99309
49.00426
49.01546
49.02654
49.03767
49.04861
49.05973
49.07113
49.08339
49.09417
49.10468
49.11576
49.12683
49.13809
49.149
49.1602
49.17118
49.18227
49.19357
49.20481
49.21622
49.22772
49.23931
49.25052
49.26217
49.2734
49.28483
49.29629
49.3078
49.31979
49.3312
49.34239
49.35385
49.36496
49.3758
49.38729
49.39815
49.41298
49.42155
49.43174
49.44238
49.45364
49.46454
49.47567
49.48686
49.498
49.509
49.52034
49.53146
49.54261
49.55369
49.56501
49.57586
49.58712
49.59871
49.61055
49.62118
49.63157
49.64254
49.65364
49.66476
49.67585
49.68704
49.69843
49.70895
49.72025
49.73122
49.74221
49.75337
49.76439
49.77553
49.78672
49.79786
49.80896
49.82011
49.8311
49.84221
49.85329
49.86439
49.87553
49.8868
49.89779
49.90881
49.91995
49.93095
49.94213
49.95406
49.9653
49.9756
49.98651
49.99774
50.00874
50.01992
50.0311
50.04208
50.05327
50.06429
50.07536
50.08654
50.10638
