0
0.02
0.3533334
0.4283254
0.4380071
0.4479649
0.4547348
0.4623297
0.4728691
0.4840621
0.4948778
0.5060384
0.5173858
0.5284333
0.5394055
0.5507098
0.561536
0.5726923
0.5838667
0.5948632
0.6061559
0.6171281
0.628211
0.639255
0.6504033
0.661718
0.6726326
0.6840447
0.6949961
0.7058914
0.7172825
0.7283055
0.7393379
0.7505286
0.7615795
0.7726606
0.7838956
0.7949591
0.8060119
0.817004
0.8282154
0.8392329
0.8504369
0.861367
0.872654
0.8837917
0.8948432
0.9058563
0.9169291
0.9285123
0.9394686
0.9507331
0.9614701
0.9728149
0.9836202
0.9948183
1.005847
1.016926
1.028318
1.039114
1.050372
1.061705
1.072562
1.083531
1.094759
1.105988
1.119606
1.13304
1.144191
1.155295
1.166543
1.177523
1.188558
1.199792
1.210923
1.221965
1.233093
1.244091
1.255171
1.288588
1.299613
1.310811
1.321838
1.33292
1.344097
1.355127
1.366296
1.377549
1.38851
1.399575
1.410724
1.421752
1.432921
1.443986
1.455152
1.466191
1.477295
1.488537
1.49952
1.510709
1.521811
1.532846
1.543948
1.555041
1.566301
1.577302
1.588569
1.599526
1.610579
1.621692
1.632775
1.643877
1.655001
1.666098
1.677278
1.688291
1.699484
1.710677
1.721651
1.732804
1.743913
1.754909
1.766046
1.777114
1.788235
1.799366
1.810643
1.821593
1.832714
1.843814
1.8549
1.866197
1.877101
1.888384
1.89942
1.910392
1.921599
1.932685
1.943788
1.954878
1.966137
1.977119
1.988257
1.999356
2.010455
2.021615
2.032547
2.043951
2.055038
2.066
2.077008
2.088146
2.099261
2.110359
2.12143
2.132675
2.143694
2.154895
2.165817
2.176926
2.188045
2.199284
2.210507
2.221524
2.23256
2.243568
2.254743
2.265992
2.277021
2.287992
2.299194
2.310292
2.321414
2.332804
2.343606
2.354703
2.365729
2.376862
2.388031
2.399
2.410159
2.421305
2.432462
2.44355
2.454747
2.465788
2.476784
2.488062
2.499015
2.510244
2.521322
2.532397
2.54343
2.554658
2.56563
2.576708
2.587837
2.599125
2.61012
2.621527
2.632288
2.643399
2.65456
2.665593
2.67686
2.687779
2.698902
2.710112
2.721091
2.732365
2.743424
2.75446
2.765796
2.776632
2.787804
2.798977
2.80999
2.821107
2.832427
2.843352
2.854372
2.865731
2.876606
2.887697
2.898842
2.910063
2.921099
2.932154
2.943191
2.954472
2.965561
2.976617
2.987687
2.998736
3.009961
3.021192
3.032079
3.043217
3.054265
3.065544
3.07663
3.087827
3.098992
3.109785
3.120947
3.132015
3.143265
3.1543
3.165339
3.176658
3.187583
3.198738
3.209848
3.220873
3.232
3.243118
3.254248
3.265425
3.276459
3.287532
3.298673
3.309802
3.320812
3.331963
3.343031
3.354135
3.365417
3.376402
3.387587
3.398492
3.409727
3.421097
3.431909
3.442985
3.454083
3.465188
3.476307
3.487411
3.498589
3.509724
3.520847
3.531859
3.54315
3.553998
3.565179
3.576233
3.587426
3.598652
3.60962
3.621118
3.631775
3.642894
3.654018
3.665117
3.676367
3.687399
3.698632
3.709506
3.720832
3.731823
3.742823
3.753955
3.765066
3.776149
3.787315
3.798453
3.809493
3.820604
3.831708
3.842797
3.853969
3.865134
3.876129
3.88716
3.898575
3.909405
3.9206
3.931681
3.942726
3.954104
3.965172
3.97604
3.987228
3.998278
4.009562
4.02053
4.031802
4.042682
4.053793
4.064873
4.076086
4.087224
4.098199
4.109265
4.120474
4.13159
4.142628
4.153742
4.164927
4.175926
4.187063
4.198295
4.209265
4.220348
4.23149
4.242613
4.253724
4.264872
4.276104
4.287104
4.298146
4.309211
4.320526
4.331541
4.342533
4.353629
4.36482
4.375879
4.386935
4.398052
4.409208
4.420297
4.43149
4.442443
4.453671
4.464934
4.475863
4.486908
4.498082
4.50915
4.520329
4.53135
4.542458
4.553582
4.564742
4.575785
4.587008
4.597963
4.60906
4.620153
4.631358
4.642385
4.842324
4.85348
4.864566
4.87565
4.886824
4.897773
4.908918
4.92004
4.931229
4.942329
4.953384
4.964651
4.975555
4.986685
5.230977
5.242073
5.253354
5.264255
5.275367
5.286658
5.297588
5.308886
5.319945
5.331024
5.342028
5.353132
5.364385
5.37533
5.386582
5.397491
5.408722
5.419812
5.430903
5.441993
5.453062
5.464471
5.475265
5.486489
5.497506
5.508609
5.519768
5.530833
5.541937
5.553238
5.564948
5.575444
5.586373
5.597556
5.613595
5.623827
5.633089
5.642134
5.650041
5.661132
5.672385
5.683324
5.694964
5.705682
5.716774
5.727929
5.738954
5.750035
5.761074
5.772127
5.783338
5.794419
5.805558
5.816574
5.827903
5.8388
5.849947
5.861217
5.872249
5.883313
5.894508
5.905417
5.916553
5.927845
5.938735
5.949862
5.960944
5.972081
5.983157
5.994434
6.005803
6.017176
6.028638
6.039604
6.05104
6.062223
6.073509
6.084751
6.096058
6.107465
6.118622
6.129957
6.141205
6.152502
6.163904
6.174962
6.186134
6.197222
6.208268
6.219369
6.230478
6.241576
6.252962
6.26414
6.274848
6.286089
6.297105
6.308271
6.319362
6.330653
6.341669
6.352646
6.363721
6.374893
6.386017
6.397036
6.408209
6.41923
6.430384
6.441492
6.452607
6.463706
6.474815
6.486038
6.497119
6.508118
6.519274
6.530308
6.541455
6.552526
6.563609
6.574724
6.585983
6.597106
6.608017
6.619122
6.630275
6.641392
6.652669
6.663748
6.674713
6.685967
6.696907
6.708039
6.71911
6.730308
6.741327
6.752452
6.763512
6.774653
6.785956
6.796865
6.80804
6.819155
6.830374
6.841311
6.852547
6.863546
6.87472
6.885834
6.896821
6.907957
6.919032
6.930366
6.941241
6.952386
6.963671
6.974557
6.985873
6.996828
7.007858
7.018912
7.030285
7.041211
7.052333
7.063395
7.074512
7.085696
7.096735
7.107841
7.118979
7.130068
7.141243
7.152302
7.163305
7.174449
7.185515
7.196656
7.207773
7.218919
7.229975
7.241164
7.25238
7.263313
7.274467
7.285491
7.296579
7.307688
7.318832
7.329959
7.341034
7.352152
7.363308
7.374392
7.385466
7.396515
7.407676
7.418815
7.429983
7.441
7.45216
7.46319
7.474379
7.485554
7.496511
7.507687
7.518747
7.529983
7.540971
7.552045
7.563158
7.574258
7.585413
7.596479
7.607545
7.618691
7.629785
7.640888
7.651985
7.663116
7.674224
7.68529
7.696404
7.707559
7.718655
7.729877
7.740927
7.751925
7.763056
7.774139
7.785254
7.796469
7.807524
7.818617
7.829694
7.840855
7.851966
7.862978
7.874161
7.885262
7.896492
7.907428
7.918577
7.929647
7.940745
7.95189
7.963028
7.974058
7.985267
7.996263
8.007363
8.018592
8.029651
8.040749
8.051857
8.062943
8.073966
8.085086
8.09624
8.107309
8.118559
8.129543
8.140768
8.151754
8.162848
8.173951
8.185042
8.196145
8.207437
8.218451
8.229663
8.240658
8.251771
8.262776
8.273889
8.285018
8.29609
8.307248
8.318423
8.329433
8.340586
8.351653
8.362939
8.373988
8.384966
8.396036
8.407206
8.418326
8.429399
8.440499
8.451618
8.462904
8.473802
8.485038
8.496006
8.507178
8.518419
8.529346
8.540441
8.551563
8.562781
8.573756
8.58488
8.59591
8.607069
8.651493
8.662621
8.673792
8.684835
8.695898
8.707043
8.71825
8.729276
8.740415
8.751428
8.762585
8.773707
8.784718
8.795827
8.807087
8.818204
8.829267
8.840294
8.851413
8.862455
8.873639
8.884743
8.895842
8.907032
8.918063
8.929158
8.940328
8.951324
8.962585
8.973547
8.984858
8.99575
9.006944
9.018015
9.029083
9.040214
9.051286
9.062361
9.073465
9.084596
9.095722
9.106922
9.117969
9.129077
9.140276
9.151224
9.162315
9.173493
9.184515
9.195662
9.206943
9.217854
9.228988
9.24018
9.251203
9.262306
9.27339
9.284506
9.29575
9.306761
9.31787
9.328932
9.340018
9.351179
9.362265
9.373673
9.384545
9.395562
9.406747
9.417766
9.428897
9.439996
9.451249
9.46217
9.473294
9.484426
9.495504
9.506653
9.517875
9.528916
9.539911
9.551095
9.562197
9.573249
9.584658
9.595599
9.60674
9.617754
9.628737
9.639875
9.651018
9.662108
9.673196
9.684365
9.695415
9.706538
9.717731
9.728965
9.739808
9.751102
9.762141
9.773128
9.784296
9.795483
9.806426
9.81762
9.8287
9.839849
9.851012
9.861986
9.873223
9.884257
9.89535
9.906398
9.917631
9.928702
9.939778
9.95089
9.961955
9.97307
9.984302
9.995258
10.00647
10.01749
10.02859
10.03976
10.05086
10.06189
10.07312
10.08428
10.09535
10.10632
10.11759
10.12873
10.1397
10.15102
10.16181
10.17296
10.18417
10.19535
10.20636
10.21744
10.22859
10.23969
10.25079
10.26195
10.27298
10.28402
10.29513
10.30631
10.31741
10.32845
10.33961
10.3508
10.36172
10.37286
10.38424
10.39507
10.4062
10.41729
10.42854
10.43953
10.45067
10.46171
10.47284
10.48395
10.49508
10.50611
10.51732
10.52833
10.53977
10.55062
10.56166
10.5729
10.58406
10.59514
10.60621
10.61734
10.62827
10.63967
10.65055
10.66162
10.67266
10.68382
10.695
10.70613
10.71712
10.7283
10.73967
10.75051
10.76154
10.77263
10.78384
10.79488
10.80611
10.81717
10.82824
10.83973
10.85063
10.86148
10.8727
10.88377
10.89486
10.90597
10.91715
10.9282
10.93929
10.95044
10.96153
10.97253
10.98384
10.99479
11.0061
11.01704
11.02808
11.03959
11.05037
11.0614
11.07251
11.08365
11.09471
11.10582
11.11703
11.12819
11.13927
11.15025
11.16161
11.17252
11.18361
11.19468
11.20587
11.21696
11.22797
11.23913
11.25027
11.26133
11.27249
11.2836
11.29486
11.30584
11.31693
11.32808
11.33913
11.35022
11.36129
11.37249
11.38374
11.39459
11.40577
11.41672
11.42791
11.43923
11.45019
11.46125
11.4725
11.48369
11.49464
11.50569
11.51687
11.52781
11.53899
11.55014
11.56112
11.57228
11.58347
11.59454
11.60556
11.61681
11.62788
11.63891
11.65009
11.66111
11.67224
11.6836
11.69454
11.70554
11.71675
11.7277
11.73907
11.75009
11.76112
11.7724
11.78355
11.79461
11.8055
11.81672
11.82791
11.83885
11.84999
11.86107
11.87208
11.88332
11.89432
11.90554
11.9166
11.92791
11.93885
11.94988
11.96095
11.97213
11.98323
11.99428
12.00561
12.01651
12.02768
12.0387
12.04991
12.06096
12.07202
12.08322
12.09431
12.1055
12.11656
12.1279
12.1387
12.14993
12.16082
12.17202
12.18313
12.19415
12.20538
12.2165
12.22756
12.2386
12.24989
12.26081
12.27184
12.28305
12.29417
12.30529
12.31658
12.32767
12.33862
12.34985
12.36087
12.37196
12.38305
12.39406
12.40526
12.41643
12.42745
12.43866
12.44958
12.46068
12.47186
12.48297
12.49411
12.5051
12.51635
12.5274
12.53846
12.54959
12.56081
12.57171
12.58287
12.59398
12.60513
12.61638
12.62759
12.63855
12.64952
12.66061
12.67167
12.68282
12.69392
12.70515
12.71624
12.72736
12.73847
12.74947
12.76055
12.7718
12.78281
12.79384
12.80509
12.81621
12.8273
12.83844
12.84957
12.86059
12.87212
12.88276
12.89388
12.90495
12.91608
12.92745
12.93822
12.94934
12.96115
12.97161
12.98269
12.9938
13.00493
13.01599
13.02734
13.03835
13.04941
13.06043
13.07161
13.08283
13.09374
13.10482
13.11596
13.12704
13.13816
13.14932
13.16035
13.17142
13.18271
13.19384
13.2048
13.21609
13.22699
13.23809
13.24948
13.26049
13.27142
13.28252
13.29362
13.30479
13.31584
13.32709
13.33818
13.34922
13.36042
13.37137
13.38253
13.39381
13.40469
13.41604
13.42696
13.43811
13.4491
13.46041
13.47138
13.4825
13.49373
13.50476
13.51569
13.52683
13.53793
13.54905
13.56014
13.57125
13.58236
13.59363
13.60457
13.61577
13.6268
13.63786
13.64916
13.66026
13.67125
13.68239
13.69341
13.70453
13.71571
13.72685
13.7378
13.74897
13.76017
13.77119
13.78242
13.79348
13.80465
13.81569
13.82688
13.83782
13.84899
13.86023
13.87115
13.8824
13.89332
13.90441
13.91568
13.92672
13.9378
13.94899
13.9602
13.97107
13.98235
13.99335
14.0044
14.01552
14.02663
14.0377
14.04909
14.06006
14.07103
14.0822
14.09323
14.10439
14.1156
14.12671
14.13765
14.1491
14.15985
14.17097
14.18207
14.19322
14.20538
14.21539
14.22646
14.23759
14.24879
14.25994
14.27098
14.28205
14.29313
14.30422
14.31557
14.32653
14.33753
14.3487
14.35981
14.37106
14.38206
14.39305
14.40422
14.41533
14.42649
14.43752
14.44876
14.4597
14.47094
14.48194
14.49314
14.50416
14.51524
14.52637
14.53758
14.54854
14.5598
14.57075
14.58194
14.59299
14.60416
14.61532
14.62646
14.63737
14.64851
14.65976
14.67089
14.6819
14.69293
14.70413
14.7152
14.72631
14.73763
14.74854
14.75981
14.77069
14.78183
14.79296
14.80434
14.81518
14.8264
14.83725
14.84862
14.8596
14.87068
14.88172
14.89291
14.90399
14.91506
14.92622
14.93727
14.94857
14.95961
14.97052
14.98177
14.99296
15.00395
15.01503
15.02617
15.03721
15.04854
15.05943
15.07053
15.08162
15.09301
15.10388
15.11493
15.1261
15.13713
15.14827
15.15959
15.17052
15.18159
15.1927
15.20387
15.21495
15.22606
15.23711
15.24821
15.25939
15.27042
15.28152
15.29258
15.30372
15.3149
15.3263
15.33711
15.34815
15.35939
15.37044
15.38149
15.39269
15.40382
15.41483
15.42598
15.43701
15.4481
15.45928
15.4703
15.48154
15.4925
15.50365
15.51498
15.5261
15.53702
15.54804
15.55925
15.57027
15.58137
15.59254
15.6036
15.61475
15.62599
15.6369
15.64801
15.65912
15.6703
15.68142
15.69246
15.70368
15.7147
15.72595
15.73683
15.74796
15.75937
15.77021
15.78133
15.79253
15.80357
15.81461
15.82587
15.8374
15.84803
15.85907
15.87023
15.88122
15.8923
15.90358
15.91459
15.92592
15.93695
15.94803
15.95922
15.97017
15.98125
15.99231
16.00341
16.0146
16.02564
16.03689
16.04774
16.05891
16.07007
16.08144
16.0923
16.1034
16.11455
16.12556
16.13677
16.14797
16.15883
16.17027
16.18107
16.19216
16.20343
16.21439
16.22549
16.2366
16.24786
16.25882
16.26999
16.28109
16.29218
16.30332
16.31444
16.32553
16.3367
16.34765
16.35874
16.36996
16.38102
16.39211
16.40325
16.41436
16.42547
16.43648
16.44772
16.4587
16.46998
16.48096
16.49203
16.50313
16.51431
16.52535
16.53667
16.54756
16.55863
16.56982
16.58087
16.59197
16.60334
16.61416
16.62534
16.6371
16.64751
16.65863
16.66973
16.68092
16.69195
16.70305
16.71422
16.72525
16.73635
16.74754
16.75867
16.76982
16.78086
16.79185
16.803
16.81409
16.82517
16.83626
16.8474
16.8585
16.86966
16.88086
16.8918
16.90307
16.91424
16.92519
16.93639
16.94743
16.95847
16.96971
16.98066
16.99179
17.00291
17.01398
17.02517
17.03626
17.04747
17.05844
17.06964
17.0809
17.09175
17.10292
17.11398
17.12505
17.13627
17.14733
17.15836
17.1696
17.18067
17.19169
17.20286
17.21399
17.22511
17.2362
17.24719
17.25832
17.26965
17.28052
17.29164
17.30276
17.31402
17.32493
17.33626
17.34725
17.35832
17.36944
17.38076
17.39159
17.40265
17.41381
17.42496
17.43603
17.44712
17.45828
17.46935
17.48047
17.49154
17.50271
17.5138
17.52487
17.53607
17.54716
17.55839
17.56928
17.58037
17.59148
17.60256
17.61381
17.62477
17.6359
17.64703
17.65839
17.66924
17.68055
17.69147
17.70256
17.71376
17.72474
17.73586
17.74724
17.75838
17.76917
17.7804
17.79137
17.80321
17.81365
17.8247
17.83578
17.84702
17.85819
17.86913
17.88023
17.89133
17.90243
17.91374
17.92466
17.93579
17.94694
17.95818
17.96908
17.98018
17.9913
18.00265
18.01352
18.02461
18.03579
18.04693
18.05798
18.06908
18.08016
18.09126
18.10235
18.1137
18.1246
18.13566
18.14682
18.15799
18.16899
18.18027
18.19123
18.20229
18.21349
18.22449
18.23565
18.24682
18.25782
18.26892
18.28028
18.29116
18.30222
18.31348
18.32449
18.33575
18.34668
18.35776
18.3689
18.37999
18.39106
18.40216
18.41328
18.42439
18.43551
18.44674
18.45769
18.46894
18.48
18.491
18.50212
18.51325
18.52432
18.53547
18.54672
18.55762
18.56876
18.57988
18.59102
18.60207
18.61319
18.62444
18.63537
18.64651
18.6577
18.66873
18.67989
18.69096
18.70201
18.71321
18.72426
18.73536
18.74659
18.75761
18.76868
18.78004
18.7909
18.80202
18.81313
18.82428
18.83529
18.84644
18.85755
18.86869
18.87976
18.89088
18.90194
18.9131
18.92419
18.93535
18.94647
18.95759
18.96858
18.97975
18.99078
19.00191
19.01305
19.02409
19.03526
19.04633
19.0575
19.06861
19.07974
19.09093
19.10185
19.11298
19.12409
19.13517
19.14636
19.15733
19.16848
19.17964
19.19071
19.20181
19.21291
19.22403
19.23514
19.24648
19.25735
19.26848
19.27961
19.29069
19.30175
19.31295
19.32397
19.33503
19.34622
19.35727
19.36839
19.37948
19.39058
19.40177
19.41289
19.42396
19.43501
19.44625
19.45721
19.46836
19.47952
19.49059
19.50166
19.51268
19.52386
19.53495
19.54609
19.55724
19.56832
19.57945
19.59053
19.60157
19.61272
19.62385
19.6349
19.64611
19.65711
19.66822
19.67943
19.69043
19.70156
19.71288
19.72375
19.73489
19.7461
19.75704
19.76815
19.7793
19.79039
19.80148
19.81285
19.82368
19.83484
19.84603
19.85713
19.8682
19.87929
19.89035
19.90212
19.91261
19.92369
19.93475
19.94606
19.95713
19.96807
19.9794
19.99029
20.00141
20.01246
20.02374
20.03478
20.04586
20.05697
20.06808
20.07926
20.09027
20.10134
20.11261
20.12358
20.13466
20.14577
20.15691
20.168
20.17917
20.1902
20.20132
20.21238
20.22359
20.23461
20.24585
20.25682
20.26802
20.27926
20.29014
20.30122
20.31236
20.32353
20.33465
20.34582
20.35677
20.36796
20.37901
20.39024
20.40114
20.41231
20.42356
20.43454
20.4456
20.45673
20.46792
20.47909
20.49013
20.50115
20.51227
20.5234
20.53446
20.54563
20.55672
20.56785
20.57894
20.59004
20.60123
20.61221
20.62335
20.63457
20.64579
20.65664
20.66791
20.6788
20.68999
20.70102
20.7122
20.72335
20.73438
20.74547
20.7566
20.76796
20.77892
20.78988
20.80106
20.8122
20.82334
20.8343
20.84537
20.85661
20.86798
20.87874
20.88988
20.90095
20.91209
20.92333
20.93428
20.94555
20.95666
20.96779
20.97872
20.98985
21.00093
21.01223
21.02312
21.03427
21.0454
21.05651
21.06759
21.07876
21.08981
21.10091
21.11227
21.12306
21.13419
21.14548
21.15647
21.16752
21.17864
21.1897
21.2008
21.21204
21.22307
21.23409
21.24537
21.2564
21.26752
21.27859
21.2896
21.30082
21.31189
21.32305
21.33406
21.34518
21.35631
21.36739
21.3785
21.39011
21.40064
21.41178
21.4232
21.43409
21.4452
21.45628
21.46734
21.47846
21.48954
21.5007
21.51173
21.52285
21.5339
21.54521
21.5563
21.56728
21.57868
21.5895
21.6006
21.61175
21.62288
21.63393
21.64528
21.65636
21.66721
21.67838
21.68944
21.70058
21.71167
21.72278
21.73397
21.74512
21.75625
21.76731
21.77835
21.78946
21.80054
21.81165
21.82293
21.83383
21.84515
21.85601
21.86714
21.87828
21.88957
21.90059
21.91155
21.92284
21.93374
21.94506
21.95605
21.96706
21.97832
21.98932
22.00045
22.01166
22.02273
22.0338
22.04494
22.05607
22.06704
22.07822
22.08941
22.10033
22.1115
22.12261
22.13379
22.14492
22.15605
22.16714
22.17814
22.18926
22.20043
22.21147
22.22328
22.23364
22.2448
22.2559
22.26709
22.27817
22.28927
22.30045
22.31148
22.32253
22.33353
22.34466
22.35592
22.36693
22.37823
22.38913
22.40019
22.41129
22.42259
22.43349
22.44474
22.4558
22.46687
22.47811
22.48905
22.50017
22.5114
22.52235
22.53348
22.54465
22.55581
22.56682
22.57784
22.58912
22.60013
22.61135
22.62235
22.63341
22.64456
22.65577
22.66703
22.67803
22.68907
22.70008
22.71117
22.7224
22.73334
22.74453
22.75559
22.76666
22.7779
22.78901
22.79996
22.81111
22.8223
22.83332
22.84455
22.85556
22.86667
22.87782
22.88902
22.90008
22.91102
22.92225
22.93328
22.94435
22.95554
22.96672
22.97786
22.98883
22.99994
23.01098
23.02237
23.03322
23.04437
23.05547
23.06655
23.07764
23.08891
23.09991
23.11095
23.12215
23.13346
23.14433
23.15561
23.16648
23.1776
23.1887
23.19987
23.2109
23.22206
23.2331
23.24421
23.25539
23.26654
23.27752
23.28897
23.29989
23.31087
23.32206
23.33308
23.34415
23.3553
23.36638
23.3775
23.38867
23.40002
23.41083
23.422
23.43313
23.44416
23.45532
23.46638
23.47744
23.48852
23.49967
23.51083
23.52186
23.53299
23.54404
23.55534
23.56629
23.5774
23.58867
23.59984
23.61076
23.62201
23.63293
23.64406
23.65527
23.66634
23.67736
23.68847
23.69972
23.71069
23.72188
23.7329
23.74397
23.75521
23.76623
23.77735
23.78845
23.79964
23.81061
23.82172
23.83282
23.84391
23.85513
23.86619
23.87764
23.88833
23.89947
23.91097
23.92168
23.93278
23.94385
23.95523
23.96609
23.97721
23.9891
23.99955
24.01052
24.02172
24.03282
24.04378
24.05506
24.06619
24.07718
24.08827
24.09937
24.11048
24.12156
24.13271
24.14388
24.15488
24.16606
24.17709
24.18831
24.19938
24.21041
24.22165
24.2327
24.24388
24.25481
24.26614
24.27704
24.28838
24.29935
24.31038
24.32162
24.3327
24.34367
24.35488
24.36595
24.37708
24.38818
24.39918
24.41035
24.42148
24.43271
24.44361
24.45488
24.46577
24.4773
24.48816
24.49932
24.51025
24.52142
24.53262
24.54356
24.55484
24.56591
24.57727
24.58815
24.59911
24.61024
24.62174
24.63263
24.64377
24.65467
24.66579
24.67706
24.68808
24.69913
24.71016
24.72129
24.73237
24.74347
24.75461
24.76569
24.77697
24.78797
24.79907
24.81027
24.82141
24.83246
24.84351
24.85456
24.86602
24.87677
24.88802
24.89915
24.91021
24.9212
24.93241
24.94334
24.95448
24.96563
24.97675
24.9878
24.99905
25.01007
25.02118
25.03239
25.04354
25.05444
25.06558
25.0768
25.08776
25.09913
25.10995
25.12111
25.13233
25.14333
25.15452
25.16561
25.17656
25.18776
25.19887
25.20991
25.22101
25.23213
25.24325
25.25433
25.26542
25.27662
25.28774
25.29876
25.30995
25.32099
25.33224
25.34318
25.35428
25.36553
25.37663
25.38758
25.39874
25.40982
25.42106
25.43208
25.4431
25.45434
25.46549
25.47643
25.48763
25.49882
25.50973
25.52091
25.53197
25.54308
25.5543
25.56549
25.57645
25.58758
25.59878
25.60973
25.62091
25.63204
25.64302
25.65425
25.66538
25.67649
25.68764
25.69859
25.70984
25.72082
25.73189
25.74298
25.75409
25.76532
25.77639
25.78752
25.79853
25.80969
25.82078
25.83183
25.84299
25.85403
25.86523
25.87627
25.88736
25.89851
25.90962
25.92075
25.93213
25.94288
25.95423
25.96515
25.97617
25.98738
25.99848
26.00954
26.02058
26.03172
26.04296
26.05396
26.06507
26.07609
26.08739
26.09838
26.10945
26.12063
26.1317
26.14276
26.15401
26.16511
26.1762
26.1878
26.19834
26.20943
26.22049
26.23162
26.24281
26.25385
26.26504
26.27612
26.28716
26.29831
26.30936
26.32058
26.33154
26.34269
26.35382
26.3651
26.37601
26.38707
26.39826
26.47593
26.48713
26.49832
26.50926
26.52039
26.53149
26.54257
26.55383
26.56492
26.57588
26.5871
26.59829
26.60922
26.62032
26.63143
26.64258
26.65361
26.66498
26.67585
26.68699
26.69821
26.70924
26.7203
26.73143
26.74247
26.75368
26.76469
26.7758
26.78693
26.798
26.80913
26.82023
26.83147
26.8424
26.85356
26.86484
26.87599
26.88687
26.89795
26.90908
26.92019
26.93136
26.94238
26.95349
26.96476
26.97571
26.98688
26.99804
27.00901
27.02031
27.03133
27.04229
27.05349
27.06472
27.07567
27.08677
27.09787
27.10896
27.1203
27.14235
27.58661
27.5976
27.60871
27.63104
27.64212
27.65331
27.66428
27.67542
27.68648
27.69759
27.70866
27.7199
27.73102
27.742
27.75309
27.76427
27.7753
27.78639
27.79805
27.80867
27.81969
27.83096
27.84202
27.85304
27.86423
27.87528
27.88661
27.89754
27.90862
27.91967
27.93084
27.94189
27.95308
27.96426
27.97524
27.98646
27.99751
28.00851
28.0196
28.03076
28.04183
28.05304
28.06412
28.07515
28.08654
28.09739
28.10855
28.11981
28.13083
28.14181
28.15303
28.16413
28.17508
28.1863
28.19745
28.20846
28.2196
28.23065
28.2417
28.25289
28.26411
28.27507
28.28622
28.29739
28.30836
28.31954
28.33113
28.34169
28.35296
28.36426
28.37501
28.38615
28.39721
28.40832
28.42016
28.43051
28.44163
28.45278
28.4639
28.47497
28.4862
28.49724
28.50822
28.51949
28.5306
28.54155
28.55274
28.56376
28.57495
28.58603
28.59714
28.60823
28.61933
28.6304
28.64154
28.65262
28.6638
28.67487
28.68608
28.69705
28.70817
28.71933
28.73054
28.74148
28.75274
28.76372
28.77479
28.78592
28.7971
28.80824
28.81925
28.83049
28.84153
28.85263
28.86376
28.87485
28.88617
28.89703
28.90808
28.91917
28.93038
28.94136
28.95247
28.96355
28.97472
28.98593
28.99693
29.008
29.01918
29.03043
29.04142
29.05249
29.06363
29.07465
29.08573
29.097
29.10796
29.11913
29.13028
29.1413
29.15247
29.16365
29.17459
29.18571
29.19715
29.20796
29.21912
29.23012
29.24126
29.25262
29.26344
29.27458
29.28586
29.29679
29.30791
29.31907
29.33024
29.34118
29.35257
29.3636
29.37449
29.38569
29.39679
29.40782
29.41894
29.43019
29.44113
29.45235
29.46339
29.47446
29.48556
29.49662
29.50781
29.51888
29.53006
29.54107
29.55227
29.56352
29.5744
29.58554
29.59686
29.60772
29.61883
29.63004
29.64112
29.65221
29.66332
29.67441
29.68549
29.69667
29.7077
29.71876
29.72997
29.74098
29.75218
29.76344
29.77425
29.78538
29.79675
29.80766
29.81884
29.83015
29.84093
29.85202
29.86331
29.87427
29.88555
29.89663
29.90755
29.91874
29.92977
29.94086
29.95201
29.96331
29.97429
29.98543
29.99684
30.00752
30.01869
30.02979
30.04087
30.05192
30.06319
30.07415
30.08524
30.09648
30.10747
30.11861
30.1298
30.1408
30.152
30.16307
30.17411
30.18519
30.19649
30.20743
30.21861
30.22966
30.24081
30.25201
30.26313
30.27406
30.28546
30.29631
30.30737
30.31845
30.32963
30.34072
30.35177
30.36309
30.37402
30.38528
30.3962
30.4074
30.41846
30.42959
30.44072
30.45181
30.46292
30.47396
30.48526
30.49623
30.50743
30.51845
30.52959
30.54061
30.55167
30.5629
30.5739
30.58511
30.59637
30.60722
30.61835
30.6298
30.64058
30.65176
30.66289
30.67384
30.68503
30.69634
30.70718
30.71831
30.72935
30.7405
30.75176
30.76275
30.77384
30.785
30.79621
30.80712
30.81825
30.82952
30.84042
30.85159
30.86275
30.8738
30.88485
30.89609
30.90712
30.91821
30.92933
30.94037
30.95163
30.96268
30.97372
30.98478
30.99594
31.00703
31.01818
31.02941
31.04034
31.05145
31.06268
31.07364
31.08479
31.09588
31.10695
31.11807
31.1292
31.14031
31.15138
31.16262
31.1736
31.1847
31.19602
31.20693
31.21821
31.22919
31.24024
31.25168
31.26254
31.27361
31.28466
31.29574
31.30689
31.31795
31.32904
31.34027
31.3513
31.36255
31.37365
31.38459
31.3957
31.40683
31.41808
31.4292
31.4401
31.45132
31.46243
31.47348
31.48456
31.49575
31.5068
31.51789
31.52928
31.54011
31.55126
31.56229
31.57342
31.58492
31.59622
31.60673
31.61784
31.62898
31.64013
31.65111
31.66223
31.67339
31.68457
31.69582
31.70669
31.71779
31.72889
31.74003
31.75113
31.76234
31.77331
31.78458
31.79568
31.80668
31.81771
31.82888
31.84006
31.85105
31.86214
31.87332
31.88436
31.89548
31.90654
31.91779
31.92887
31.93988
31.95111
31.9624
31.97321
31.98433
31.99573
32.00655
32.01778
32.02888
32.03984
32.05114
32.06205
32.0732
32.08436
32.09536
32.10648
32.11763
32.12878
32.13982
32.15094
32.162
32.17317
32.18423
32.19544
32.20646
32.21758
32.22885
32.2401
32.25098
32.262
32.27312
32.28419
32.29538
32.30653
32.31749
32.32876
32.33968
32.35093
32.36203
32.37305
32.38412
32.39522
32.40631
32.41774
32.42853
32.43969
32.45076
32.46215
32.473
32.48406
32.49524
32.50649
32.51734
32.52858
32.53961
32.5507
32.56181
32.57288
32.58405
32.5952
32.6063
32.61744
32.62843
32.63954
32.65067
32.66182
32.67289
32.684
32.69519
32.70616
32.71725
32.72848
32.73948
32.75062
32.76178
32.7729
32.78392
32.7953
32.80629
32.81726
32.82841
32.83946
32.85063
32.86168
32.87289
32.88396
32.89512
32.90633
32.91758
32.92841
32.93943
32.95053
32.96182
32.97273
32.9838
32.99488
33.00607
33.01721
33.02829
33.03933
33.05045
33.06166
33.07263
33.08396
33.09488
33.10622
33.11707
33.12833
33.13943
33.15052
33.1615
33.1729
33.1839
33.19491
33.20595
33.21726
33.2281
33.23932
33.25043
33.26151
33.27254
33.28378
33.29489
33.30592
33.31723
33.32824
33.33919
33.35049
33.36153
33.37255
33.38377
33.39479
33.40585
33.41695
33.42822
33.43915
33.4502
33.46141
33.47247
33.48381
33.49473
33.50586
33.51688
33.52799
33.53934
33.55026
33.56138
33.57266
33.58353
33.59485
33.60577
33.61677
33.6279
33.63914
33.65022
33.66127
33.67243
33.68376
33.6946
33.70588
33.71685
33.72802
33.73918
33.75037
33.76118
33.77233
33.78357
33.79488
33.80584
33.81689
33.82799
33.83908
33.85006
33.86124
33.87252
33.88346
33.89455
33.90586
33.91689
33.9278
33.93893
33.95011
33.96131
33.97237
33.98329
33.99447
34.00553
34.01682
34.02789
34.03885
34.04996
34.06113
34.07217
34.08333
34.09451
34.10556
34.11658
34.1279
34.13878
34.15002
34.16101
34.17229
34.18333
34.19438
34.20555
34.21652
34.22785
34.23874
34.2499
34.26109
34.27211
34.28324
34.29429
34.30541
34.31666
34.32777
34.33871
34.34998
34.36103
34.37209
34.38314
34.39429
34.40532
34.41644
34.42751
34.43869
34.4497
34.46115
34.47195
34.48315
34.49419
34.50534
34.51641
34.52771
34.53858
34.54969
34.56097
34.5721
34.58311
34.5942
34.60539
34.61647
34.62751
34.63862
34.64963
34.66093
34.67186
34.68312
34.69416
34.70521
34.71645
34.72749
34.73851
34.74977
34.76071
34.77181
34.78315
34.79416
34.80517
34.81632
34.82742
34.83859
34.84953
34.86076
34.87177
34.88292
34.89405
34.90538
34.9162
34.92749
34.93843
34.94969
34.96071
34.97169
34.98289
34.99393
35.00505
35.01616
35.02729
35.03838
35.04948
35.06055
35.07165
35.08278
35.09388
35.10517
35.11611
35.12718
35.13843
35.14949
35.16058
35.17171
35.18275
35.19381
35.20517
35.216
35.22729
35.23828
35.24938
35.26061
35.27154
35.28266
35.29387
35.305
35.31605
35.32714
35.33822
35.34929
35.36044
35.37154
35.38261
35.39375
35.40504
35.41606
35.42708
35.43826
35.45005
35.46038
35.47163
35.4826
35.49369
35.50477
35.51585
35.527
35.53825
35.54932
35.56033
35.57153
35.58269
35.59368
35.60481
35.61596
35.62705
35.63808
35.64934
35.66045
35.67157
35.68248
35.69368
35.70473
35.716
35.72705
35.73815
35.74909
35.76165
35.77127
35.78249
35.79375
35.80739
35.81693
35.82643
35.83752
35.84863
35.86243
35.87393
35.88247
35.89261
35.90387
35.91474
35.92591
35.93695
35.94808
35.96082
35.97098
35.98163
35.99257
36.00387
36.01472
36.02586
36.03706
36.048
36.05916
36.0703
36.08133
36.09263
36.10373
36.11464
36.12592
36.13687
36.14804
36.15911
36.1702
36.18131
36.19261
36.20343
36.21458
36.22573
36.23687
36.24813
36.25932
36.27065
36.28171
36.29302
36.30447
36.31536
36.32674
36.33791
36.34905
36.35999
36.37101
36.38229
36.39323
36.40453
36.41552
36.42653
36.43763
36.44874
36.46006
36.47102
36.48209
36.4933
36.50444
36.51547
36.52649
36.53767
36.54882
36.5598
36.57126
36.58205
36.59341
36.60434
36.61547
36.62655
36.63755
36.64869
36.6599
36.67089
36.68199
36.69311
36.70419
36.71527
36.72646
36.73751
36.74876
36.7597
36.77098
36.78211
36.7931
36.80433
36.81539
36.82638
36.83746
36.84868
36.8597
36.87075
36.88188
36.89297
36.90408
36.9153
36.92628
36.93738
36.94857
36.9596
36.97101
36.98191
36.99306
37.00405
37.01511
37.02626
37.03745
37.04852
37.05953
37.07071
37.08181
37.09299
37.10399
37.11507
37.12628
37.13729
37.1486
37.15948
37.17074
37.18176
37.19296
37.20396
37.21509
37.22728
37.23731
37.24839
37.25959
37.27079
37.2818
37.29286
37.30405
37.31524
37.32616
37.3372
37.34849
37.35952
37.37058
37.38172
37.39288
37.40395
37.41498
37.42605
37.43735
37.44843
37.45935
37.47052
37.48158
37.49272
37.50377
37.51509
37.526
37.53722
37.54835
37.55931
37.57051
37.58162
37.59293
37.60384
37.61488
37.62596
37.63714
37.64827
37.65933
37.67033
37.68148
37.69255
37.70371
37.71488
37.72595
37.737
37.74823
37.75919
37.77047
37.78138
37.79262
37.8038
37.81487
37.82584
37.83697
37.84821
37.85923
37.87037
37.88161
37.89264
37.90374
37.91472
37.92588
37.93695
37.94809
37.9591
37.97029
37.9814
37.99257
38.00357
38.01483
38.02576
38.03679
38.04809
38.05919
38.07026
38.08145
38.09237
38.10352
38.11465
38.1258
38.13711
38.14793
38.15903
38.17015
38.18124
38.19234
38.20346
38.21469
38.22573
38.23683
38.24794
38.25905
38.27007
38.28123
38.29228
38.30354
38.31453
38.3256
38.33677
38.3479
38.35902
38.37033
38.38122
38.39223
38.4033
38.41444
38.42562
38.43684
38.44783
38.45884
38.47
38.4812
38.49229
38.50327
38.5145
38.5256
38.53683
38.54777
38.5589
38.56992
38.58108
38.59218
38.60337
38.6144
38.62555
38.63665
38.64771
38.6588
38.67006
38.68119
38.69213
38.70324
38.71435
38.72544
38.73655
38.74768
38.75871
38.76986
38.78094
38.792
38.80343
38.81428
38.82555
38.83659
38.84756
38.85873
38.86984
38.88108
38.89198
38.9031
38.91428
38.92532
38.9365
38.94765
38.9586
38.96981
38.98098
38.99207
39.00312
39.01423
39.02533
39.03639
39.04748
39.05886
39.06971
39.08088
39.09191
39.10311
39.11422
39.12547
39.13644
39.14751
39.15866
39.1697
39.18071
39.19187
39.20296
39.21422
39.22527
39.2363
39.24739
39.25847
39.26966
39.28074
39.29185
39.3031
39.31451
39.3252
39.3364
39.34724
39.35862
39.36975
39.38071
39.39178
39.40293
39.41434
39.42523
39.43635
39.44726
39.45847
39.46957
39.48075
39.49185
39.50282
39.51428
39.52523
39.53619
39.54723
39.55828
39.56937
39.5805
39.59163
39.6029
39.61421
39.62497
39.63617
39.64734
39.65826
39.66952
39.68058
39.69169
39.70271
39.71413
39.72529
39.73615
39.74728
39.75888
39.76986
39.78114
39.79252
39.80299
39.81507
39.8252
39.83612
39.84741
39.85819
39.86925
39.88043
39.89151
39.90259
39.91375
39.9249
39.93599
39.94701
39.95814
39.96926
39.98034
39.99148
40.00255
40.01371
40.02485
40.03596
40.04694
40.05816
40.06923
40.08044
40.09139
40.10255
40.11365
40.12474
40.13588
40.14697
40.15798
40.16912
40.18027
40.19152
40.2025
40.21352
40.22505
40.23595
40.24687
40.25797
40.26913
40.28046
40.29126
40.30252
40.31346
40.32457
40.33575
40.34682
40.3579
40.36917
40.38013
40.39157
40.40239
40.4136
40.42463
40.43567
40.44678
40.45786
40.46903
40.48013
40.49119
40.50237
40.51354
40.52449
40.53568
40.54681
40.55785
40.56895
40.58018
40.59113
40.60248
40.61338
40.62449
40.63557
40.64693
40.65775
40.66887
40.68002
40.69111
40.70226
40.7133
40.72446
40.73566
40.74664
40.75767
40.76878
40.77992
40.79102
40.80233
40.81324
40.82435
40.83551
40.84663
40.85773
40.86891
40.87987
40.89093
40.90208
40.91328
40.92508
40.93544
40.9465
40.95762
40.96898
40.97995
40.99094
41.00212
41.01321
41.02427
41.03537
41.04646
41.05756
41.0688
41.07976
41.09084
41.10218
41.11311
41.12423
41.13533
41.14641
41.15751
41.16878
41.17989
41.19086
41.202
41.21305
41.22417
41.23542
41.24642
41.25744
41.26858
41.27968
41.2908
41.30207
41.313
41.32416
41.33535
41.3463
41.35741
41.36851
41.37962
41.39146
41.40194
41.41299
41.42409
41.43531
41.44629
41.45736
41.46851
41.47968
41.49071
41.5018
41.51296
41.52403
41.53519
41.54637
41.55739
41.56841
41.57953
41.59063
41.60181
41.61288
41.62394
41.63537
41.64616
41.65723
41.66837
41.67947
41.69064
41.70182
41.71278
41.7239
41.7351
41.74612
41.7572
41.76844
41.77942
41.7906
41.80164
41.81277
41.82385
41.83496
41.84606
41.85722
41.86828
41.87938
41.89055
41.90172
41.91275
41.92381
41.93498
41.94608
41.95709
41.9682
41.97933
41.99043
42.00164
42.01265
42.02379
42.03484
42.04599
42.05702
42.06821
42.07944
42.09044
42.10169
42.11262
42.12371
42.13488
42.14597
42.15701
42.16813
42.1792
42.19035
42.2016
42.21254
42.22367
42.23491
42.24587
42.25704
42.26809
42.27925
42.29031
42.30149
42.31247
42.32365
42.33473
42.3458
42.35699
42.36815
42.3791
42.39073
42.40141
42.41264
42.42361
42.43464
42.44598
42.45692
42.46803
42.47905
42.49019
42.50148
42.51239
42.52371
42.53462
42.54573
42.55678
42.56801
42.57906
42.59016
42.60128
42.61254
42.62378
42.63456
42.64568
42.65679
42.66801
42.67905
42.69009
42.7012
42.7123
42.72349
42.73457
42.74566
42.75674
42.76791
42.77897
42.79002
42.80118
42.81226
42.82332
42.83451
42.84558
42.85672
42.86778
42.87915
42.89001
42.90109
42.91229
42.9233
42.93451
42.94551
42.95661
42.9678
42.97881
42.98992
43.00106
43.01213
43.02327
43.03542
43.04549
43.05658
43.06783
43.07889
43.08987
43.10101
43.1121
43.12326
43.13443
43.1454
43.15651
43.16762
43.17879
43.19
43.20094
43.21212
43.22314
43.23434
43.24548
43.25647
43.26764
43.27874
43.28986
43.30111
43.31199
43.3231
43.33431
43.34544
43.35645
43.36761
43.37877
43.38983
43.40079
43.41202
43.42307
43.43417
43.44526
43.45649
43.46749
43.47862
43.4897
43.50094
43.5119
43.52303
43.53442
43.54525
43.55627
43.5674
43.57853
43.58961
43.60083
43.61193
43.62298
43.63409
43.64518
43.65636
43.66743
43.67847
43.68969
43.70089
43.7118
43.72292
43.73411
43.74512
43.75619
43.76743
43.77847
43.78958
43.80069
43.81182
43.82288
43.83396
43.84508
43.85614
43.86724
43.87838
43.88945
44.10051
44.11167
44.12297
44.13384
44.14506
44.15605
44.16711
44.17827
44.18938
44.20052
44.21155
44.22273
44.23377
44.24487
44.25598
44.26706
44.27827
44.28928
44.30043
44.31153
44.32258
44.33373
44.34482
44.35589
44.36707
44.37814
44.38944
44.40094
44.41151
44.42255
44.43376
44.4448
44.45592
44.46708
44.47826
44.48927
44.50045
44.51143
44.52275
44.53368
44.54473
44.55587
44.56699
44.57806
44.58921
44.60024
44.61138
44.62251
44.63359
44.64469
44.65577
44.66697
44.67806
44.68916
44.70038
44.71126
44.72261
44.7336
44.7448
44.75575
44.76683
44.77798
44.78904
44.80022
44.81126
44.82234
44.83361
44.84471
44.85588
44.86686
44.87795
44.88901
44.9002
44.91123
44.92231
44.93339
44.94478
44.95564
44.96686
44.97783
44.98892
45.00002
45.01129
45.02232
45.03342
45.0447
45.05566
45.06678
45.07779
45.08887
45.10015
45.11111
45.12223
45.13333
45.14465
45.15566
45.16677
45.17775
45.18886
45.20005
45.21112
45.22218
45.2333
45.24454
45.25548
45.26675
45.27777
45.28885
45.29994
45.311
45.32206
45.33323
45.34438
45.35557
45.36668
45.37788
45.38881
45.39987
45.41099
45.42213
45.43325
45.44426
45.45545
45.4666
45.47761
45.48882
45.49989
45.51096
45.52213
45.53324
45.54425
45.55547
45.56651
45.57764
45.58867
45.59994
45.61088
45.62196
45.63337
45.64428
45.65532
45.66644
45.67761
45.68861
45.69972
45.71077
45.72207
45.73317
45.74414
45.75521
45.76644
45.77752
45.78854
45.79975
45.81083
45.82195
45.83308
45.84411
45.85521
45.86637
45.87751
45.88853
45.89975
45.91075
45.92181
45.93295
45.9441
45.95525
45.96626
45.97738
45.98867
45.99965
46.01068
46.02177
46.03304
46.04399
46.0551
46.06618
46.07736
46.08865
46.09952
46.1107
46.1217
46.13289
46.14403
46.1551
46.16616
46.17732
46.18835
46.19947
46.21064
46.22166
46.23288
46.24394
46.25496
46.26614
46.27722
46.28834
46.29959
46.31064
46.32163
46.33279
46.34384
46.35496
46.3661
46.37732
46.38855
46.39933
46.41051
46.42159
46.4328
46.44379
46.45496
46.46618
46.47733
46.48819
46.49938
46.51051
46.52177
46.53273
46.54383
46.5548
46.56607
46.57716
46.58814
46.59926
46.61058
46.62148
46.63265
46.64406
46.65474
46.66593
46.67724
46.68812
46.6993
46.71035
46.72139
46.73265
46.74364
46.7548
46.76619
46.77696
46.78813
46.79924
46.81044
46.82134
46.83255
46.84372
46.85469
46.86603
46.87713
46.88799
46.8993
46.91018
46.92136
46.9325
46.94356
46.95473
46.96578
46.97692
46.98795
46.99912
47.01021
47.0213
47.03246
47.0435
47.05458
47.06578
47.07695
47.08791
47.0991
47.11016
47.12138
47.13248
47.14351
47.15472
47.16566
47.17687
47.18784
47.19899
47.21019
47.22128
47.23239
47.24371
47.25446
47.26569
47.27668
47.28782
47.29891
47.31019
47.32113
47.33225
47.34332
47.35445
47.3656
47.37667
47.38784
47.39893
47.41001
47.42112
47.43224
47.44341
47.4544
47.46552
47.47674
47.48766
47.49895
47.50991
47.52114
47.53217
47.54333
47.55436
47.56543
47.57663
47.58782
47.59875
47.60993
47.62111
47.63221
47.64327
47.65445
47.66541
47.67655
47.68769
47.69888
47.70987
47.72097
47.73204
47.74325
47.83207
47.84308
47.85434
47.86537
47.87642
47.88761
47.89863
47.90976
47.92085
47.93202
47.94306
47.95419
47.96527
47.97636
47.98755
47.99865
48.0098
48.02079
48.03191
48.04298
48.05436
48.0653
48.07642
48.08737
48.09866
48.10963
48.12073
48.13184
48.14291
48.15402
48.16525
48.17627
48.18742
48.19846
48.20956
48.22079
48.23181
48.24297
48.25422
48.26529
48.27619
48.28737
48.29852
48.30964
48.32083
48.33173
48.34301
48.35398
48.36517
48.37631
48.38748
48.39835
48.40949
48.42059
48.43166
48.44284
48.45398
48.465
48.47623
48.48726
48.49832
48.50953
48.52074
48.53161
48.54288
48.55393
48.56496
48.57629
48.58711
48.59832
48.6094
48.62048
48.63168
48.64272
48.65381
48.6649
48.6761
48.68711
48.69836
48.70933
48.7206
48.73157
48.74274
48.75385
48.76488
48.77608
48.7873
48.79818
48.80927
48.82039
48.8315
48.84275
48.85377
48.86484
48.87598
48.88715
48.89819
48.90923
48.92044
48.93141
48.94271
48.95389
48.9648
48.97594
48.98698
48.9982
49.00924
49.02029
49.03138
49.04249
49.05359
49.06475
49.07609
49.08701
49.09817
49.10916
49.12037
49.13142
49.14261
49.15385
49.16467
49.17585
49.18699
49.19798
49.20909
49.22024
49.23138
49.24271
49.25356
49.26475
49.27577
49.28695
49.29805
49.30914
49.3201
49.33141
49.34264
49.35374
49.36463
49.37564
49.38691
49.39783
49.40922
49.42019
49.43129
49.44245
49.45347
49.46451
49.47585
49.48673
49.49797
49.50896
49.51998
49.53115
49.54261
49.55345
49.56462
49.57566
49.58673
49.59779
49.60888
49.62013
49.63146
49.64221
49.65335
49.66437
49.67556
49.68677
49.69772
49.70895
49.7201
49.73113
49.74217
49.75346
49.76434
49.7756
49.78677
49.79766
49.80888
49.81985
49.83109
49.8421
49.8534
49.86458
49.87555
49.88656
49.89774
49.9088
49.91981
49.93103
49.94211
49.95341
49.96441
49.97541
49.98661
49.99768
50.00869
50.01999
50.03103
50.04213
50.05311
50.06455
50.07552
50.08652
50.09756
50.10875
50.11971
50.13088
50.14204
50.15309
50.16426
50.17536
50.18654
50.19749
50.20884
50.21975
50.23078
50.24205
50.25302
50.26421
50.27543
50.2863
50.29743
50.30872
50.31964
50.33073
50.34192
50.35334
50.36423
50.37513
50.38634
50.39732
50.40847
50.41963
50.43073
50.44176
50.45294
50.464
50.47528
50.48619
50.49746
50.50857
50.51958
50.53071
50.54195
50.55291
50.56394
50.57512
50.58625
50.59731
50.60847
50.61952
50.63063
50.64169
50.65308
50.66391
50.67499
50.68631
50.69729
50.70839
50.71955
50.73059
50.74175
50.75275
50.76386
50.77503
50.78631
50.79722
50.80852
50.81938
50.83055
50.84193
50.85274
50.86379
50.87513
50.88621
50.89721
50.90826
50.91933
50.93062
50.94159
50.95272
50.96384
50.97512
50.98598
50.99707
51.00829
51.01927
51.03052
51.0415
51.05267
51.0637
51.0748
51.086
51.09708
51.10821
51.11965
51.13048
51.1415
51.15263
51.16373
51.17472
51.18597
51.19711
51.20807
51.21926
51.23028
51.24151
51.25255
51.2636
51.27478
51.28577
51.29694
51.30814
51.31909
51.3304
51.34129
51.35249
51.36354
51.3747
51.38588
51.39682
51.40804
51.41909
51.43025
51.44136
51.45239
51.4635
51.47467
51.48573
51.49694
51.50799
51.51906
51.5302
51.54123
51.55243
51.56345
51.57458
51.58604
51.59689
51.60808
51.6191
51.63013
51.64121
51.6525
51.66339
51.67456
51.68563
51.69681
51.70781
51.71899
51.73016
51.74123
51.75232
51.76342
51.77449
51.78568
51.79669
51.80785
51.81888
51.83002
51.8411
51.85221
51.86335
51.8749
51.88548
51.89674
51.9077
51.91896
51.92995
51.9412
51.95213
51.96337
51.97437
51.986
51.99653
52.00767
52.01876
52.02991
52.04102
52.05218
52.06321
52.0743
52.0854
52.09665
52.10759
52.11879
52.12996
52.141
52.15211
52.16321
52.1743
52.18534
52.1965
52.20784
52.21883
52.2299
52.24091
52.25204
52.26324
52.27416
52.28533
52.29642
52.30759
52.31874
52.32977
52.34082
52.35197
52.36314
52.37421
52.38541
52.3964
52.40758
52.41859
52.42976
52.4408
52.45191
52.46301
52.47417
52.48538
52.49636
52.50742
52.51862
52.52964
52.54071
52.55183
52.56311
52.57426
52.58518
52.5963
52.6074
52.61856
52.62958
52.64073
52.65183
52.66295
52.67442
52.68509
52.69622
52.70731
52.71845
52.72952
52.74066
52.75176
52.76285
52.77405
52.78505
52.79626
52.80729
52.81834
52.82977
52.84061
52.85175
52.8628
52.87395
52.88506
52.89622
52.9073
52.91834
52.92949
52.94057
52.95164
52.96291
52.97385
52.98508
52.99608
53.00713
53.01827
53.02944
53.04062
53.05159
53.06282
53.07399
53.08491
53.09615
53.10718
53.11818
53.12935
53.14054
53.15159
53.16279
53.17372
53.18487
53.19615
53.20712
53.2183
53.22931
53.24041
53.25163
53.2627
53.2737
53.28486
53.29604
53.30703
53.31813
53.32928
53.34035
53.35176
53.36274
53.37366
53.38488
53.39592
53.40701
53.41807
53.42923
53.44029
53.45174
53.46256
53.47359
53.48483
53.49583
53.50697
53.51804
53.52912
53.5402
53.55148
53.56246
53.57357
53.58461
53.59574
53.6071
53.61802
53.62938
53.64027
53.65151
53.66253
53.67348
53.68463
53.69583
53.70689
53.71815
53.72905
53.74018
53.7513
53.76253
53.77354
53.78458
53.79575
53.8068
53.81789
53.82898
53.84017
53.85124
53.86227
53.87349
53.8845
53.89562
53.9068
53.91791
53.92903
53.9401
53.95117
53.96243
53.97333
53.98445
53.99561
54.00669
54.01787
54.02893
54.03997
54.05113
54.06229
54.07341
54.08443
54.09552
54.10658
54.11771
54.12923
54.13997
54.15106
54.16226
54.17375
54.18437
54.19553
54.20652
54.21769
54.22896
54.23997
54.251
54.26211
54.27324
54.28431
54.29565
54.30649
54.3176
54.32882
54.3399
54.351
54.36212
54.37314
54.38435
54.39536
54.40667
54.41758
54.42894
54.43975
54.45092
54.46211
54.47311
54.48421
54.49537
54.5064
54.51754
54.52876
54.53983
54.55108
54.56208
54.57314
54.58429
54.59539
54.60635
54.61757
54.62893
54.64021
54.65092
54.66203
54.67304
54.68414
54.69538
54.70642
54.7175
54.72871
54.73968
54.75072
54.76188
54.77298
54.78408
54.79541
54.80628
54.81745
54.82846
54.83959
54.8508
54.86178
54.87316
54.884
54.89518
54.90621
54.91736
54.92855
54.93954
54.95065
54.96181
54.97281
54.98394
54.99507
55.0063
55.01728
55.02859
55.03952
55.05064
55.06184
55.07282
55.08392
55.09511
55.10611
55.11723
55.12862
55.13947
55.15051
55.16191
55.17279
55.18388
55.19527
55.20606
55.21722
55.22837
55.23944
55.25052
55.26165
55.27272
55.28389
55.29507
55.30607
55.31723
55.32845
55.33944
55.35058
55.3616
55.37266
55.38375
55.39487
55.40597
55.4171
55.42837
55.43931
55.4506
55.46165
55.47271
55.4837
55.49509
55.50592
55.51709
55.52828
55.53924
55.55032
55.5621
55.57265
55.58381
55.59474
55.60587
55.617
55.62825
55.63927
55.65029
55.66144
55.6726
55.68367
55.69481
55.70596
55.71707
55.72807
55.73922
55.75041
55.76157
55.77271
55.78365
55.79477
55.80597
55.8169
55.82806
55.83912
55.85025
55.86132
55.87245
55.88353
55.89467
55.90574
55.91684
55.92806
55.93914
55.95017
55.9614
55.97237
55.98347
55.99464
56.00584
56.01682
56.02789
56.039
56.05013
56.06128
56.07237
56.08341
56.09463
56.10569
56.11673
56.12794
56.13897
56.15006
56.1612
56.17228
56.18347
56.19461
56.20557
56.21669
56.22786
56.23891
56.25011
56.26116
56.27219
56.2833
56.29439
56.30548
56.31665
56.32771
56.33893
56.34996
56.3612
56.37217
56.3833
56.39439
56.40556
56.41681
56.42787
56.43879
56.44989
56.46107
56.4721
56.48323
56.49447
56.50542
56.51657
56.5278
56.53876
56.54987
56.56108
56.5721
56.58318
56.5944
56.60539
56.61655
56.62761
56.6387
56.64983
56.66096
56.67204
56.68324
56.69426
56.70534
56.71654
56.72758
56.73867
56.74977
56.76099
56.7721
56.78305
56.79417
56.80545
56.81655
56.82755
56.83857
56.84969
56.86083
56.872
56.883
56.89414
56.90549
56.91632
56.92745
56.93858
56.94967
56.96082
56.97189
56.98296
56.99408
57.00522
57.01641
57.02758
57.03861
57.04984
57.06096
57.07187
57.08292
57.09423
57.10512
57.11636
57.12741
57.13845
57.14956
57.16068
57.17181
57.18296
57.1942
57.20523
57.21618
57.22765
57.2384
57.24954
57.2606
57.27188
57.28279
57.29399
57.3051
57.31628
57.32743
57.33852
57.34949
57.36082
57.37169
57.38272
57.39389
57.40504
57.4161
57.42732
57.43848
57.44944
57.46067
57.47163
57.4827
57.494
57.50495
57.51618
57.52719
57.53831
57.54941
57.56046
57.57159
57.58269
57.5938
57.6049
57.616
57.62737
57.63826
57.64941
57.66056
57.67152
57.68266
57.6937
57.7049
57.71601
57.72713
57.73822
57.74927
57.76056
57.77163
57.78263
57.79371
57.80492
57.8161
57.82705
57.83808
57.84931
57.86036
57.87143
57.88252
57.89361
57.90474
57.91587
57.92705
57.93807
57.9492
57.96038
57.97137
57.98256
57.99367
58.0048
58.01588
58.02692
58.03804
58.04909
58.06025
58.07133
58.08248
58.09353
58.10466
58.11596
58.12702
58.1381
58.14906
58.16021
58.17147
58.1824
58.19364
58.20465
58.21569
58.22699
58.23798
58.24902
58.26022
58.27129
58.28238
58.29361
58.30451
58.31574
58.32682
58.33808
58.34905
58.36018
58.37132
58.38227
58.39336
58.40456
58.41573
58.42686
58.43786
58.44908
58.46008
58.47114
58.48227
58.4933
58.50471
58.51566
58.52674
58.53779
58.54889
58.56
58.57111
58.58226
58.59336
58.60438
58.61578
58.62673
58.63772
58.64879
58.65991
58.67102
58.68217
58.69324
58.70437
58.71559
58.72662
58.73779
58.74889
58.75989
58.77106
58.78209
58.79338
58.80429
58.81555
58.82649
58.83765
58.84888
58.85981
58.87093
58.88208
58.89326
58.90424
58.91543
58.92646
58.93779
58.94878
58.95985
58.97086
58.98211
58.99307
59.00423
59.0154
59.02658
59.0377
59.04869
59.05975
59.07083
59.08213
59.09301
59.10415
59.11553
59.12637
59.1375
59.14878
59.15976
59.17074
59.18186
59.19307
59.20418
59.21531
59.22646
59.23745
59.24853
59.25975
59.27076
59.2822
59.29297
59.30405
59.31543
59.32623
59.33744
59.3485
59.35975
59.37071
59.38179
59.39286
59.40457
59.41552
59.42659
59.43771
59.44899
59.46045
59.47081
59.4839
59.49315
59.50412
59.51519
59.52623
59.53723
59.54832
59.55973
59.5706
59.58168
59.59277
59.60391
59.61518
59.62614
59.63739
59.64835
59.65989
59.67066
59.68164
59.69273
59.70384
59.71494
59.72609
59.73718
59.74831
59.75992
59.77045
59.78157
59.79289
59.80374
59.81492
59.82605
59.83712
59.84822
59.85938
59.87047
59.88174
59.89265
59.90373
59.91481
59.92593
59.93705
59.94847
59.95937
59.97057
59.9816
59.99262
60.00395
60.01495
60.02607
60.03709
60.04816
60.05923
60.07035
60.08149
60.09249
60.10364
60.11478
60.12591
60.13723
60.14804
60.15917
60.17034
60.18144
60.19246
60.20356
60.21475
60.22578
60.23707
60.248
60.25909
60.27036
60.28153
60.29253
60.30362
60.31462
60.32569
60.33686
60.34798
60.35907
60.37026
60.38136
60.39238
60.40372
60.41467
60.42575
60.43681
60.44814
60.45912
60.47008
60.48127
60.49234
60.50343
60.51466
60.52562
60.53698
60.54785
60.55901
60.57015
60.58143
60.59226
60.6035
60.61459
60.62605
60.63671
60.64783
60.65903
60.67005
60.6812
60.69228
60.70333
60.71471
60.7295
60.74057
60.74998
60.76031
60.77057
60.78157
60.79272
60.80365
60.81477
60.82574
60.83697
60.84815
60.85925
60.87008
60.88124
60.89227
60.90367
60.91444
60.92551
60.93681
60.94793
60.95916
60.97063
60.98187
60.99298
61.00406
61.01453
61.02568
61.0369
61.04824
61.05894
61.07067
61.08138
61.09279
61.10366
61.11462
61.12564
61.13686
61.14788
61.15897
61.17024
61.18161
61.19224
61.20342
61.21471
61.22599
61.23697
61.24796
61.32578
61.33854
61.34874
61.36039
61.3702
61.38156
61.39239
61.40353
61.41456
61.42576
61.43692
61.44792
61.4588
61.47016
61.48105
61.49245
61.50367
61.51451
61.52589
61.53767
61.54799
61.55908
61.56991
61.58105
61.59202
61.60303
61.61422
61.62515
61.63622
61.64742
61.65842
61.66952
61.68082
61.69186
61.70299
61.71441
61.72565
61.7377
61.74776
61.75869
61.76987
61.78096
61.79207
61.80316
61.81425
61.82571
61.83652
61.8479
61.85869
61.86977
61.8805
61.90334
61.91145
61.91835
61.92515
61.93218
61.94204
61.95335
61.96457
61.97546
61.98684
62.01015
