0
0.008377483
0.1474642
0.1803601
0.1847815
0.189112
0.1919058
0.1949782
0.1993541
0.2038384
0.2082995
0.2128721
0.2174236
0.2218903
0.2264863
0.2310078
0.2355486
0.240076
0.2446827
0.2491166
0.2537302
0.2580249
0.2625803
0.267085
0.2716324
0.2760632
0.2805537
0.2849036
0.2894094
0.2938658
0.2983052
0.3027546
0.3071304
0.3116539
0.316015
0.320334
0.3247248
0.3291511
0.3335365
0.3380241
0.3424484
0.3467652
0.3510469
0.3554282
0.3597846
0.3640338
0.3684226
0.3727749
0.3770143
0.3814195
0.3856958
0.3899396
0.3943012
0.3985536
0.4027197
0.4069744
0.4112934
0.4155155
0.4197284
0.4239606
0.4281164
0.432425
0.4365541
0.4407278
0.4449129
0.4490299
0.4540665
0.459221
0.4633364
0.4674527
0.4715819
0.4756695
0.4798194
0.4839104
0.4879332
0.4919737
0.4959625
0.5000249
0.5040869
0.5080303
0.5120882
0.5160467
0.5201041
0.5239979
0.5279533
0.5318678
0.5358292
0.5397548
0.5436754
0.5476745
0.5514622
0.5554028
0.5591778
0.5630304
0.5668544
0.5706667
0.5745966
0.5783168
0.5820861
0.585968
0.5896636
0.5933962
0.5971404
0.6008371
0.6045827
0.6082967
0.6119177
0.6156157
0.6193056
0.6229348
0.626552
0.6301707
0.6337793
0.6373722
0.6409661
0.6445098
0.6481365
0.6516077
0.6551044
0.6586511
0.6621588
0.6655908
0.6690432
0.6725274
0.6759382
0.6793713
0.6827713
0.6862298
0.6895323
0.6928985
0.6962603
0.6995808
0.702948
0.7061901
0.7095268
0.712797
0.7159894
0.7192758
0.7225372
0.7256705
0.7288972
0.7320887
0.7351984
0.7383885
0.7415243
0.7445931
0.7477626
0.7508377
0.7538351
0.7569249
0.7599092
0.762924
0.765947
0.7689114
0.7719026
0.7748173
0.7778207
0.7806695
0.7836145
0.7864568
0.7893186
0.7922282
0.7950047
0.7978078
0.8006353
0.8034089
0.8061499
0.8089026
0.8116511
0.8143417
0.8170995
0.8197236
0.8223596
0.8250251
0.8276412
0.8302003
0.8327869
0.8353591
0.8379059
0.8404375
0.8429871
0.845441
0.847954
0.8503965
0.8528128
0.8552302
0.8576573
0.8600155
0.8624079
0.8647299
0.8670487
0.8693882
0.871649
0.8739192
0.876205
0.8784107
0.8806147
0.8828177
0.8849829
0.8871475
0.889325
0.8914232
0.8935077
0.895577
0.8976449
0.8996941
0.9017075
0.9037023
0.9056942
0.9076838
0.9096069
0.9115057
0.9134147
0.9153094
0.9171768
0.9190118
0.9208457
0.9226367
0.9244217
0.926196
0.9279277
0.9296545
0.9313913
0.9330341
0.9347308
0.9363655
0.9379742
0.9395751
0.941178
0.9427165
0.9442557
0.945778
0.9472873
0.9487591
0.9502388
0.9516634
0.9530866
0.954486
0.9558561
0.9572218
0.9585477
0.9598609
0.9611781
0.9624299
0.9636793
0.9649339
0.9661314
0.9673148
0.9684877
0.9696413
0.970754
0.9718667
0.9729502
0.9740126
0.9750667
0.9760833
0.9770874
0.9780627
0.9790183
0.9799542
0.9808878
0.9817932
0.982657
0.9834965
0.9843307
0.9851364
0.9859251
0.9866877
0.9874339
0.9881705
0.9888759
0.9895476
0.9902051
0.9908446
0.9914604
0.9920561
0.9926308
0.9931841
0.9937157
0.9942265
0.9947132
0.9951827
0.9956261
0.9960497
0.996457
0.9968323
0.997193
0.9975296
0.9978464
0.9981398
0.9984156
0.9986659
0.9988934
0.9991011
0.9992886
0.999456
0.9995959
0.9997213
0.9998178
0.9998953
0.9999526
0.9999867
0.9999999
0.9999915
0.9999614
0.9999099
0.9998358
0.9997414
0.9996252
0.9994243
0.9992798
0.9991665
0.9989387
0.9987674
0.9985242
0.9980656
0.997824
0.9974739
0.9971719
0.9969525
0.9966246
0.9963216
0.9959084
0.9953918
0.9950367
0.9945562
0.9939643
0.9933838
0.9930076
0.9924406
0.9918595
0.9912658
0.9906416
0.9899991
0.9893296
0.9886416
0.9879239
0.987191
0.9864308
0.9856769
0.9848572
0.9840455
0.983224
0.9823638
0.9814852
0.9805856
0.9796386
0.9787008
0.9777545
0.9767497
0.9757487
0.9747297
0.9736717
0.9725821
0.9714808
0.9704021
0.9692501
0.9681199
0.9669439
0.9656997
0.9645187
0.9632826
0.9619857
0.960656
0.9593053
0.9579408
0.9565514
0.9551229
0.9536753
0.9522307
0.9507557
0.9492313
0.947679
0.9461856
0.9445932
0.9430387
0.9414966
0.9399163
0.938326
0.9367207
0.9349822
0.933396
0.9317251
0.930033
0.928309
0.9265856
0.9248048
0.923028
0.9212357
0.9193502
0.9175607
0.9157292
0.913845
0.9119515
0.909999
0.9080919
0.9061064
0.9041568
0.9020841
0.9001155
0.898077
0.8960235
0.8939699
0.8918811
0.8897594
0.8875623
0.8854812
0.8832417
0.881097
0.878906
0.8766646
0.8744299
0.8721696
0.8698491
0.8675631
0.865262
0.8628481
0.8605282
0.8581725
0.8556809
0.8533218
0.8509244
0.8484642
0.8459212
0.8434969
0.8409281
0.8384646
0.8359434
0.8333579
0.8308032
0.8281983
0.8255711
0.8229309
0.8202978
0.8174821
0.8148434
0.8122257
0.8094848
0.8067344
0.8040041
0.8012192
0.7983998
0.7956311
0.7926852
0.7899334
0.7871044
0.7841905
0.7812867
0.7784096
0.7754927
0.7725449
0.7695786
0.7665576
0.7635844
0.7606006
0.757542
0.7544939
0.7514545
0.748392
0.7452929
0.7421937
0.73905
0.7358762
0.7327648
0.7295642
0.7263838
0.723148
0.7199711
0.7167233
0.7134842
0.7101795
0.7068802
0.7036278
0.7003039
0.6969978
0.6936516
0.6902869
0.6867668
0.6834705
0.6801265
0.6766475
0.6732807
0.669835
0.6663565
0.6628987
0.6594122
0.6557375
0.6523879
0.6488621
0.6453029
0.6417557
0.6381704
0.6345609
0.6309698
0.6273203
0.6236923
0.6200893
0.6164429
0.6126806
0.6090841
0.6053898
0.6016408
0.5979496
0.5942276
0.5904488
0.5866999
0.5829215
0.5791185
0.5753276
0.5715219
0.5676932
0.5638807
0.5600448
0.5561748
0.5522846
0.5483606
0.5444986
0.5406187
0.536651
0.5327594
0.5287989
0.5248615
0.5206484
0.5169414
0.5129462
0.5088628
0.5049337
0.5009016
0.4968707
0.4928365
0.4887262
0.4845211
0.4806068
0.4765296
0.4724308
0.4683549
0.4642085
0.460074
0.4559761
0.451791
0.4476787
0.44346
0.4393253
0.435136
0.4309763
0.426765
0.4224254
0.4183367
0.4140741
0.4098586
0.4055808
0.4013416
0.3970836
0.3928216
0.388533
0.3841822
0.3799597
0.3756481
0.3713148
0.367006
0.362668
0.3582765
0.3539856
0.3496124
0.3452256
0.3408996
0.3364754
0.3317725
0.3277811
0.3233503
0.3188914
0.3145159
0.3100898
0.3056862
0.3012252
0.2967867
0.2923196
0.2878836
0.2834362
0.2789502
0.2745009
0.2700299
0.2655284
0.2610834
0.2565505
0.2520618
0.2475859
0.2429893
0.2385533
0.2340103
0.229513
0.2249239
0.2204126
0.215881
0.2112105
0.2068086
0.202251
0.1976738
0.1931376
0.1884878
0.1839933
0.1794142
0.1748041
0.1701976
0.1655808
0.1610437
0.1564333
0.1517819
0.1472501
0.1426432
0.1380748
0.1334448
0.1288769
0.1242748
0.119655
0.1149541
0.1103916
0.1057714
0.1010921
0.09651886
0.09176265
0.08721929
0.08260189
0.07799127
0.07333072
0.06869805
0.06405368
0.05942171
0.05476348
0.05012476
0.04548521
0.04072651
0.03619396
0.03149719
0.02685382
0.02220058
0.01730109
0.01295212
0.008286055
0.003628158
-0.001015035
-0.005684194
-0.01042165
-0.01497317
-0.01974129
-0.02426538
-0.02893196
-0.03357194
-0.03826289
-0.04288535
-0.04752856
-0.05218813
-0.05681443
-0.06146402
-0.0661099
-0.07074364
-0.07542601
-0.08009627
-0.08464718
-0.08928371
-0.09399831
-0.09856867
-0.1032491
-0.1078251
-0.1124534
-0.1170635
-0.1216939
-0.1263961
-0.1309149
-0.1355384
-0.1400957
-0.1447789
-0.1495027
-0.1540256
-0.1585717
-0.1632015
-0.1677245
-0.1722761
-0.1768856
-0.1814098
-0.1859843
-0.190713
-0.1951368
-0.1996926
-0.2042511
-0.2088119
-0.2133609
-0.2179217
-0.2224272
-0.2269519
-0.231542
-0.2361466
-0.2405196
-0.2450309
-0.2497954
-0.254032
-0.2585768
-0.2630285
-0.2675673
-0.2720276
-0.2764872
-0.2809586
-0.2854124
-0.2899075
-0.2945559
-0.3164812
-0.3209709
-0.3253602
-0.3296707
-0.3340634
-0.3384402
-0.3428143
-0.3472019
-0.3515328
-0.3559405
-0.360232
-0.3645937
-0.3689295
-0.3732122
-0.3775444
-0.3818921
-0.386126
-0.3904578
-0.3947136
-0.3989626
-0.4032903
-0.407473
-0.4117532
-0.4159876
-0.4201828
-0.4244148
-0.428639
-0.4327907
-0.4369937
-0.441215
-0.4453634
-0.4495272
-0.453681
-0.4578311
-0.461929
-0.4661027
-0.4701943
-0.4742919
-0.4783444
-0.4824294
-0.4864931
-0.4905869
-0.494655
-0.498661
-0.5027055
-0.5068343
-0.5106903
-0.5147512
-0.51868
-0.5226489
-0.5266498
-0.5305777
-0.5345512
-0.5384462
-0.5423443
-0.5462422
-0.5502062
-0.5540481
-0.5578614
-0.5618142
-0.565554
-0.5694084
-0.5732067
-0.5770648
-0.5808073
-0.5846387
-0.5883502
-0.5921347
-0.596016
-0.5996026
-0.6032904
-0.6070478
-0.6107176
-0.6143691
-0.618072
-0.6217294
-0.6253055
-0.6290578
-0.6325604
-0.6361992
-0.6398438
-0.6433569
-0.6469268
-0.6504221
-0.6539214
-0.6574367
-0.661107
-0.6644263
-0.6679084
-0.6713578
-0.6748173
-0.6782259
-0.6816627
-0.685032
-0.6884022
-0.6918274
-0.6952092
-0.6984552
-0.7017896
-0.7050738
-0.7083691
-0.7116746
-0.7149918
-0.7181523
-0.7214785
-0.724628
-0.7277849
-0.7310504
-0.7341472
-0.7373034
-0.7404904
-0.7435578
-0.7466542
-0.7498185
-0.7528788
-0.75586
-0.7589297
-0.7619317
-0.7649222
-0.7679327
-0.7709439
-0.7738513
-0.7768152
-0.7796972
-0.7826002
-0.7854794
-0.7883881
-0.7912309
-0.7940657
-0.7968594
-0.7997082
-0.8025234
-0.8052489
-0.8079738
-0.8107136
-0.8134505
-0.8162836
-0.8188117
-0.821474
-0.8241317
-0.8267388
-0.8293353
-0.8319519
-0.8344975
-0.8370585
-0.8396239
-0.8421206
-0.8446115
-0.8470816
-0.8496647
-0.8520203
-0.8544366
-0.8568323
-0.8592284
-0.8616089
-0.8639553
-0.8662671
-0.8686267
-0.8709034
-0.8732084
-0.8754355
-0.877672
-0.8798909
-0.8820972
-0.8842662
-0.8864233
-0.8885709
-0.8907067
-0.8928182
-0.89492
-0.8969501
-0.8990095
-0.9010339
-0.903033
-0.9050429
-0.9070004
-0.9089547
-0.910899
-0.9127785
-0.9146923
-0.9165865
-0.918405
-0.9202343
-0.9220471
-0.9238526
-0.9256064
-0.9273329
-0.9290784
-0.9308072
-0.9324753
-0.9341766
-0.9358198
-0.9374503
-0.9390386
-0.9406246
-0.9421974
-0.9437416
-0.945268
-0.9467728
-0.948277
-0.9497301
-0.9511763
-0.9526054
-0.954027
-0.9554024
-0.9567689
-0.9581003
-0.9594333
-0.9607327
-0.9620062
-0.963259
-0.9645151
-0.9657333
-0.9669177
-0.9680932
-0.9692507
-0.9703836
-0.9715006
-0.9725856
-0.9736739
-0.9747083
-0.9757482
-0.9767582
-0.9777386
-0.9787007
-0.9796407
-0.9805831
-0.9814807
-0.9823666
-0.9832121
-0.9840488
-0.9848689
-0.9856606
-0.9864446
-0.9871865
-0.9879192
-0.9886283
-0.9893193
-0.9899958
-0.9906333
-0.9912573
-0.9918646
-0.9924428
-0.9930131
-0.9935461
-0.9940618
-0.9945523
-0.9950324
-0.9954829
-0.9959105
-0.9963218
-0.9967064
-0.9970752
-0.9974259
-0.9977439
-0.9980438
-0.9983267
-0.9985822
-0.9988214
-0.9990341
-0.9992315
-0.9994003
-0.9995511
-0.9996791
-0.9997857
-0.9998725
-0.9999354
-0.9999775
-0.9999979
-0.9999967
-0.9999739
-0.9999292
-0.9998628
-0.9997761
-0.9996656
-0.9995317
-0.9993777
-0.9992071
-0.9990135
-0.9987958
-0.9985551
-0.9982954
-0.9980143
-0.9977044
-0.997381
-0.9970368
-0.9966691
-0.9962772
-0.9958679
-0.9954265
-0.994979
-0.994503
-0.9940001
-0.9934837
-0.9929404
-0.9923825
-0.9917942
-0.9911917
-0.9905625
-0.9899173
-0.9892406
-0.9885556
-0.9878343
-0.9870971
-0.9863508
-0.985568
-0.9847798
-0.983959
-0.9831076
-0.9822595
-0.981374
-0.9804584
-0.9795461
-0.9785895
-0.9776259
-0.9766429
-0.9756374
-0.9745869
-0.9735513
-0.9724609
-0.9713685
-0.9702426
-0.9691107
-0.9679742
-0.9667822
-0.9655912
-0.9643767
-0.963136
-0.9618529
-0.9605653
-0.9592852
-0.9579313
-0.956601
-0.955251
-0.9538577
-0.9524239
-0.9510133
-0.9495695
-0.9480966
-0.9466106
-0.9451092
-0.943583
-0.9420309
-0.9404644
-0.9388785
-0.9372448
-0.9356294
-0.9339753
-0.9323002
-0.9305928
-0.9288926
-0.9271491
-0.9254074
-0.9236342
-0.9218464
-0.9200311
-0.918189
-0.9163488
-0.914467
-0.9125671
-0.9106624
-0.9087377
-0.9067637
-0.9048176
-0.9028221
-0.9008115
-0.8987868
-0.8967183
-0.8946509
-0.8925815
-0.8904359
-0.8883453
-0.8861759
-0.8840189
-0.88183
-0.8796526
-0.8774087
-0.8751823
-0.8729238
-0.8706474
-0.8683199
-0.8660433
-0.8636706
-0.8613406
-0.858978
-0.8565466
-0.8541617
-0.8517234
-0.8492876
-0.8468336
-0.8443531
-0.8417972
-0.8392953
-0.8367801
-0.8342336
-0.8316662
-0.8290717
-0.8264595
-0.823836
-0.821175
-0.8184782
-0.8158272
-0.8131245
-0.8104103
-0.8076705
-0.8049409
-0.8021901
-0.7993534
-0.796589
-0.7937418
-0.790906
-0.7880709
-0.785191
-0.7823059
-0.7794042
-0.7764223
-0.7735096
-0.7705623
-0.7675938
-0.7645528
-0.7615955
-0.7585943
-0.7555553
-0.7524359
-0.7494338
-0.746326
-0.7432088
-0.7400883
-0.736957
-0.7337786
-0.7306355
-0.7274475
-0.7242407
-0.7210469
-0.7177839
-0.7145511
-0.7112795
-0.708011
-0.7047136
-0.7013834
-0.6980817
-0.6947789
-0.6913512
-0.6880323
-0.6846459
-0.6812412
-0.6778647
-0.6743711
-0.6709868
-0.6673341
-0.6640709
-0.660505
-0.6570891
-0.6535349
-0.6500121
-0.6461967
-0.6429116
-0.6393407
-0.6357825
-0.6321169
-0.6285806
-0.624939
-0.6212782
-0.6176599
-0.6139725
-0.6101488
-0.6066218
-0.6029204
-0.5992013
-0.5954482
-0.5917243
-0.5879446
-0.5841536
-0.5803998
-0.5764977
-0.5728127
-0.5690055
-0.565147
-0.5612569
-0.557458
-0.5535915
-0.5497146
-0.5457674
-0.5418662
-0.5379871
-0.5340594
-0.5301154
-0.5261939
-0.5222164
-0.5182741
-0.5142519
-0.5102825
-0.5061882
-0.5022808
-0.4982168
-0.4941945
-0.4901619
-0.4860205
-0.4820144
-0.4778885
-0.473825
-0.4697073
-0.4655725
-0.4614939
-0.45732
-0.4532247
-0.4490969
-0.4448395
-0.4407398
-0.4365686
-0.43233
-0.4280948
-0.4239404
-0.4197208
-0.4155268
-0.4112736
-0.4069412
-0.402783
-0.3985224
-0.3942116
-0.3899725
-0.3856951
-0.3813892
-0.3770926
-0.3727959
-0.3684437
-0.3641319
-0.3597299
-0.3553591
-0.3510453
-0.3467205
-0.3423457
-0.3379867
-0.3335788
-0.3292216
-0.324833
-0.3204302
-0.315992
-0.3115944
-0.3071679
-0.3027447
-0.2982755
-0.293822
-0.289353
-0.284954
-0.28051
-0.2759904
-0.2715496
-0.2670437
-0.2626038
-0.2580855
-0.2535957
-0.2490828
-0.2445859
-0.2400345
-0.2355377
-0.2310075
-0.2265072
-0.221949
-0.217433
-0.2128936
-0.2083404
-0.2037868
-0.1992428
-0.1946754
-0.1901229
-0.1855336
-0.1809613
-0.1763963
-0.1717838
-0.1672165
-0.1626296
-0.1580086
-0.1534336
-0.1488161
-0.1442474
-0.1396188
-0.1350321
-0.1303797
-0.125801
-0.1211718
-0.11653
-0.1118165
-0.1072384
-0.1026795
-0.09801297
-0.09346776
-0.08869832
-0.0841934
-0.07954607
-0.07491508
-0.0701802
-0.06560457
-0.06097187
-0.05630691
-0.05167739
-0.04703104
-0.04234032
-0.03776302
-0.03308438
-0.02844314
-0.02374933
-0.01911745
-0.01447466
-0.009852075
-0.005197327
-0.0005205313
0.004110977
0.008765283
0.01341034
0.01810279
0.02272666
0.02739295
0.03202337
0.0367994
0.04130541
0.04596967
0.05060578
0.05524128
0.05989463
0.06455239
0.06919161
0.07382031
0.07843791
0.08310657
0.08782519
0.09241411
0.09700392
0.1016429
0.1062432
0.1109047
0.1154851
0.1201407
0.1247705
0.1293366
0.1339906
0.13856
0.1431779
0.1477941
0.152377
0.1569626
0.16156
0.166167
0.1707328
0.1753146
0.1799185
0.184473
0.1890338
0.193634
0.1981851
0.2027058
0.2072773
0.2118316
0.2163799
0.220917
0.225461
0.230008
0.2345355
0.2389992
0.2435471
0.2480426
0.2525442
0.2570372
0.2615407
0.2660454
0.2705195
0.2749956
0.2794735
0.2839637
0.2884046
0.292855
0.2972693
0.3016978
0.306143
0.3105674
0.3150086
0.319372
0.3238577
0.3282226
0.3326093
0.3369533
0.3413982
0.3457214
0.350056
0.3544447
0.3587966
0.3631403
0.3674589
0.3717659
0.3760619
0.3804716
0.3846802
0.3889649
0.393281
0.3975376
0.4018137
0.4060633
0.4102992
0.4145142
0.4188108
0.4229744
0.4271809
0.4314117
0.435579
0.4397686
0.4439462
0.448106
0.4522527
0.4564656
0.4605608
0.4646982
0.4687985
0.4728895
0.4770228
0.4810427
0.485188
0.4891873
0.4932655
0.4973172
0.5013086
0.505335
0.5093709
0.5133281
0.5173749
0.5212937
0.5253635
0.5292162
0.5331624
0.5371466
0.5410058
0.5449132
0.5488075
0.5527127
0.5565713
0.5604281
0.5643907
0.5681232
0.5719665
0.5757595
0.5795424
0.5832986
0.5871539
0.5908552
0.5946491
0.5983369
0.6020548
0.6057559
0.6095244
0.6131214
0.6167856
0.6205054
0.6241345
0.6278192
0.631386
0.6349613
0.6385443
0.6421317
0.6456618
0.6491967
0.6527531
0.6562619
0.6597459
0.6632726
0.6667174
0.6701823
0.6736767
0.6770372
0.680487
0.6838993
0.6872637
0.6906486
0.694024
0.6973825
0.7006967
0.7039746
0.7072703
0.7105497
0.7456092
0.7486954
0.7517703
0.7549589
0.7579162
0.760948
0.7639362
0.766909
0.7698871
0.7728485
0.7757808
0.7787365
0.7817165
0.7845761
0.7874264
0.7902597
0.7931311
0.7959864
0.7987352
0.8017265
0.8043156
0.8070512
0.8097832
0.8125209
0.81521
0.8178993
0.8206006
0.8232152
0.8258318
0.8284692
0.8310588
0.8336419
0.8362491
0.838766
0.8412871
0.8437872
0.8462566
0.8487169
0.8512014
0.8536102
0.8560247
0.8584454
0.8607974
0.8631507
0.8655193
0.867808
0.8701139
0.872397
0.8746793
0.8769345
0.8791522
0.8813372
0.8835282
0.8857083
0.8878571
0.8899739
0.8921201
0.8941825
0.8962549
0.898326
0.9003459
0.9023641
0.9043899
0.9063295
0.9082823
0.9102479
0.9123036
0.9140399
0.9159282
0.9177626
0.91962
0.9214548
0.9232224
0.9250011
0.9267702
0.9285083
0.9302254
0.9319376
0.9335819
0.9352401
0.9369028
0.9385731
0.9400949
0.9416741
0.9432254
0.9447691
0.9462888
0.9477701
0.9492389
0.9507017
0.9521409
0.95354
0.9549444
0.9563045
0.9576488
0.9589824
0.9602854
0.9615768
0.9628494
0.9640872
0.9653113
0.9665349
0.9677017
0.96886
0.9700096
0.9711308
0.972229
0.9733131
0.9743594
0.9753959
0.9764209
0.9774105
0.9783739
0.9793411
0.9802707
0.9811661
0.9820656
0.9829324
0.9837726
0.9845937
0.9853926
0.9861725
0.9869426
0.9876789
0.9883922
0.9890925
0.9897733
0.9904201
0.9910581
0.9916582
0.9922534
0.9928275
0.9933648
0.9938827
0.9943883
0.9948725
0.9953302
0.9957708
0.9961839
0.9965792
0.9969547
0.9973044
0.9976367
0.9979436
0.9982312
0.9984969
0.9987451
0.9989643
0.9991646
0.9993464
0.9995023
0.9996381
0.9997527
0.9998454
0.9999158
0.9999658
0.9999933
0.9999995
0.999984
0.9999471
0.9998876
0.9998078
0.9997047
0.9995829
0.9994353
0.9992684
0.9990813
0.9988706
0.9986386
0.9925718
0.9919845
0.991395
0.9907794
0.9901395
0.9894656
0.9887865
0.9880802
0.9873495
0.9866103
0.9858436
0.9850162
0.9842392
0.9834089
0.9825537
0.9816648
0.9807793
0.9798551
0.9789233
0.9769787
0.9706482
0.9622723
0.9610227
0.9597139
0.9583898
0.9557107
0.9543346
0.9529363
0.9500622
0.9486101
0.9471312
0.9456227
0.9440871
0.9425451
0.9409723
0.9394114
0.9378036
0.9361559
0.9345391
0.9328663
0.9311745
0.9294786
0.927748
0.9259874
0.9242424
0.9224555
0.9206274
0.9188098
0.91695
0.9151081
0.9132128
0.9113214
0.9093992
0.9074472
0.9054427
0.9034575
0.9014989
0.8994766
0.8974147
0.8953696
0.8932664
0.8911694
0.8890759
0.8869302
0.8847589
0.8825356
0.8803955
0.8781374
0.8759124
0.873683
0.8714076
0.8691369
0.8668186
0.8644168
0.8621395
0.8597571
0.8573818
0.8549426
0.8525617
0.8501327
0.8476648
0.8451921
0.8426664
0.8401545
0.8376271
0.8350832
0.8324601
0.8299405
0.8273107
0.8247025
0.8220816
0.8194037
0.8167431
0.8140107
0.8113182
0.8085736
0.8058553
0.7861233
0.7832093
0.7803758
0.777399
0.774538
0.7715738
0.7685701
0.7656292
0.762624
0.7595117
0.7565516
0.7535195
0.7504064
0.7473639
0.7442344
0.7411442
0.7380388
0.7348756
0.7316373
0.7285574
0.7253413
0.7221159
0.7189131
0.7156544
0.7123761
0.7091352
0.7058468
0.7025473
0.6992094
0.6959007
0.6925083
0.6891904
0.6857977
0.6823864
0.6790044
0.6755811
0.6721355
0.6686944
0.6652296
0.6616911
0.6582477
0.6547306
0.6511472
0.6476407
0.6441074
0.6404987
0.6369861
0.6333688
0.6297435
0.6261401
0.6225068
0.6188773
0.6152323
0.6115537
0.6078657
0.6041591
0.6003823
0.5967053
0.5929911
0.5892265
0.5854151
0.5816962
0.5779051
0.5741102
0.5702895
0.5664564
0.5625717
0.5587773
0.5549173
0.551003
0.5470423
0.543179
0.5393291
0.5354122
0.5314758
0.5274451
0.5234774
0.5195675
0.5155871
0.5116373
0.5076142
0.5035866
0.4995447
0.4954025
0.4914508
0.4874157
0.483371
0.4792539
0.4752069
0.4710573
0.4669689
0.462895
0.4587536
0.4545888
0.4504531
0.4462462
0.4421304
0.4379753
0.433712
0.4295329
0.425341
0.421134
0.4169309
0.4127188
0.4084588
0.4041427
0.3999539
0.395699
0.3914119
0.3870925
0.3828236
0.3785378
0.3742031
0.3699142
0.3655856
0.3612543
0.3568938
0.3525407
0.3482033
0.343595
0.2864529
0.2819726
0.2775192
0.272945
0.2685843
0.2640939
0.2595987
0.2551079
0.2505554
0.2459955
0.2416133
0.2370733
0.2325551
0.2280105
0.223473
0.2189297
0.214417
0.2098448
0.2052036
0.2007231
0.1961552
0.1915586
0.1870244
0.1824909
0.1779123
0.1733485
0.1687876
0.1641431
0.1595459
0.1548745
0.1503721
0.1457837
0.1411401
0.1365313
0.1319535
0.1273493
0.1225322
0.1181109
0.1134977
0.1088214
0.1042111
0.09964494
0.0949533
0.09034978
0.08573102
0.0810667
0.07644624
0.07183175
0.06715292
0.06255067
0.05782236
0.0531956
0.04860867
0.04388446
0.03932604
0.03466291
0.02994564
0.0252954
0.02071707
0.01606393
0.01138279
0.006712839
0.00204656
-0.002594969
-0.007346111
-0.01192353
-0.01651977
-0.02115857
-0.02581026
-0.03048427
-0.0351395
-0.03976157
-0.04448473
-0.04904117
-0.05377751
-0.0584203
-0.06303423
-0.06762016
-0.07231976
-0.07696261
-0.08153155
-0.08617859
-0.09081805
-0.09543656
-0.1001128
-0.104691
-0.1093334
-0.113927
-0.1186431
-0.1232203
-0.1278024
-0.1324054
-0.137033
-0.1417038
-0.1462158
-0.1508162
-0.155469
-0.1600147
-0.1646596
-0.1692163
-0.173775
-0.1783581
-0.1829542
-0.1875566
-0.1921343
-0.1966424
-0.2012939
-0.2057664
-0.2103586
-0.2148651
-0.2193829
-0.2239489
-0.2284534
-0.2330717
-0.2375931
-0.2420131
-0.2465445
-0.2510549
-0.2555607
-0.260038
-0.2645998
-0.2689821
-0.2735084
-0.2781486
-0.2824118
-0.2869217
-0.2913741
-0.2958056
-0.3002116
-0.304713
-0.3090797
-0.3134943
-0.3179879
-0.3223761
-0.3267366
-0.3311702
-0.3354789
-0.3399097
-0.3442792
-0.3486047
-0.3529727
-0.3573695
-0.3616411
-0.3660258
-0.4342327
-0.4383834
-0.4425616
-0.4467455
-0.4508924
-0.4550508
-0.4591291
-0.4633396
-0.4674251
-0.4715006
-0.4756315
-0.4796808
-0.5475212
-0.5513993
-0.5552679
-0.5591933
-0.5629911
-0.5668172
-0.5706514
-0.5745544
-0.5782678
-0.5820491
-0.5858465
-0.5896318
-0.5933382
-0.5970856
-0.6007933
-0.6045178
-0.6082957
-0.6119151
-0.6155773
-0.6192458
-0.6228725
-0.6265222
-0.6301449
-0.64458
-0.6480149
-0.6621472
-0.6655557
-0.6690801
-0.672473
-0.6759067
-0.679325
-0.6827509
-0.6861328
-0.6895138
-0.6929479
-0.6962376
-0.6995428
-0.7028974
-0.7061812
-0.7094687
-0.7127528
-0.7159928
-0.719226
-0.7224635
-0.725682
-0.7288807
-0.7321046
-0.7351796
-0.7383984
-0.7415065
-0.7445707
-0.7476598
-0.7507637
-0.7538605
-0.7568734
-0.7598888
-0.762917
-0.7659034
-0.7688897
-0.7718977
-0.7748492
-0.7777402
-0.7806524
-0.7835578
-0.786428
-0.7893017
-0.7921442
-0.7950155
-0.797804
-0.8005996
-0.8033636
-0.8061714
-0.8088653
-0.8116069
-0.8143253
-0.8169973
-0.8197136
-0.8223969
-0.8249651
-0.8275913
-0.8301788
-0.8327823
-0.8353277
-0.8378751
-0.8404234
-0.8429375
-0.8454342
-0.8479142
-0.8504213
-0.8527963
-0.8552319
-0.8576522
-0.8599913
-0.8623613
-0.8647972
-0.8670624
-0.8693618
-0.8716854
-0.873908
-0.8761653
-0.8784037
-0.8806211
-0.8827969
-0.8849909
-0.8871869
-0.8892715
-0.8913874
-0.8935184
-0.8955657
-0.8976486
-0.8996691
-0.9016833
-0.9036855
-0.9056656
-0.9076515
-0.9095823
-0.911498
-0.9134074
-0.915275
-0.9171447
-0.9190062
-0.9296481
-0.9313549
-0.9330449
-0.934689
-0.9363439
-0.9379485
-0.9395525
-0.9411923
-0.9427084
-0.9442458
-0.9457836
-0.9472865
-0.9487513
-0.9502079
-0.9516646
-0.953062
-0.9544955
-0.9558515
-0.9572015
-0.9585476
-0.9598558
-0.9611461
-0.9624317
-0.9636635
-0.9649168
-0.966143
-0.9673144
-0.9684893
-0.9696202
-0.9707559
-0.9718646
-0.9729534
-0.974019
-0.9750484
-0.9760891
-0.977082
-0.9780629
-0.9790116
-0.9799487
-0.9808723
-0.981755
-0.9826455
-0.983485
-0.9843195
-0.9851261
-0.9859169
-0.986685
-0.9874288
-0.9881858
-0.9888608
-0.9895425
-0.9902
-0.9908393
-0.99146
-0.9920598
-0.9926265
-0.9931777
-0.993709
-0.9942236
-0.9947091
-0.9951774
-0.9956255
-0.9960464
-0.9964491
-0.996839
-0.9971905
-0.9975266
-0.9978477
-0.9999619
-0.999908
-0.9998373
-0.9997422
-0.9996259
-0.9994876
-0.9993275
-0.9991477
-0.9989406
-0.9987189
-0.9984736
-0.9982048
-0.9979149
-0.9976062
-0.9972731
-0.9969177
-0.9965432
-0.9961463
-0.9957285
-0.9952888
-0.9948205
-0.9943388
-0.9938135
-0.9933135
-0.9927659
-0.9921914
-0.9915974
-0.9909916
-0.9903592
-0.9897037
-0.9890275
-0.9883273
-0.9876059
-0.9868658
-0.9860883
-0.9853231
-0.984517
-0.9836912
-0.982837
-0.9819613
-0.9810781
-0.980159
-0.9792418
-0.9782875
-0.9773033
-0.9763173
-0.9753032
-0.9742663
-0.9731953
-0.9721274
-0.9710176
-0.9698952
-0.968754
-0.9675955
-0.9663907
-0.9651983
-0.9639708
-0.9627252
-0.9614546
-0.9601657
-0.9588546
-0.9575238
-0.9561666
-0.9547651
-0.9534098
-0.9519864
-0.9505525
-0.9491053
-0.947615
-0.9461144
-0.9446099
-0.9430581
-0.9414867
-0.9399346
-0.9383486
-0.9367323
-0.93509
-0.9334264
-0.9317459
-0.9300455
-0.9283382
-0.9265788
-0.9248198
-0.9230526
-0.9212461
-0.9194419
-0.9175633
-0.9157405
-0.9138604
-0.8766947
-0.8744122
-0.8721597
-0.8698983
-0.8581826
-0.8558124
-0.8509535
-0.8484994
-0.8459944
-0.8435206
-0.8410062
-0.8384829
-0.8359513
-0.8333782
-0.8307863
-0.8282153
-0.8255671
-0.8229291
-0.8203263
-0.8176153
-0.8149296
-0.8122447
-0.809496
-0.8067537
-0.8040364
-0.8012714
-0.7984645
-0.7956164
-0.7928309
-0.7899913
-0.7870764
-0.7842374
-0.7813187
-0.7784265
-0.7755105
-0.7725446
-0.7696067
-0.7666329
-0.7635742
-0.713492
-0.7102134
-0.7069611
-0.7036274
-0.7003577
-0.6970228
-0.6936404
-0.6903109
-0.686878
-0.6835321
-0.6801634
-0.6767213
-0.6732897
-0.6698619
-0.6663771
-0.6627421
-0.6594083
-0.6559067
-0.6523498
-0.6488858
-0.6452852
-0.6417676
-0.6382003
-0.6345685
-0.6307946
-0.6273904
-0.6237603
-0.6201056
-0.616474
-0.6127533
-0.6090854
-0.6053938
-0.6016397
-0.5979249
-0.5942571
-0.5904792
-0.5866736
-0.5829131
-0.5791634
-0.5753414
-0.5715545
-0.5677114
-0.5639126
-0.5600458
-0.5562158
-0.5522746
-0.5484527
-0.5445336
-0.5406476
-0.5367258
-0.5327803
-0.5287852
-0.5249162
-0.5206881
-0.516972
-0.5129303
-0.5089543
-0.5048736
-0.50094
-0.4969075
-0.4928519
-0.4888054
-0.4847459
-0.4805873
-0.4765906
-0.4724781
-0.4683232
-0.4642805
-0.4601315
-0.4559343
-0.451869
-0.447686
-0.4435128
-0.4393823
-0.4351934
-0.4308584
-0.4267962
-0.4225751
-0.4182936
-0.4141392
-0.4098716
-0.4055856
-0.4014006
-0.3970689
-0.3927697
-0.388496
-0.3841806
-0.3799697
-0.375658
-0.3713533
-0.3670166
-0.3626977
-0.3583328
-0.3540232
-0.3496615
-0.3452663
-0.340876
-0.3365582
-0.3321829
-0.327705
-0.3233424
-0.318944
-0.3145234
-0.3101376
-0.3057162
-0.3011799
-0.296849
-0.2923752
-0.2879151
-0.2835082
-0.2790367
-0.2744949
-0.2700902
-0.2655245
-0.2611176
-0.2566021
-0.2520726
-0.2476069
-0.2427187
-0.2385135
-0.2340571
-0.2294455
-0.2249337
-0.2204933
-0.2159581
-0.2113203
-0.2067095
-0.2022855
-0.1976677
-0.1931231
-0.188624
-0.1839991
-0.1794602
-0.1749062
-0.1702967
-0.1657315
-0.1611411
-0.1565114
-0.1519556
-0.1472795
-0.1426842
-0.1380981
-0.1335279
-0.1289105
-0.124276
-0.1196862
-0.1150275
-0.1104174
-0.105824
-0.1011656
-0.09652311
-0.09190602
-0.08729931
-0.08259854
-0.07795488
-0.0733295
-0.06873109
-0.06407792
-0.05944335
-0.05473512
-0.05015617
-0.04549519
-0.04085799
-0.03622944
-0.03152862
-0.02694532
-0.02216027
-0.01759594
-0.01298547
-0.008295568
-0.003682732
0.0009940781
0.00563272
0.01026075
0.01492098
0.01957612
0.02440436
0.02888885
0.03356624
0.03819716
0.04283582
0.04748596
0.05216077
0.05686967
0.06141074
0.06612466
0.07077149
0.0753578
0.08000908
0.08459114
0.08923411
0.09390267
0.09865743
0.1031889
0.1077704
0.1125041
0.1170117
0.1216825
0.1262618
0.1309291
0.1354961
0.1400839
0.1447291
0.1493645
0.1539439
0.1585124
0.163151
0.1677595
0.1722358
0.1768436
0.1813838
0.1860007
0.1905461
0.1951052
0.19969
0.204249
0.2087821
0.2132995
0.2178551
0.2223996
0.2269178
0.2314655
0.2360563
0.2404993
0.2450066
0.2495558
0.2540597
0.2585628
0.262994
0.2675327
0.2720397
0.2764547
0.2809105
0.2853978
0.2898295
0.2942923
0.2987706
0.3031433
0.3075868
0.3120498
0.3164589
0.3208323
0.3252601
0.3297214
0.3340207
0.3384109
0.3427928
0.3471646
0.3515253
0.3558588
0.3602327
0.3645445
0.3688591
0.3732047
0.3774795
0.381793
0.3860911
0.3904352
0.3946498
0.398955
0.403192
0.4074613
0.4117156
0.4159116
0.4201393
0.4243485
0.4286278
0.4327841
0.4369603
0.441146
0.4453058
0.4495421
0.4536239
0.4577529
0.4619237
0.4660092
0.4701278
0.4742353
0.478345
0.4823725
0.4864847
0.4905597
0.4945684
0.4986079
0.5027051
0.5066578
0.5106606
0.5146809
0.5186207
0.5225877
0.5265961
0.5305217
0.5344569
0.5384328
0.5422926
0.5462328
0.5500934
0.5539604
0.5578733
0.5617368
0.5655267
0.5693909
0.5732207
0.5769664
0.5807893
0.5845924
0.5883473
0.5920918
0.5958573
0.5995746
0.6032623
0.6070175
0.6106663
0.6143835
0.6180255
0.6216932
0.6252841
0.6289707
0.6325274
0.6361281
0.6397348
0.6432874
0.6468632
0.6504154
0.653895
0.6574104
0.6609081
0.6643935
0.6678589
0.6713219
0.6747611
0.6782418
0.6815937
0.6849882
0.6883693
0.6917714
0.6950752
0.6984408
0.7017741
0.7050806
0.7084365
0.7116163
0.7148876
0.7181467
0.7213517
0.7245875
0.7277635
0.7309747
0.7341187
0.7372979
0.7404045
0.7435687
0.746649
0.7497204
0.752782
0.7559048
0.7588975
0.7619045
0.7649443
0.7678872
0.770857
0.7738199
0.7767924
0.7796772
0.7825741
0.7855237
0.7883341
0.7912869
0.7940468
0.7968464
0.7996604
0.8024838
0.8051943
0.807946
0.8107193
0.8133873
0.8161696
0.8187737
0.8214372
0.8240927
0.8267142
0.8293172
0.8319035
0.8345358
0.837032
0.8396832
0.8421116
0.8445863
0.8470674
0.8495523
0.8519602
0.8543982
0.8568397
0.8592147
0.8616189
0.8639193
0.8662614
0.8685842
0.8709358
0.8731427
0.8754046
0.8776612
0.8798627
0.8820631
0.8842626
0.8864105
0.8885548
0.8907517
0.8927786
0.8948779
0.8969499
0.8990296
0.9010623
0.9030389
0.9049987
0.9069752
0.9089378
0.9108526
0.912762
0.914691
0.9165181
0.9184512
0.9202145
0.9220117
0.9238061
0.925597
0.9273311
0.9290652
0.9307728
0.9324536
0.9341419
0.9357968
0.9374197
0.9390239
0.9406353
0.9422057
0.9437301
0.9452671
0.9467684
0.9482514
0.9497162
0.9511731
0.9525938
0.9540114
0.955379
0.9567519
0.9580938
0.9594095
0.9607442
0.962019
0.9632524
0.9644942
0.9657181
0.966913
0.9680884
0.9692475
0.9703763
0.9714888
0.9726165
0.9736483
0.9747029
0.9757369
0.9767379
0.9777445
0.9787129
0.9796582
0.9805591
0.9814751
0.9823836
0.9832112
0.9840443
0.9848567
0.9856731
0.9864367
0.9871786
0.987913
0.9886326
0.9893122
0.9899871
0.9906282
0.9912467
0.9918543
0.9924465
0.9929932
0.9935473
0.9940572
0.9945504
0.9950219
0.9954773
0.9959066
0.9963156
0.9967132
0.9970712
0.9974171
0.9977391
0.9980413
0.9983216
0.9985845
0.9988164
0.9990339
0.9992285
0.9993996
0.9995486
0.999679
0.9997846
0.9998713
0.9999366
0.9999771
0.9999979
0.9999967
0.9999741
0.9999301
0.999863
0.9997771
0.9996676
0.9995353
0.9993844
0.9992086
0.999011
0.998796
0.998559
0.998295
0.998017
0.9977131
0.9973853
0.9970405
0.996672
0.9962795
0.9958709
0.9954335
0.9949831
0.9945048
0.9940116
0.9934853
0.9927819
0.9920989
0.9917175
0.9909426
0.9905529
0.9901442
0.9895419
0.9888812
0.9881778
0.9874509
0.9867049
0.9858716
0.9851365
0.9842225
0.9833194
0.98239
0.981773
0.9808905
0.9798904
0.9790431
0.9780834
0.9768182
0.9761065
0.9750576
0.9740301
0.9729636
0.9718885
0.9707649
0.9696394
0.9685136
0.9673184
0.9661475
0.9649026
0.9636766
0.9624318
0.9611906
0.9598834
0.9585846
0.9572259
0.9558364
0.9544204
0.9529138
0.9515401
0.9500474
0.9485644
0.9470495
0.9454881
0.9439261
0.9423663
0.940764
0.93913
0.9374917
0.9358247
0.9341003
0.9324384
0.930715
0.9290052
0.9272147
0.9254926
0.9236841
0.921895
0.9200546
0.9182092
0.9163666
0.9144796
0.9125807
0.9106888
0.90875
0.9067963
0.9048176
0.9028454
0.9007692
0.898809
0.8967305
0.8946841
0.8925968
0.8904755
0.8883367
0.8862254
0.8840461
0.881841
0.8796723
0.8774234
0.8751661
0.8729305
0.8706587
0.8683567
0.8660698
0.8637223
0.8613224
0.8589711
0.8566094
0.8541998
0.8517503
0.8493168
0.8468103
0.8443727
0.8418255
0.8393526
0.8367996
0.834242
0.8316832
0.829088
0.8264683
0.8238409
0.8212017
0.8185157
0.8158162
0.8131692
0.8104092
0.8076986
0.8049448
0.8021855
0.7993929
0.7966055
0.7937615
0.79091
0.7880917
0.7851942
0.7823269
0.779431
0.7764896
0.7735208
0.770606
0.7676244
0.7646285
0.7616431
0.7586148
0.7555656
0.7524773
0.749406
0.7463672
0.7432484
0.7401242
0.7369602
0.7338492
0.7306271
0.7274749
0.7242686
0.7210584
0.717832
0.7146068
0.7113442
0.7080325
0.7047708
0.7014513
0.6981049
0.6947885
0.6913408
0.6880655
0.6846921
0.6812488
0.6778492
0.6744309
0.6709818
0.667484
0.6640762
0.6605437
0.6570999
0.6536077
0.6500342
0.6464936
0.6429689
0.6394166
0.6357828
0.6322193
0.6285821
0.6249379
0.6213211
0.6176558
0.6139694
0.6103482
0.6066187
0.6029481
0.5992547
0.5955064
0.5916759
0.5879724
0.5841838
0.580408
0.576636
0.5728189
0.5690458
0.5651868
0.5613666
0.557483
0.5536245
0.5497102
0.5458549
0.5419599
0.5379762
0.5341126
0.5301626
0.5261598
0.5221753
0.5182577
0.5142327
0.5102964
0.5062935
0.502259
0.4982581
0.4941281
0.490169
0.4860147
0.4819396
0.477922
0.4738506
0.4697599
0.4656564
0.4614965
0.4573984
0.4531724
0.4490283
0.4449172
0.4407153
0.4365999
0.432416
0.428115
0.4239572
0.4197619
0.4155281
0.4112583
0.4070745
0.4027677
0.3985736
0.3942913
0.3899522
0.3857232
0.3813759
0.3770688
0.3727499
0.3684947
0.3640728
0.3598109
0.3554416
0.3511368
0.3467388
0.3422659
0.3379782
0.3336179
0.3292035
0.3247721
0.3204537
0.3160227
0.3116383
0.3072183
0.3026806
0.2983382
0.293883
0.2894478
0.2849754
0.2805031
0.2760688
0.2715753
0.2671218
0.2626305
0.2581334
0.2536427
0.2491253
0.2446228
0.2400317
0.2355947
0.2310488
0.2265388
0.2219857
0.2173887
0.2129323
0.208255
0.2037279
0.1992788
0.1946384
0.1901491
0.1855715
0.1809983
0.1764315
0.1718571
0.1672348
0.1626211
0.1580754
0.1534566
0.14881
0.144294
0.1396835
0.1350501
0.1304685
0.1258303
0.1212129
0.1166167
0.1119828
0.1073674
0.1027335
0.09808223
0.09348483
0.08879614
0.08422236
0.07958788
0.07494691
0.07027103
0.06566782
0.06101277
0.0563802
0.05173689
0.04708674
0.04241938
0.03780827
0.03314488
0.02847314
0.02379983
0.01918893
0.01448704
0.009881137
0.005231158
0.0005810658
-0.004064271
-0.008708565
-0.01336507
-0.01803845
-0.02275243
-0.02734197
-0.03196716
-0.03663646
-0.04132497
-0.04592682
-0.05056485
-0.05526749
-0.05998604
-0.06449769
-0.0691298
-0.07380607
-0.07840846
-0.08312608
-0.08770504
-0.09232012
-0.09695981
-0.1015803
-0.1062612
-0.11088
-0.1154861
-0.120083
-0.1246962
-0.1293162
-0.1339382
-0.1385175
-0.1431374
-0.1477248
-0.1524015
-0.1570757
-0.1615365
-0.1661755
-0.1707469
-0.1753062
-0.1799209
-0.1844791
-0.1890043
-0.2163129
-0.2208524
-0.2254067
-0.2299449
-0.234505
-0.2389627
-0.2434995
-0.2480144
-0.2525092
-0.2570058
-0.2614979
-0.2660064
-0.2704475
-0.2750158
-0.2794241
-0.2838713
-0.2883654
-0.2929133
-0.2972798
-0.3017056
-0.3061012
-0.3105248
-0.3150159
-0.3194041
-0.3237783
-0.3281474
-0.3325994
-0.3369291
-0.3413144
-0.3456816
-0.3500288
-0.3544112
-0.3588465
-0.3630675
-0.3674283
-0.371735
-0.3760655
-0.3803508
-0.3847071
-0.388939
-0.3932854
-0.3975022
-0.4017736
-0.4060171
-0.4103023
-0.4145125
-0.4187571
-0.4229788
-0.4271533
-0.4313498
-0.4355816
-0.4397627
-0.4439171
-0.4480706
-0.4522212
-0.4563553
-0.4604931
-0.464599
-0.4687791
-0.4729067
-0.4769687
-0.4810423
-0.4851572
-0.4891632
-0.4932469
-0.4972684
-0.5012743
-0.5052975
-0.5093278
-0.5133322
-0.5172977
-0.5213711
-0.5252247
-0.5291777
-0.5332016
-0.5370493
-0.5410559
-0.5449
-0.5487629
-0.5526523
-0.5565202
-0.5604045
-0.5642261
-0.5680891
-0.5719051
-0.5757852
-0.579483
-0.5832835
-0.5871238
-0.5908586
-0.5945563
-0.5983499
-0.6020662
-0.6057422
-0.6094658
-0.6131639
-0.6167752
-0.6204213
-0.6241316
-0.6276972
-0.631362
-0.6349422
-0.638519
-0.6420776
-0.6456764
-0.649187
-0.6527184
-0.6562501
-0.6597288
-0.6632833
-0.6667163
-0.6701664
-0.673595
-0.6770625
-0.6804409
-0.6838509
-0.6873015
-0.6906331
-0.6939666
-0.6973496
-0.7006301
-0.7039662
-0.7072666
-0.7105611
-0.7137893
-0.7170836
-0.720264
-0.723482
-0.7267144
-0.7299009
-0.7331494
-0.7362497
-0.7393564
-0.7424947
-0.7456371
-0.7487517
-0.7517442
-0.7548576
-0.7579168
-0.7609161
-0.7639362
-0.7668858
-0.7698716
-0.772866
-0.7758073
-0.7787402
-0.781618
-0.7844853
-0.7873782
-0.7902538
-0.7931087
-0.7959463
-0.7987619
-0.8014973
-0.8042694
-0.8070782
-0.809786
-0.8124889
-0.815223
-0.8179402
-0.8205935
-0.8232217
-0.8258259
-0.8284991
-0.8310559
-0.8336101
-0.836226
-0.838739
-0.8412384
-0.8438386
-0.8462821
-0.8486937
-0.8511789
-0.8536015
-0.8560057
-0.8583936
-0.8608086
-0.863136
-0.8655637
-0.8678035
-0.8701001
-0.8723956
-0.8746601
-0.8768901
-0.8791331
-0.8813208
-0.8835264
-0.8857453
-0.8878626
-0.889963
-0.8920783
-0.8941998
-0.8962355
-0.8982977
-0.9004656
-0.902332
-0.9043543
-0.9063315
-0.9082708
-0.9102341
-0.9121452
-0.9140304
-0.9159045
-0.9177771
-0.9196219
-0.9214178
-0.9232132
-0.9249837
-0.9267673
-0.9285012
-0.93022
-0.9318909
-0.9336087
-0.935239
-0.9368898
-0.9384995
-0.9400923
-0.9416546
-0.9432324
-0.9447492
-0.9462608
-0.9477665
-0.949248
-0.9506807
-0.9521262
-0.9535254
-0.9549168
-0.956288
-0.9576595
-0.9589679
-0.9602887
-0.9616019
-0.9628327
-0.9640894
-0.965302
-0.9665167
-0.9677081
-0.9688556
-0.9699892
-0.9711258
-0.9722117
-0.973299
-0.974373
-0.9753963
-0.9764031
-0.9774197
-0.9783874
-0.9793195
-0.9802576
-0.9811701
-0.9820487
-0.9829211
-0.9837711
-0.9845838
-0.9853959
-0.9861761
-0.9869351
-0.9876754
-0.9883833
-0.9890891
-0.9897586
-0.9904101
-0.9910488
-0.991661
-0.9922453
-0.9928098
-0.9933579
-0.9938785
-0.9943911
-0.9948685
-0.9953279
-0.9957672
-0.9961873
-0.9965749
-0.9969509
-0.9973062
-0.9976354
-0.9979421
-0.99823
-0.9984956
-0.9987468
-0.998964
-0.9991633
-0.9993433
-0.9995027
-0.9996372
-0.9997514
-0.9998446
-0.9999172
-0.9999653
-0.9999932
-0.9999994
-0.9999843
-0.9999475
-0.999889
-0.9998088
-0.9997072
-0.9995842
-0.9994373
-0.9992723
-0.9990839
-0.9988721
-0.9986402
-0.9983878
-0.9981125
-0.9978173
-0.9974985
-0.9971583
-0.9967934
-0.9964152
-0.9960116
-0.9955835
-0.9951336
-0.994669
-0.9941708
-0.9936661
-0.9931297
-0.9925643
-0.9920034
-0.9914033
-0.9907731
-0.9901458
-0.9894792
-0.9887869
-0.988085
-0.9873647
-0.9865981
-0.9858441
-0.9850603
-0.9842401
-0.9834134
-0.9825625
-0.9816764
-0.9807838
-0.9798682
-0.9789196
-0.9779098
-0.9769915
-0.9759913
-0.9749662
-0.9739078
-0.9728336
-0.9717596
-0.9706413
-0.9694996
-0.9683766
-0.9672074
-0.9660125
-0.9648
-0.9635513
-0.9622969
-0.9610333
-0.959723
-0.9584056
-0.9570764
-0.9557104
-0.9543338
-0.9529482
-0.9515159
-0.950083
-0.9486098
-0.9471391
-0.9456438
-0.9440786
-0.9425709
-0.9410088
-0.9394225
-0.9378198
-0.9361774
-0.9345299
-0.9328828
-0.93117
-0.929492
-0.9277568
-0.9260187
-0.9242293
-0.9224673
-0.9206568
-0.9188368
-0.9169751
-0.915117
-0.9132276
-0.9113073
-0.9094019
-0.9074676
-0.8782012
-0.8759492
-0.8737077
-0.8714221
-0.8691468
-0.866829
-0.8645002
-0.8621554
-0.8597892
-0.8574132
-0.8550118
-0.8525661
-0.8500955
-0.847685
-0.8452039
-0.8427064
-0.8401856
-0.8376766
-0.8351278
-0.8325663
-0.829958
-0.8273551
-0.8247365
-0.8221011
-0.819436
-0.8167728
-0.8140578
-0.8113416
-0.8086314
-0.8058914
-0.8031125
-0.8003309
-0.7975434
-0.7947203
-0.7919067
-0.7890316
-0.7861521
-0.7832496
-0.7803835
-0.7775009
-0.7745441
-0.7716053
-0.7686366
-0.76565
-0.7626505
-0.7595638
-0.7565984
-0.7535496
-0.750453
-0.747402
-0.7442866
-0.7411487
-0.7379905
-0.7348368
-0.7316399
-0.7285718
-0.7253603
-0.7221291
-0.7188714
-0.7156618
-0.712433
-0.7091702
-0.7058367
-0.7025772
-0.699266
-0.6959342
-0.6925558
-0.6892146
-0.6858157
-0.6824017
-0.6790527
-0.6755726
-0.6720719
-0.6687319
-0.6652303
-0.6617612
-0.6581702
-0.6547601
-0.6509836
-0.6477257
-0.6441628
-0.6405873
-0.6369567
-0.6334108
-0.629819
-0.626175
-0.622559
-0.6188294
-0.6152496
-0.6115892
-0.6078929
-0.604188
-0.6004913
-0.5967619
-0.5930133
-0.5892519
-0.5854096
-0.5817295
-0.5779347
-0.5741085
-0.5703294
-0.5664486
-0.5626072
-0.5588121
-0.5549482
-0.5510324
-0.5471764
-0.5432751
-0.5393748
-0.5354179
-0.5314539
-0.5275513
-0.5235871
-0.5196294
-0.5156737
-0.5116643
-0.5076208
-0.5036319
-0.4996108
-0.495559
-0.4915579
-0.4874731
-0.4833626
-0.4792598
-0.4752287
-0.4711136
-0.4670253
-0.4629423
-0.458807
-0.4546176
-0.4504811
-0.446352
-0.4421655
-0.4380105
-0.4338169
-0.4296035
-0.4254169
-0.4212179
-0.4169456
-0.4127457
-0.4084831
-0.4042499
-0.3999626
-0.3957174
-0.391404
-0.3870643
-0.2998422
-0.2951349
-0.2909497
-0.2865013
-0.2820193
-0.2775787
-0.2730753
-0.2686082
-0.2641205
-0.259653
-0.2551301
-0.2506237
-0.2460749
-0.2415781
-0.2371076
-0.2324948
-0.2280086
-0.2234934
-0.2189697
-0.2143425
-0.2098728
-0.2053277
-0.2007987
-0.1962561
-0.1916288
-0.1871228
-0.1823953
-0.1779657
-0.1733955
-0.1687481
-0.1641873
-0.1595967
-0.155029
-0.1503957
-0.1458478
-0.141244
-0.1365124
-0.1320197
-0.1274145
-0.1227536
-0.1181468
-0.1135451
-0.1088612
-0.1042736
-0.09963827
-0.0950596
-0.09040104
-0.0857595
-0.0811066
-0.07650517
-0.07185455
-0.067092
-0.0625792
-0.05791659
-0.05326796
-0.04864674
-0.04400162
-0.03925264
-0.03470101
-0.03001711
-0.02534018
-0.02073325
-0.01610109
-0.01137895
-0.006807227
-0.002120922
0.002500579
0.007167803
0.01180626
0.01644828
0.02119864
0.02579026
0.03042138
0.03506137
0.03973873
0.04439234
0.04911739
0.05367754
0.05832607
0.0629524
0.06756976
0.07223513
0.07684188
0.08147549
0.08611875
0.09077913
0.09541855
0.1000198
0.104655
0.1092709
0.1139999
0.1185257
0.1232174
0.1278005
0.1323808
0.1369451
0.1415896
0.1461762
0.1508012
0.1554417
0.1599752
0.1645938
0.1692107
0.1737449
0.1783168
0.1829186
0.1874639
0.1920183
0.1966153
0.2011781
0.2057552
0.2103055
0.2148139
0.2194034
0.2239527
0.2284859
0.2329345
0.2374894
0.2419872
0.2464854
0.2510466
0.2555119
0.260038
0.2645088
0.2689665
0.2735231
0.2779068
0.282528
0.2868303
0.2913166
0.2957382
0.300188
0.3046549
0.3090335
0.3134599
0.3178957
0.3222777
0.3267321
0.3311343
0.3354735
0.3398272
0.3442739
0.3485698
0.3529317
0.3573143
0.3616163
0.3659549
0.370305
0.3745781
0.3788856
0.3832201
0.3874953
0.3917674
0.3960923
0.4003386
0.40466
0.4088435
0.4131245
0.4173929
0.421557
0.4257415
0.4299342
0.4341348
0.4383226
0.4425573
0.4467003
0.4508354
0.4549948
0.4591748
0.4633058
0.4674015
0.4714754
0.4755627
0.47969
0.4837483
0.4878445
0.4918536
0.4959385
0.4999363
0.5039747
0.5079823
0.5121756
0.5159401
0.5199522
0.523982
0.5279191
0.5318256
0.5357465
0.5396608
0.5436226
0.5474686
0.5514033
0.5552576
0.5591427
0.5629667
0.5667976
0.5706584
0.5746286
0.5782771
0.5820367
0.5858241
0.5895725
0.5933067
0.5970894
0.6008909
0.604489
0.6082322
0.6119016
0.6155353
0.6192084
0.6228531
0.6265126
0.6301716
0.6336942
0.637289
0.6408935
0.6444882
0.6480018
0.651522
0.6551033
0.6585621
0.6620815
0.6655792
0.6689901
0.6724462
0.6759059
0.6793131
0.6827294
0.6861766
0.6894745
0.6928543
0.6962027
0.6995878
0.7028391
0.7061583
0.7094149
0.7127301
0.7159868
0.7191856
0.7224655
0.7256334
0.7288096
0.7319805
0.7351615
0.7382904
0.7414252
0.7445758
0.7476491
0.7507253
0.7537878
0.7568403
0.7598839
0.7629145
0.7659432
0.7688636
0.771831
0.774772
0.7777049
0.7806649
0.7835175
0.7864068
0.7893234
0.7921571
0.7949681
0.7978115
0.8005573
0.8033512
0.806133
0.8088457
0.811578
0.8143181
0.8170072
0.8196459
0.8223107
0.8249306
0.8275555
0.8301666
0.8327607
0.8353167
0.8378714
0.8403883
0.8429857
0.8454077
0.8478793
0.8503315
0.8527973
0.855267
0.8576193
0.8599947
0.8623477
0.864712
0.8670382
0.8693222
0.871613
0.8738849
0.8761497
0.8783654
0.880584
0.8828363
0.8849531
0.8871346
0.889258
0.8913762
0.8934811
0.8955514
0.8976284
0.8996807
0.9017002
0.90367
0.9057
0.9076126
0.9095613
0.9114839
0.9134063
0.9152769
0.9171318
0.9189897
0.9208005
0.9226094
0.9261511
0.9279013
0.9296243
0.9313396
0.9330133
0.9346859
0.9363315
0.9379416
0.9395846
0.9411455
0.9426861
0.9442515
0.9457629
0.9472639
0.9487546
0.9501978
0.9516531
0.9531001
0.9544824
0.9558434
0.9572294
0.958528
0.9598606
0.9611539
0.9624115
0.9636697
0.9649858
0.9661125
0.967297
0.9684618
0.9696081
0.9707449
0.9718442
0.9729307
0.9739965
0.9750463
0.9760644
0.9770647
0.9780456
0.978999
0.979936
0.9808626
0.9817523
0.9826295
0.9834777
0.9843173
0.9851195
0.9859093
0.9866753
0.9874212
0.9881516
0.9888523
0.9895313
0.9901941
0.9908324
0.9914512
0.9920527
0.9926227
0.993178
0.993717
0.9942195
0.9947078
0.9951784
0.9956204
0.9960433
0.9964461
0.9968283
0.9971856
0.9975272
0.9978424
0.9981382
0.9984152
0.9986602
0.9988914
0.999099
0.999285
0.9994497
0.9995932
0.9997153
0.9998162
0.9998947
0.999951
0.9999864
0.9999998
0.9999918
0.999961
0.9999108
0.9998375
0.9997438
0.9996265
0.9994885
0.9993296
0.9991492
0.9989449
0.9987203
0.9984756
0.9982027
0.9979191
0.997605
0.9972759
0.996918
0.9965442
0.9961506
0.9957308
0.9952804
0.9947854
0.9943467
0.9938432
0.9933144
0.992749
0.9921954
0.9915987
0.9909957
0.9903547
0.9897071
0.9890267
0.9883252
0.9876114
0.9868723
0.9860976
0.9853266
0.9845233
0.983686
0.9828463
0.9819708
0.9810705
0.9801775
0.979248
0.9782934
0.9773152
0.9763119
0.9753075
0.9742738
0.97321
0.9721286
0.9710215
0.9698969
0.9687507
0.9675906
0.9664172
0.9651988
0.9639825
0.9627182
0.9614421
0.9601678
0.9588683
0.957532
0.9561781
0.9548131
0.9534172
0.9519972
0.9505546
0.948986
0.9476375
0.946146
0.944629
0.9430968
0.9415216
0.9399505
0.9383664
0.9367443
0.9350802
0.9334418
0.9317622
0.929967
0.9283481
0.9266132
0.9248379
0.923071
0.921265
0.9194502
0.9175944
0.9157505
0.913874
0.9119691
0.9100587
0.9081222
0.9061565
0.9041914
0.9021848
0.9000071
0.8981367
0.896028
0.8940101
0.8919006
0.8897593
0.8876703
0.8855274
0.8833467
0.8811116
0.878943
0.8767002
0.8744705
0.8722119
0.8699157
0.8676119
0.8652865
0.862924
0.860592
0.8581978
0.8558213
0.8533857
0.8509676
0.8485181
0.8460218
0.8435037
0.8410403
0.8385146
0.8359801
0.8334109
0.8308341
0.8282233
0.8256031
0.8228815
0.8203274
0.8176405
0.8149655
0.8122808
0.8095542
0.806819
0.804054
0.8012474
0.798484
0.7955986
0.7928193
0.7899837
0.7871346
0.7842427
0.7813752
0.7784792
0.7753497
0.7725899
0.7696426
0.7666188
0.7636247
0.76064
0.7576106
0.7545773
0.7515177
0.7483811
0.7452989
0.7421393
0.7390776
0.735923
0.7328029
0.7295905
0.7264431
0.7232422
0.7200297
0.7167963
0.7135381
0.7102657
0.7069091
0.7036802
0.7003727
0.6970227
0.6936946
0.6903157
0.6869439
0.6835989
0.6802004
0.6767367
0.6733354
0.6698689
0.6664304
0.6627977
0.6594563
0.6559477
0.6524437
0.6488822
0.6453632
0.6417763
0.638171
0.6345485
0.6310247
0.6273659
0.6237767
0.620134
0.6165078
0.6127706
0.609127
0.6054022
0.6017326
0.5980014
0.5942464
0.5905123
0.5867624
0.5829611
0.5791938
0.5754046
0.5715404
0.5677687
0.5639551
0.5600473
0.5562332
0.5523549
0.5484359
0.5445656
0.5406949
0.5366985
0.532832
0.5288815
0.524887
0.5209135
0.5169892
0.512972
0.5089912
0.5050143
0.5009788
0.4969555
0.4928983
0.4888054
0.4847935
0.480706
0.4766098
0.4725285
0.4684319
0.4643117
0.4601815
0.4560599
0.4518673
0.4477482
0.443594
0.4393959
0.4352158
0.4310158
0.4268411
0.4226312
0.4184192
0.4141565
0.409956
0.4056562
0.4014434
0.3971171
0.3928784
0.388619
0.3843021
0.3800208
0.3756978
0.3712922
0.3671
0.3627226
0.3584048
0.3540652
0.3496124
0.345234
0.3409647
0.3365788
0.332164
0.3277797
0.3229949
0.319019
0.3146229
0.3101729
0.3057162
0.3012545
0.29689
0.2923807
0.2879836
0.2834835
0.2790724
0.2746058
0.2701334
0.2656514
0.2611268
0.2566223
0.2521639
0.2476023
0.243061
0.2386311
0.2340608
0.2295355
0.2250442
0.220537
0.2159841
0.2114433
0.2068214
0.2023406
0.1977845
0.1932035
0.1886596
0.1840291
0.1794996
0.1749099
0.1703465
0.1656948
0.1611392
0.1565632
0.1519763
0.1473899
0.142789
0.138134
0.1335156
0.1289209
0.1243422
0.1196776
0.1149384
0.110462
0.1058391
0.1012444
0.09660946
0.09195728
0.08732779
0.08269641
0.07805564
0.07334279
0.06878625
0.04544657
0.04088845
0.0362418
0.03133128
0.02696531
0.02227466
0.0176045
0.01302168
0.008331782
0.003702735
-0.0009721675
-0.00566803
-0.0105049
-0.01497918
-0.01966101
-0.02425089
-0.02884597
-0.03350145
-0.03827818
-0.04281775
-0.04749932
-0.0522408
-0.05682876
-0.06137935
-0.06602001
-0.07065164
-0.07537685
-0.07992545
-0.08456361
-0.08925883
-0.094066
-0.0984591
-0.1031614
-0.1077325
-0.1125685
-0.1169776
-0.1215926
-0.1262485
-0.1308374
-0.1354291
-0.1401028
-0.1446339
-0.1492448
-0.1538601
-0.1584626
-0.1630823
-0.167595
-0.1722414
-0.1768821
-0.1813838
-0.1859361
-0.1905012
-0.1950361
-0.1996564
-0.204375
-0.2087793
-0.2133135
-0.2178561
-0.222355
-0.226968
-0.2314312
-0.2359358
-0.2404762
-0.2450316
-0.249565
-0.2539859
-0.2584753
-0.2630511
-0.2675125
-0.2719333
-0.2764712
-0.2809188
-0.2853822
-0.2897829
-0.2943051
-0.2986988
-0.3031642
-0.3075868
-0.312048
-0.3163739
-0.3208648
-0.325271
-0.3296629
-0.3339919
-0.3384593
-0.3427453
-0.3471709
-0.3514691
-0.3558205
-0.3601837
-0.3644983
-0.368821
-0.3731375
-0.3774742
-0.3817604
-0.3860489
-0.3904168
-0.3945938
-0.3989095
-0.4031745
-0.4074169
-0.4116713
-0.4158856
-0.4201428
-0.4243391
-0.4285762
-0.4327334
-0.43695
-0.4411058
-0.4452555
-0.4495251
-0.4536349
-0.4577351
-0.4618865
-0.4659789
-0.4700933
-0.4742596
-0.4782747
-0.4823633
-0.4864781
-0.490509
-0.4945361
-0.4985906
-0.5026276
-0.5066965
-0.5106393
-0.5146041
-0.5185955
-0.5226536
-0.5266188
-0.5304756
-0.5344054
-0.5383348
-0.5422654
-0.5461777
-0.5501149
-0.5539334
-0.5578638
-0.5616934
-0.5654921
-0.5693337
-0.5731926
-0.5769532
-0.580773
-0.5845878
-0.5882879
-0.5921279
-0.5957953
-0.5995449
-0.6032403
-0.6070592
-0.6106316
-0.6143135
-0.6179805
-0.6216491
-0.6253235
-0.6289293
-0.6325126
-0.6360648
-0.6397107
-0.6432443
-0.6468195
-0.6503647
-0.6539232
-0.6574026
-0.660901
-0.664385
-0.6679128
-0.6713071
-0.6747224
-0.6782005
-0.6816467
-0.6849806
-0.6883832
-0.6917129
-0.6950567
-0.6983965
-0.7017646
-0.7050617
-0.7083248
-0.7116532
-0.714843
-0.7181002
-0.7213683
-0.7245441
-0.7277361
-0.7309643
-0.7340857
-0.7372342
-0.7403731
-0.7435317
-0.7466141
-0.7497033
-0.7527651
-0.7558817
-0.7588745
-0.7619008
-0.7648945
-0.767889
-0.770857
-0.7738097
-0.7767684
-0.7796527
-0.7825859
-0.7854428
-0.788316
-0.7911674
-0.794026
-0.7968383
-0.7996382
-0.8024138
-0.8052051
-0.8079494
-0.8107064
-0.8133734
-0.8160841
-0.8187715
-0.8214204
-0.8240625
-0.8267136
-0.8292943
-0.8319103
-0.8345574
-0.8370079
-0.8395558
-0.8421327
-0.8445638
-0.8470629
-0.8495141
-0.8519532
-0.8543987
-0.856787
-0.8591698
-0.8615632
-0.8639154
-0.8662443
-0.868578
-0.870873
-0.8731641
-0.8754064
-0.8776493
-0.8798433
-0.882042
-0.8842244
-0.8863902
-0.8885605
-0.8906789
-0.8928418
-0.8948523
-0.8969664
-0.8989766
-0.900992
-0.903034
-0.9049853
-0.9069675
-0.9089155
-0.9108321
-0.9127534
-0.9146725
-0.9165337
-0.9183784
-0.9201996
-0.9220047
-0.9238171
-0.9255959
-0.9273104
-0.9290592
-0.9307729
-0.932447
-0.9341402
-0.9357722
-0.9374018
-0.939011
-0.9406155
-0.9421616
-0.9437339
-0.9452553
-0.9467564
-0.9482718
-0.9497216
-0.9511502
-0.9525848
-0.9540054
-0.9553649
-0.9567311
-0.9580804
-0.9593996
-0.9607082
-0.9619859
-0.9632424
-0.9644871
-0.9657065
-0.9669009
-0.9680731
-0.9692335
-0.9703643
-0.9714761
-0.9725764
-0.9736369
-0.9746952
-0.9757396
-0.9767312
-0.9777231
-0.9786972
-0.9796214
-0.9805557
-0.9814693
-0.9823548
-0.9832027
-0.9840336
-0.9848496
-0.9856495
-0.9864261
-0.9871701
-0.9879129
-0.9886181
-0.9893067
-0.9899735
-0.990635
-0.9912446
-0.9918678
-0.9924405
-0.9929898
-0.9935307
-0.9940607
-0.9945425
-0.9950213
-0.9954743
-0.9959018
-0.9963169
-0.9967037
-0.9970677
-0.9974123
-0.9977359
-0.9980407
-0.9983197
-0.998583
-0.9988144
-0.999033
-0.9992256
-0.9993978
-0.9995477
-0.9996778
-0.9997842
-0.99987
-0.9999346
-0.9999766
-0.9999978
-0.9999968
-0.9999745
-0.9999301
-0.999863
-0.9997778
-0.9996685
-0.9995357
-0.9993852
-0.9992118
-0.9990125
-0.9987997
-0.9985605
-0.9982987
-0.9980187
-0.9977147
-0.9973857
-0.9970405
-0.996675
-0.9962793
-0.9958733
-0.9954409
-0.9949866
-0.9945102
-0.9940132
-0.9934925
-0.9929544
-0.9923863
-0.9918035
-0.9911989
-0.990577
-0.9899235
-0.9892483
-0.9885647
-0.987859
-0.9871247
-0.9863642
-0.985589
-0.984797
-0.9839708
-0.9831312
-0.9822754
-0.981395
-0.9804533
-0.9795585
-0.9786066
-0.974612
-0.9735677
-0.9724889
-0.9713929
-0.9702803
-0.9691366
-0.9679965
-0.9668132
-0.9656083
-0.964356
-0.9631644
-0.9618863
-0.9605985
-0.9592644
-0.9579819
-0.9566289
-0.9552764
-0.9538892
-0.9524593
-0.9510541
-0.9496086
-0.9481057
-0.9466015
-0.9451295
-0.9435811
-0.9420624
-0.9404898
-0.9388863
-0.9372874
-0.9356558
-0.9339924
-0.9322815
-0.9306417
-0.9289159
-0.9271947
-0.9254493
-0.9236307
-0.9218724
-0.9200531
-0.9182197
-0.916365
-0.9144842
-0.9125889
-0.9107069
-0.9087723
-0.9068067
-0.904857
-0.9028594
-0.9008347
-0.8988135
-0.896736
-0.8947075
-0.8926174
-0.8904949
-0.8883792
-0.8862408
-0.8840514
-0.8818648
-0.8796881
-0.8774773
-0.8752265
-0.8729743
-0.8706976
-0.8683738
-0.8660526
-0.8637415
-0.8613772
-0.8590155
-0.8566158
-0.8541626
-0.8517853
-0.849344
-0.846864
-0.8443441
-0.8418723
-0.8393402
-0.8368199
-0.834263
-0.8316721
-0.8290927
-0.8264999
-0.8238571
-0.8212299
-0.8185633
-0.8158856
-0.8131925
-0.8104494
-0.8077233
-0.8049991
-0.802235
-0.7993929
-0.7965997
-0.7937893
-0.7909526
-0.7881105
-0.7852385
-0.7823352
-0.7794567
-0.7764571
-0.7735462
-0.7706139
-0.7676714
-0.7646376
-0.7616709
-0.7586533
-0.755623
-0.7525326
-0.7494697
-0.7463831
-0.743219
-0.7401575
-0.7369995
-0.7338667
-0.73067
-0.7275161
-0.7243363
-0.7211119
-0.7178758
-0.7146227
-0.7113368
-0.7080702
-0.7048032
-0.7014859
-0.6981753
-0.6948372
-0.69148
-0.688069
-0.684722
-0.6813242
-0.677885
-0.6744971
-0.6710086
-0.6675507
-0.6641311
-0.6605945
-0.6571193
-0.6536214
-0.6500748
-0.6465241
-0.6429944
-0.639432
-0.6358027
-0.632251
-0.6286192
-0.6249319
-0.6213577
-0.6177225
-0.6140153
-0.610361
-0.6066741
-0.602939
-0.5992135
-0.5954551
-0.591742
-0.5880256
-0.5842766
-0.5804375
-0.5766913
-0.5728674
-0.5690293
-0.5652403
-0.561376
-0.557479
-0.5536729
-0.5497643
-0.5458197
-0.5419736
-0.5380646
-0.5340892
-0.5301424
-0.5262052
-0.5222355
-0.5183474
-0.5142965
-0.5102833
-0.5063247
-0.5022812
-0.4983094
-0.494274
-0.490228
-0.4861347
-0.4819103
-0.4779429
-0.473843
-0.4697834
-0.4656395
-0.4615853
-0.4574298
-0.4532982
-0.4491399
-0.4449701
-0.4408095
-0.4366222
-0.4324495
-0.4282365
-0.4240367
-0.4198138
-0.4155957
-0.4113565
-0.4070997
-0.4028271
-0.3985806
-0.3943027
-0.3900234
-0.3856775
-0.3814447
-0.3771544
-0.3727516
-0.3685337
-0.3641927
-0.3598366
-0.3553961
-0.3511457
-0.3468148
-0.3424442
-0.3380302
-0.3336628
-0.3292648
-0.3248379
-0.3204383
-0.3160951
-0.3116111
-0.30722
-0.302817
-0.298391
-0.2939167
-0.2894633
-0.2850257
-0.2805873
-0.2760788
-0.2716248
-0.2671135
-0.2625688
-0.2581693
-0.2536095
-0.2491216
-0.2446616
-0.2401336
-0.2355687
-0.231021
-0.2265629
-0.2219848
-0.217506
-0.2128419
-0.2084117
-0.2038353
-0.1992582
-0.1947609
-0.1900629
-0.1855855
-0.1810423
-0.176439
-0.1718054
-0.1673035
-0.1626889
-0.1581008
-0.1535226
-0.148909
-0.1443204
-0.1396721
-0.1350907
-0.1304439
-0.1258227
-0.1212707
-0.1162804
-0.1120453
-0.1073854
-0.102761
-0.0981458
-0.09353418
-0.08885976
-0.08426131
-0.07962683
-0.0749621
-0.07030335
-0.06567161
-0.06098896
-0.0562383
-0.05176258
-0.04704385
-0.04248224
-0.0377787
-0.03310101
-0.02850267
-0.02387704
-0.01920321
-0.01454995
-0.00992498
-0.005238764
-0.0006230036
0.004067156
0.008679027
0.01332695
0.0183045
0.02262183
0.02726859
0.03194145
0.03658502
0.04123161
0.04590398
0.05056583
0.05518277
0.05985374
0.06451008
0.06909843
0.0737709
0.07838662
0.08303677
0.08767181
0.09229546
0.09690762
0.1015538
0.1062527
0.1107881
0.1155126
0.1201644
0.1246792
0.1292671
0.1338995
0.1384798
0.1430911
0.1477183
0.1522988
0.1569325
0.1614706
0.1660711
0.1706962
0.1752518
0.17995
0.1844491
0.1889912
0.1935536
0.1980894
0.2026657
0.2072078
0.2117902
0.2163194
0.2208459
0.2254086
0.2299087
0.2344299
0.2390053
0.2434552
0.2479664
0.2525
0.2569672
0.2615725
0.2660762
0.2704493
0.2749324
0.2793912
0.2838275
0.288296
0.2927437
0.2972034
0.3016329
0.3062102
0.3105538
0.3149363
0.3193337
0.3237116
0.3281222
0.3325293
0.3369309
0.3412912
0.3459089
0.3500878
0.3543596
0.3587005
0.3630817
0.3673626
0.3716943
0.3760584
0.3803702
0.3846737
0.3889618
0.3931854
0.3975198
0.4017369
0.4059979
0.4102397
0.4145298
0.4186895
0.422901
0.4271223
0.4313137
0.4356091
0.4397267
0.4438693
0.4481184
0.4522009
0.4563401
0.4605439
0.464572
0.46871
0.4728412
0.4769033
0.4809888
0.4850504
0.489125
0.4931921
0.4972618
0.5012677
0.5052547
0.5092589
0.5132602
0.5172635
0.5212376
0.5251971
0.5291519
0.5331306
0.5371507
0.5409405
0.5448808
0.5487709
0.5526317
0.5565123
0.5603524
0.5642309
0.5680608
0.5718644
0.5756761
0.5794612
0.5832727
0.5870266
0.5907832
0.5945165
0.5983102
0.6020221
0.6057225
0.6093978
0.6131173
0.6167467
0.6203944
0.6240481
0.6276675
0.6312792
0.6348862
0.6384984
0.6420879
0.6456648
0.6492885
0.6527213
0.6562328
0.6597001
0.6631976
0.6666722
0.6701366
0.673571
0.6769951
0.6804382
0.6838398
0.6872433
0.6905766
0.6939543
0.6973182
0.7006369
0.703912
0.7072141
0.7104967
0.713764
0.7170025
0.7202759
0.7235293
0.7266764
0.7298592
0.7330184
0.7361787
0.7393243
0.74245
0.7456168
0.7486518
0.7517177
0.7548101
0.7578434
0.7608716
0.7638661
0.766876
0.7698411
0.7728116
0.775758
0.7786672
0.7815704
0.7844794
0.7873817
0.7902644
0.7930843
0.7959163
0.7986712
0.8014757
0.80424
0.8070613
0.809767
0.8125134
0.8151822
0.8178525
0.8205227
0.8232055
0.8258119
0.8284158
0.8310644
0.8335912
0.8361529
0.8387172
0.8412374
0.843725
0.8462424
0.8486836
0.8511268
0.8535836
0.8559831
0.8583916
0.8607669
0.8631206
0.8654758
0.8677741
0.8700776
0.8723602
0.8746204
0.8768763
0.8790922
0.8812983
0.8834907
0.8856674
0.8878389
0.8899456
0.8920731
0.8941606
0.8962431
0.8982767
0.900327
0.9023476
0.9043291
0.9063179
0.9082764
0.9101883
0.9121139
0.9140041
0.9158838
0.9177377
0.9195957
0.9214104
0.923214
0.9249917
0.9267286
0.9284955
0.9301969
0.9319221
0.933569
0.9352228
0.9368551
0.9384639
0.9400676
0.9416418
0.9432197
0.9447329
0.9462484
0.9477513
0.9492371
0.9506701
0.9521216
0.9535369
0.9549043
0.956297
0.9576567
0.9589869
0.9602813
0.9615705
0.9628348
0.9640986
0.9653065
0.9664981
0.9676942
0.9688472
0.969986
0.9711039
0.9722224
0.9732863
0.974367
0.975379
0.976394
0.9773878
0.9783763
0.9793106
0.9802444
0.9811683
0.9820746
0.9829134
0.9837564
0.9845788
0.9853845
0.9861641
0.9869221
0.9876707
0.9883897
0.989081
0.9897543
0.990408
0.9910403
0.9916505
0.9922387
0.9928062
0.9933504
0.9938751
0.9943877
0.9948606
0.9953207
0.9957596
0.9961791
0.9965751
0.99695
0.997299
0.9976318
0.9979392
0.9982331
0.9984947
0.9987384
0.9989614
0.9991628
0.9993421
0.999502
0.9996362
0.9997504
0.999844
0.9999166
0.9999649
0.9999931
0.9999996
0.9999845
0.9999478
0.9998886
0.9998091
0.9997058
0.9995841
0.9994394
0.9992718
0.9990849
0.9988749
0.9986425
0.9983887
0.9981153
0.997817
0.9974978
0.9971629
0.9967954
0.9964192
0.996013
0.9955871
0.995139
0.9946743
0.9941826
0.9936686
0.9931339
0.9925743
0.9920056
0.9914081
0.9907917
0.9901509
0.9894822
0.9887937
0.9880859
0.9873698
0.9866218
0.9858559
0.9850653
0.9842472
0.9834158
0.9825665
0.981675
0.9807827
0.9798687
0.9789414
0.9779783
0.9770001
0.9759846
0.9747946
0.9739277
0.9728614
0.9717511
0.9704225
0.9691589
0.9680307
0.9671764
0.9660011
0.9642213
0.9634742
0.9627051
0.9614387
0.9602826
0.9589764
0.957414
0.9561712
0.9544294
0.9535206
0.9520945
0.9506627
0.9492327
0.9477669
0.9462642
0.9447533
0.9432151
0.9416621
0.9400882
0.9384729
0.9368488
0.93523
0.9335598
0.931901
0.9302092
0.9284762
0.9267448
0.9249907
0.9231954
0.9214094
0.9196051
0.9177623
0.9158606
0.9139813
0.9120455
0.9100876
0.9081188
0.9061256
0.9040983
0.9020092
0.9000002
0.8979048
0.8958108
0.8936892
0.8915265
0.8893957
0.8872207
0.8850215
0.8828049
0.8805587
0.878296
0.875985
0.8737577
0.8714034
0.8691429
0.8668566
0.8645098
0.8621873
0.8597785
0.8573818
0.8550039
0.852601
0.8501568
0.8476799
0.8452293
0.8427198
0.8402207
0.8376787
0.8351278
0.8325493
0.8299549
0.8273348
0.8247224
0.8220859
0.819448
0.8167662
0.814029
0.8113472
0.8086504
0.8059117
0.803133
0.8003457
0.7975675
0.7947434
0.7919171
0.7890667
0.7862182
0.7833397
0.7804049
0.7775177
0.7745343
0.7716113
0.7686536
0.7656831
0.7626258
0.7596432
0.7565547
0.7535621
0.7504832
0.747431
0.7443274
0.7412216
0.7380806
0.7349403
0.7317542
0.7286018
0.7253669
0.7221739
0.7189191
0.7156764
0.7124731
0.7091419
0.7058232
0.7025608
0.6992973
0.6958945
0.6925654
0.6892257
0.6858628
0.6824715
0.679068
0.6756275
0.6721948
0.668671
0.6652645
0.6618098
0.6582634
0.654799
0.6512774
0.6476066
0.644119
0.6406239
0.6370596
0.6334433
0.6298634
0.6262181
0.6225784
0.6189327
0.6152841
0.6116087
0.6078929
0.6042017
0.6004806
0.596768
0.5930471
0.589275
0.5855117
0.5817621
0.5779409
0.5741491
0.5575714
0.5548815
0.5510929
0.5472195
0.5433103
0.5393941
0.5354854
0.5315444
0.527582
0.5236309
0.5196441
0.5156933
0.511702
0.507652
0.5036566
0.4996471
0.4955623
0.4915546
0.4875264
0.4834427
0.4793786
0.4752639
0.4711843
0.4670607
0.4629609
0.4587578
0.4546923
0.4505067
0.4463367
0.4422254
0.438007
0.4338168
0.4296586
0.425467
0.4212109
0.4170097
0.4127266
0.4085371
0.4042761
0.4000308
0.3957331
0.3914987
0.3871786
0.3828694
0.3785872
0.3743021
0.3699541
0.3656725
0.3613423
0.356965
0.3525335
0.3482855
0.3438332
0.3395472
0.3351589
0.3307256
0.3262975
0.3219869
0.3174742
0.3131355
0.3087431
0.3041642
0.2996129
0.295421
0.2909351
0.2864227
0.2820705
0.2775915
0.2731193
0.2686394
0.2641021
0.2596788
0.255189
0.2506624
0.2461673
0.2416688
0.2371168
0.2325931
0.2280829
0.2235417
0.2190497
0.214499
0.2099361
0.2054005
0.2007688
0.1962468
0.1917037
0.1871509
0.1824946
0.1780014
0.1734255
0.1687913
0.1642475
0.1596682
0.1550534
0.1504277
0.1458817
0.1412779
0.1366182
0.1320707
0.1274202
0.1227782
0.118143
0.1135905
0.108846
0.1043343
0.09967621
0.09509566
0.09045041
0.08575758
0.08118451
0.076566
0.0718298
0.06724612
0.06262676
0.0578842
0.05330222
0.04869625
0.04398064
0.03934219
0.03475626
0.03009335
0.02545075
0.02079997
0.0161087
0.01148382
0.006826276
0.002185748
-0.002580711
-0.007160197
-0.01180629
-0.0164464
-0.02106518
-0.0257369
-0.03035849
-0.03501946
-0.03971969
-0.04430472
-0.0489593
-0.05362995
-0.05829753
-0.06290293
-0.06761736
-0.07228081
-0.07680576
-0.08148883
-0.08617008
-0.09072027
-0.09539389
-0.09999518
-0.1046873
-0.1093297
-0.1138692
-0.1184841
-0.1231815
-0.1278138
-0.1323242
-0.13693
-0.1415481
-0.1461404
-0.1507824
-0.1553739
-0.1599414
-0.1645826
-0.1691073
-0.1737111
-0.1783731
-0.1829186
-0.1874527
-0.19211
-0.196576
-0.2011015
-0.2056955
-0.2103279
-0.2147711
-0.2194518
-0.223882
-0.2283838
-0.2329308
-0.2374153
-0.2419206
-0.2464355
-0.2510226
-0.2554529
-0.2600012
-0.2644922
-0.2689243
-0.273446
-0.2778976
-0.2823359
-0.2868303
-0.2913038
-0.2957692
-0.3001571
-0.3046386
-0.3090117
-0.3135034
-0.3178632
-0.3222308
-0.3266762
-0.3310893
-0.3353999
-0.3398505
-0.3441915
-0.3485341
-0.3528942
-0.3573393
-0.3615914
-0.3660152
-0.3702289
-0.3746153
-0.3788715
-0.3832801
-0.3874795
-0.3917481
-0.3960223
-0.4002896
-0.4045466
-0.4088436
-0.4130394
-0.4172751
-0.4215743
-0.4257519
-0.4299084
-0.4342036
-0.43829
-0.4425043
-0.4466611
-0.4507912
-0.455056
-0.4591172
-0.4631892
-0.4673307
-0.4714788
-0.4755275
-0.4796214
-0.4836849
-0.487763
-0.4918553
-0.4959053
-0.4999149
-0.5039204
-0.5079314
-0.5119151
-0.5159451
-0.5199277
-0.5239024
-0.527843
-0.5317674
-0.5357079
-0.5396591
-0.5435618
-0.547475
-0.5513222
-0.5552592
-0.5590652
-0.5629226
-0.5668494
-0.5705786
-0.5744334
-0.5782382
-0.5819747
-0.5857514
-0.5895663
-0.5932683
-0.5970129
-0.6007705
-0.604448
-0.6083412
-0.6118307
-0.6155173
-0.619165
-0.6228217
-0.6264457
-0.6300813
-0.6336898
-0.6372802
-0.6409256
-0.6444459
-0.6479597
-0.6515293
-0.6550125
-0.6585248
-0.6620143
-0.6655038
-0.6689631
-0.6724899
-0.6758891
-0.6792544
-0.6826848
-0.6860961
-0.68944
-0.692809
-0.696189
-0.6995169
-0.7028283
-0.7061083
-0.7093908
-0.7126685
-0.7159722
-0.7191617
-0.7223785
-0.7256519
-0.7288148
-0.7319623
-0.7351421
-0.7382762
-0.741406
-0.7445962
-0.7476123
-0.7506976
-0.7538004
-0.7568129
-0.7598355
-0.7628565
-0.7658647
-0.7688489
-0.7718007
-0.774754
-0.7776797
-0.7806376
-0.7834939
-0.7865046
-0.7892917
-0.7921187
-0.7949391
-0.7977333
-0.8005287
-0.8033239
-0.8060766
-0.8088367
-0.8116003
-0.8142539
-0.8169467
-0.8196317
-0.8222998
-0.8249619
-0.8275469
-0.8301826
-0.8327448
-0.8352978
-0.837835
-0.8404214
-0.842882
-0.845423
-0.8478601
-0.8503115
-0.8527476
-0.8551632
-0.8575634
-0.8600268
-0.8623091
-0.8646584
-0.8670326
-0.8693542
-0.8715971
-0.8738589
-0.8761194
-0.8783508
-0.8805605
-0.8827567
-0.8849834
-0.8871108
-0.8892344
-0.8913624
-0.8934486
-0.8955404
-0.8975915
-0.8996441
-0.9016573
-0.903674
-0.9056418
-0.9426995
-0.9442257
-0.9457573
-0.9472504
-0.9487263
-0.950186
-0.9516514
-0.9530452
-0.954442
-0.9558344
-0.9571742
-0.9585134
-0.959843
-0.9611271
-0.9624017
-0.963661
-0.9648837
-0.9660923
-0.9673018
-0.9684675
-0.9696099
-0.9707623
-0.9718379
-0.9729276
-0.9739896
-0.9750341
-0.9760519
-0.9770786
-0.978044
-0.978992
-0.9799307
-0.9808448
-0.9817491
-0.9826204
-0.9834715
-0.9843035
-0.9851162
-0.9859032
-0.9866737
-0.9874236
-0.9881548
-0.9888435
-0.9895288
-0.9901906
-0.9908348
-0.9914572
-0.9920441
-0.9926202
-0.9931762
-0.9937031
-0.9942193
-0.9947049
-0.9951694
-0.9956157
-0.9960424
-0.9964426
-0.9968278
-0.9971892
-0.9975216
-0.9978422
-0.9981337
-0.9984062
-0.9986575
-0.9988903
-0.9990965
-0.999285
-0.9994505
-0.9995926
-0.9997167
-0.999815
-0.9998938
-0.9999512
-0.999986
-0.9999998
-0.9999918
-0.9999622
-0.9999113
-0.9998388
-0.9997424
-0.9996276
-0.9994901
-0.9993305
-0.9991499
-0.9989437
-0.9987206
-0.9984771
-0.9982109
-0.997919
-0.9976116
-0.997272
-0.9969242
-0.9965454
-0.9961492
-0.9957334
-0.9952962
-0.9948239
-0.9943505
-0.993844
-0.9933118
-0.9927609
-0.992204
-0.9916059
-0.9910015
-0.9903592
-0.9897136
-0.9890385
-0.9883354
-0.9876132
-0.9868621
-0.986116
-0.9853331
-0.9845307
-0.9836998
-0.9588348
-0.9575281
-0.9561893
-0.9548221
-0.9534242
-0.9519931
-0.9505641
-0.9491273
-0.9476576
-0.9461632
-0.9446247
-0.9430929
-0.9415242
-0.9399772
-0.9383723
-0.9367583
-0.9351208
-0.9334472
-0.9317691
-0.9300638
-0.9283516
-0.9265995
-0.9248677
-0.9230776
-0.9212605
-0.9194607
-0.9176035
-0.9157582
-0.913884
-0.9119723
-0.9100665
-0.9081414
-0.9061743
-0.9041678
-0.9022086
-0.90017
-0.8981115
-0.8960966
-0.8939896
-0.8919342
-0.8898237
-0.887694
-0.8855398
-0.8833673
-0.8811107
-0.878913
-0.8767249
-0.8744649
-0.8722175
-0.8699374
-0.8676205
-0.8653132
-0.8629326
-0.8605716
-0.8582252
-0.8558094
-0.8533718
-0.8509606
-0.8485312
-0.8460594
-0.8435774
-0.8409814
-0.8385447
-0.8359843
-0.8333371
-0.8308362
-0.828265
-0.8256235
-0.8229855
-0.8203383
-0.8176559
-0.8149755
-0.8123009
-0.8095531
-0.8068314
-0.8039473
-0.8013045
-0.7985013
-0.7957025
-0.7928879
-0.7900457
-0.7871805
-0.784219
-0.7813847
-0.7784504
-0.7755556
-0.7725694
-0.7696438
-0.7666445
-0.7636197
-0.7606772
-0.7576031
-0.754566
-0.7515352
-0.7484215
-0.745337
-0.7422556
-0.7391366
-0.7359707
-0.7328107
-0.7296322
-0.7264876
-0.7232646
-0.7200058
-0.7168202
-0.7135648
-0.7102227
-0.7070022
-0.7037195
-0.7003809
-0.6969585
-0.6937221
-0.6903268
-0.6869923
-0.6836309
-0.6802214
-0.6767675
-0.6733397
-0.6697925
-0.6663991
-0.6615128
-0.6579667
-0.6550172
-0.6523685
-0.648811
-0.6448968
-0.6415569
-0.6379242
-0.6344984
-0.6309033
-0.6273837
-0.6237275
-0.6201145
-0.6164973
-0.6128293
-0.6090755
-0.6053596
-0.6015818
-0.5979402
-0.5942187
-0.590463
-0.5867237
-0.582862
-0.5792124
-0.5753796
-0.5715247
-0.5676556
-0.5638402
-0.5599731
-0.5561746
-0.5523422
-0.5484247
-0.5445368
-0.5406387
-0.5367258
-0.532748
-0.5287179
-0.5248562
-0.5208566
-0.5169369
-0.5129769
-0.5089222
-0.5049419
-0.5008434
-0.4967519
-0.4927506
-0.4887455
-0.4847067
-0.4806759
-0.4765461
-0.472436
-0.4683914
-0.4642441
-0.4600866
-0.4559869
-0.4518417
-0.4476305
-0.4435222
-0.4393223
-0.4351797
-0.4309797
-0.4267824
-0.4225811
-0.4183135
-0.4134689
-0.4094879
-0.4044197
-0.4012983
-0.3970505
-0.3919959
-0.3884767
-0.384295
-0.379929
-0.375749
-0.3712656
-0.3670006
-0.3626959
-0.3583229
-0.3540009
-0.3497089
-0.3453038
-0.3409719
-0.3364441
-0.3320255
-0.3276085
-0.3234028
-0.318878
-0.31446
-0.3100315
-0.3055745
-0.3009944
-0.2968335
-0.2923405
-0.2879379
-0.2834268
-0.2790797
-0.2745875
-0.270159
-0.2656274
-0.2612005
-0.2567034
-0.2521916
-0.2477076
-0.243159
-0.2386236
-0.234109
-0.2296338
-0.2251167
-0.220537
-0.2158873
-0.2113445
-0.2067299
-0.2022845
-0.1977022
-0.1931268
-0.1885621
-0.1840009
-0.1794432
-0.1748949
-0.1702713
-0.1657343
-0.1611373
-0.1565688
-0.1519537
-0.1473804
-0.1426568
-0.1382171
-0.1335818
-0.129004
-0.1243895
-0.1197799
-0.1149876
-0.1103994
-0.1057632
-0.101047
-0.09633416
-0.09199714
-0.08729546
-0.08263176
-0.07798336
-0.07315635
-0.06874436
-0.06408168
-0.05933001
-0.05433322
-0.04997325
-0.04537605
-0.04072835
-0.03610073
-0.03151809
-0.02697482
-0.02233947
-0.01766169
-0.01296635
-0.008400421
-0.003651213
0.0009054342
0.005612741
0.01035425
0.0148457
0.01955806
0.02418799
0.02880787
0.03349004
0.03810095
0.04276632
0.04738884
0.05209034
0.056705
0.0613432
0.06607143
0.07062694
0.07535405
0.08002053
0.08452752
0.08922656
0.09378688
0.09855213
0.1033815
0.1078027
0.1124435
0.1169549
0.1215548
0.1261823
0.1309641
0.1354121
0.1399782
0.1446848
0.1492448
0.1539091
0.1584174
0.1630165
0.167565
0.1722415
0.1767282
0.1812976
0.1859174
0.1905312
0.1950323
0.1996022
0.2041529
0.2087066
0.2132334
0.2179697
0.2223959
0.2268584
0.2314293
0.2359414
0.2404725
0.2449466
0.2494671
0.2539454
0.2584219
0.2629425
0.2674041
0.271937
0.2764089
0.2808309
0.2853366
0.2898177
0.2942103
0.2987243
0.3031006
0.3075832
0.3119737
0.3163359
0.320816
0.3252331
0.3295836
0.3339524
0.3383642
0.3427669
0.3470975
0.3514405
0.355792
0.3738293
0.3778963
0.3808029
0.3841637
0.3883544
0.3926405
0.3969164
0.4011733
0.4055139
0.4097392
0.4139367
0.4181964
0.4223744
0.4265882
0.4308083
0.4350877
0.4438255
