0
0.008377483
0.1474642
0.1784555
0.1824444
0.1865439
0.1893291
0.192452
0.1967823
0.201377
0.2058125
0.2103851
0.2150296
0.2195465
0.2240281
0.2286403
0.2330527
0.2375946
0.2421387
0.2466052
0.2511866
0.2556326
0.260118
0.2645821
0.2690825
0.2736441
0.2780387
0.2826273
0.2870246
0.2913934
0.2959545
0.3003618
0.3047664
0.3092276
0.3136263
0.3180304
0.3224886
0.3268718
0.3312438
0.3355847
0.3400049
0.3443413
0.3487436
0.3530309
0.3574504
0.3618036
0.3661153
0.3704042
0.3747085
0.3792026
0.3834451
0.3877986
0.3919403
0.3963077
0.4004591
0.4047529
0.408973
0.4132035
0.4175441
0.4216489
0.4259204
0.4302107
0.4343113
0.4384458
0.4426678
0.4468803
0.4519761
0.4569886
0.4611385
0.4652605
0.4694258
0.473482
0.4775482
0.4816774
0.485758
0.4897957
0.4938543
0.4978549
0.5018747
0.5139323
0.5178883
0.5218951
0.5258297
0.5297723
0.5337375
0.5376387
0.5415776
0.5455343
0.5493762
0.5532433
0.5571275
0.5609577
0.5648243
0.5686433
0.5724842
0.5762694
0.5800646
0.583894
0.5876226
0.5914085
0.595152
0.5988602
0.6025779
0.6062796
0.6100237
0.6136686
0.6173883
0.6209922
0.6246145
0.6282429
0.631848
0.6354458
0.6390366
0.6426051
0.6461864
0.6497001
0.6532569
0.6567996
0.6602589
0.6637603
0.6672335
0.6706573
0.6741104
0.6775274
0.6809465
0.6843536
0.6877902
0.6911123
0.6944717
0.6978098
0.7011284
0.7044945
0.7077289
0.71106
0.7143026
0.7175115
0.7207735
0.7239847
0.727185
0.7303658
0.733579
0.7366977
0.7398445
0.7429643
0.7460681
0.7491726
0.752198
0.755337
0.7583723
0.7613574
0.7643388
0.7673386
0.7703159
0.7732719
0.776204
0.7791651
0.7820501
0.7849655
0.7877915
0.7906492
0.7934923
0.7963486
0.7991832
0.8019485
0.8047016
0.8074304
0.8101833
0.8129362
0.815618
0.8182682
0.8209565
0.823602
0.8262354
0.8289135
0.8314362
0.8340099
0.8365491
0.8390951
0.8416311
0.8441034
0.8466005
0.849076
0.8515357
0.8539615
0.8563927
0.8587714
0.8611223
0.8635144
0.8658191
0.868163
0.8704564
0.8727307
0.8749776
0.8772451
0.879442
0.8816413
0.8838317
0.8860338
0.8881596
0.8903451
0.8923883
0.8944788
0.8965594
0.8985968
0.9006577
0.9026356
0.9046311
0.9066224
0.9085532
0.910516
0.9124216
0.9143038
0.9162167
0.9180259
0.9198714
0.921697
0.9234766
0.9252532
0.9270416
0.9287477
0.9304491
0.9321821
0.9338213
0.9354732
0.9371129
0.9387429
0.940326
0.9418917
0.9434345
0.9449908
0.9464999
0.9479843
0.94945
0.9508928
0.9523376
0.9537621
0.9551229
0.9564945
0.9578344
0.9591811
0.960484
0.9617788
0.9630489
0.9642567
0.965485
0.9666821
0.9678777
0.9690295
0.970161
0.9712998
0.972378
0.9734581
0.9745126
0.9755383
0.9765522
0.9775442
0.978516
0.9794706
0.9803918
0.9812953
0.9821829
0.9830483
0.9838834
0.9847079
0.985505
0.9862834
0.9870524
0.98778
0.9884993
0.9891799
0.9898593
0.9905246
0.9911364
0.9917421
0.9923276
0.992892
0.9934356
0.9939569
0.99446
0.9949394
0.9953967
0.9958283
0.9962487
0.9966316
0.9970047
0.9973522
0.9976822
0.9979911
0.9982716
0.9985431
0.9987741
0.9989938
0.9991919
0.999368
0.9995244
0.9996562
0.9997685
0.9998562
0.9999254
0.999971
0.9999955
0.9999986
0.9999801
0.99994
0.9998779
0.9997941
0.9996895
0.9995627
0.9994143
0.9992446
0.9990518
0.9988373
0.9986047
0.99835
0.998064
0.9977716
0.9974477
0.9971056
0.9967432
0.9963475
0.995941
0.9955209
0.9950669
0.994597
0.9940952
0.9935862
0.9930412
0.9924942
0.9919143
0.9913146
0.990686
0.9900399
0.9893822
0.9886979
0.9879831
0.9872528
0.9865063
0.9857334
0.984934
0.9841268
0.9832883
0.9824209
0.9815526
0.9806545
0.9797302
0.9787862
0.9778221
0.9768335
0.9758158
0.9747982
0.973756
0.9726906
0.9715796
0.9704771
0.9693562
0.968204
0.9670206
0.9658305
0.9646199
0.9633816
0.9621181
0.9608415
0.9595317
0.9582295
0.9568739
0.9554927
0.9541321
0.9527369
0.9513044
0.9498652
0.9483907
0.9469167
0.9454107
0.9438819
0.9423276
0.9407694
0.9391651
0.937579
0.9359524
0.934306
0.9326227
0.9309459
0.8971367
0.8950626
0.8929821
0.8908828
0.888747
0.8866353
0.8844668
0.8822833
0.8800675
0.8778501
0.8756229
0.8733338
0.8710997
0.8688006
0.8136749
0.8109643
0.8081904
0.805493
0.8027258
0.7998962
0.7971402
0.794274
0.7914509
0.7886059
0.7857634
0.7828778
0.7799365
0.7770588
0.7740837
0.7711826
0.7681793
0.7651967
0.7621975
0.7591822
0.7561564
0.7530203
0.7500376
0.7469197
0.7438434
0.7407268
0.7375786
0.7344412
0.7312765
0.7280394
0.724668
0.7216315
0.7184546
0.7151885
0.7104767
0.7074541
0.7047068
0.7020136
0.6996512
0.6963241
0.6929332
0.6896222
0.6860832
0.6828101
0.6794084
0.6759725
0.6725618
0.6691197
0.6656761
0.662214
0.658688
0.6551886
0.6516565
0.6481494
0.6445283
0.6410317
0.637441
0.6337967
0.6302153
0.6266106
0.6229491
0.6193678
0.6156988
0.611965
0.6083507
0.604645
0.6009411
0.5972062
0.5934784
0.5896696
0.5858168
0.5819495
0.5780382
0.5742838
0.5703558
0.5665016
0.5625998
0.5587003
0.5547661
0.5507843
0.5468776
0.5428964
0.5389336
0.5349417
0.5309002
0.5269692
0.5229861
0.519022
0.5150613
0.5110701
0.5070648
0.5030528
0.4989251
0.4948618
0.490959
0.4868515
0.482816
0.4787146
0.4746307
0.4704624
0.4663858
0.4623134
0.4581949
0.4540305
0.4498737
0.445747
0.4415525
0.4374055
0.4331993
0.4290012
0.4247909
0.4205774
0.416351
0.4120724
0.4078388
0.4036279
0.3993481
0.3951064
0.3908128
0.3865397
0.3822544
0.3779478
0.373577
0.3692513
0.365
0.3606655
0.3563042
0.3519492
0.3475239
0.3431689
0.3388508
0.3344122
0.3300901
0.3256846
0.3212963
0.316851
0.31247
0.30804
0.3036293
0.2991795
0.2946583
0.2902888
0.2858059
0.2813414
0.2768287
0.2724236
0.2678922
0.2634501
0.2589322
0.2544328
0.2499796
0.2454602
0.2409603
0.2363499
0.2319213
0.2273776
0.2227717
0.218324
0.2136959
0.2092111
0.2046908
0.2001563
0.1954864
0.1909965
0.186421
0.1818671
0.1772857
0.1726733
0.1681173
0.1635295
0.1589247
0.1543373
0.1497109
0.145129
0.1405674
0.1359443
0.1313505
0.1267225
0.1221024
0.1174668
0.1128668
0.1082085
0.1035366
0.09898084
0.09433067
0.0897321
0.08510573
0.0804685
0.0758143
0.0711663
0.06653816
0.06189051
0.05722581
0.05259009
0.04795729
0.04333394
0.03866272
0.03400019
0.02932429
0.02471115
0.02003789
0.01541831
0.01073188
0.006050939
0.001461418
-0.003219925
-0.007852799
-0.01255893
-0.01716109
-0.02179888
-0.02645264
-0.03110035
-0.03577026
-0.04040199
-0.04503309
-0.0496968
-0.05433728
-0.05898087
-0.06362034
-0.06827269
-0.07291429
-0.07753649
-0.08217698
-0.08683255
-0.09146202
-0.09614171
-0.1007481
-0.1053303
-0.109966
-0.1145791
-0.1192028
-0.1238657
-0.1284595
-0.1330664
-0.1376636
-0.1422925
-0.1468979
-0.1514585
-0.1560875
-0.1606789
-0.16532
-0.169836
-0.1744362
-0.1790004
-0.1835718
-0.1881587
-0.1927392
-0.1972708
-0.2018715
-0.2063803
-0.2109278
-0.2155229
-0.220044
-0.2245763
-0.2291082
-0.2336257
-0.2381128
-0.2426343
-0.2471642
-0.2516542
-0.2562121
-0.2606568
-0.2651933
-0.2696276
-0.2740993
-0.2785693
-0.2830282
-0.2874856
-0.2920127
-0.2964223
-0.3009041
-0.305293
-0.3097225
-0.3141024
-0.3185183
-0.3229338
-0.3273197
-0.3317324
-0.3361448
-0.3404848
-0.3448733
-0.349221
-0.3536468
-0.3579723
-0.3622622
-0.3665803
-0.3709293
-0.3752512
-0.3795461
-0.383844
-0.3881405
-0.3924929
-0.3966873
-0.4010033
-0.4052078
-0.4094819
-0.413773
-0.4179356
-0.4221528
-0.4263718
-0.4306176
-0.4347621
-0.4389534
-0.4431001
-0.4472855
-0.4638503
-0.4679745
-0.4721048
-0.4761776
-0.4802473
-0.4843369
-0.4884386
-0.4924634
-0.4965189
-0.500518
-0.5045584
-0.5085754
-0.5125409
-0.5165311
-0.520564
-0.5245342
-0.5284739
-0.5323896
-0.5363264
-0.5402247
-0.544161
-0.5480573
-0.5519398
-0.5558426
-0.5596779
-0.5635233
-0.567382
-0.5711688
-0.5750346
-0.5787851
-0.582642
-0.5863443
-0.5901359
-0.5938733
-0.5975973
-0.6013288
-0.605028
-0.6087152
-0.6123991
-0.6160782
-0.6197426
-0.6234176
-0.6270289
-0.6306467
-0.6342804
-0.6378192
-0.6413904
-0.6449757
-0.6484969
-0.6520443
-0.6556194
-0.6590639
-0.662564
-0.6660683
-0.6695049
-0.6729525
-0.6763794
-0.6798016
-0.6832482
-0.6866089
-0.6899846
-0.6933309
-0.69667
-0.7000163
-0.7033247
-0.7067138
-0.7099285
-0.713171
-0.7164472
-0.7196596
-0.7228892
-0.7260936
-0.7293267
-0.7324488
-0.7356134
-0.7387641
-0.7418836
-0.7450066
-0.748134
-0.751195
-0.754227
-0.7572947
-0.7603234
-0.7633224
-0.7664009
-0.769337
-0.77231
-0.7752324
-0.7781302
-0.7810521
-0.7839584
-0.7868338
-0.7896917
-0.7925535
-0.7953672
-0.798183
-0.8009984
-0.8038065
-0.8065004
-0.8092884
-0.8119958
-0.8146732
-0.8173773
-0.8200679
-0.8226824
-0.8253392
-0.8279508
-0.8305607
-0.8331558
-0.8356891
-0.8382652
-0.8407761
-0.8432828
-0.8457609
-0.8482622
-0.8507088
-0.8531384
-0.8555573
-0.8579476
-0.8603302
-0.862719
-0.8650308
-0.867377
-0.869666
-0.8719521
-0.8742331
-0.8764804
-0.8786951
-0.8809319
-0.8831344
-0.8852997
-0.8874274
-0.8895931
-0.8917143
-0.8937858
-0.8959008
-0.8979001
-0.8999467
-0.901983
-0.9039957
-0.9059591
-0.9079138
-0.9098612
-0.9117802
-0.9136804
-0.9155693
-0.917419
-0.9192488
-0.92107
-0.9228848
-0.9246646
-0.9264161
-0.9281653
-0.9298993
-0.9315732
-0.9332594
-0.9349601
-0.9365606
-0.9381837
-0.9397818
-0.9413814
-0.9429245
-0.9444683
-0.9459782
-0.94748
-0.948957
-0.9504178
-0.9518445
-0.9532738
-0.9546571
-0.956072
-0.9573942
-0.9587194
-0.9600477
-0.9613453
-0.9626136
-0.9638585
-0.96509
-0.96628
-0.9674983
-0.9686406
-0.9697822
-0.9708999
-0.972009
-0.9730988
-0.974162
-0.9751917
-0.9762172
-0.9772392
-0.978192
-0.9791416
-0.9800749
-0.9809961
-0.9818828
-0.9827634
-0.9836097
-0.9844351
-0.9852694
-0.9860397
-0.9867865
-0.9875373
-0.9882564
-0.9889553
-0.9896346
-0.9902962
-0.9909287
-0.9915427
-0.9921376
-0.9927085
-0.9932535
-0.9937918
-0.9942916
-0.9947858
-0.9952428
-0.9956827
-0.9961184
-0.9965057
-0.996881
-0.9972376
-0.9975733
-0.9978852
-0.9981769
-0.9984491
-0.9986987
-0.9989246
-0.9991272
-0.9993147
-0.9994733
-0.9996133
-0.9997315
-0.9998291
-0.9999042
-0.9999574
-0.9999896
-1
-0.9999887
-0.9999556
-0.9999009
-0.9998235
-0.9997264
-0.999607
-0.9994652
-0.9993032
-0.999119
-0.9989136
-0.9986839
-0.9984311
-0.9981665
-0.9978721
-0.9975625
-0.9972245
-0.9968603
-0.9964862
-0.9960876
-0.9956599
-0.9952127
-0.994754
-0.9942698
-0.9937586
-0.9932367
-0.9926819
-0.9921072
-0.9915204
-0.990902
-0.9902601
-0.989604
-0.9889294
-0.9882192
-0.9874991
-0.98676
-0.9859899
-0.9852095
-0.9843997
-0.9835516
-0.9827135
-0.9818499
-0.9809484
-0.9800469
-0.979089
-0.9781395
-0.9771687
-0.9761537
-0.9751291
-0.9740915
-0.9730503
-0.9719555
-0.9708427
-0.9697343
-0.9685847
-0.9674196
-0.9662415
-0.9650174
-0.9637991
-0.9625359
-0.9612697
-0.9599528
-0.9586589
-0.957334
-0.9559836
-0.9545993
-0.9532039
-0.9517947
-0.9503276
-0.9488972
-0.9474098
-0.9459226
-0.9443893
-0.9428571
-0.9413033
-0.9397083
-0.9381102
-0.9364765
-0.9348418
-0.933145
-0.931508
-0.9297875
-0.9280988
-0.9263419
-0.9245786
-0.9228095
-0.9209876
-0.919162
-0.9173273
-0.9154774
-0.9135643
-0.9116949
-0.9097856
-0.9078274
-0.9058642
-0.9038811
-0.9018479
-0.8998315
-0.8978212
-0.8957396
-0.8936774
-0.8915833
-0.8894709
-0.8873534
-0.8851801
-0.8829935
-0.8808172
-0.8785852
-0.8763909
-0.8741417
-0.8718582
-0.8695699
-0.8672559
-0.8649544
-0.8625801
-0.86023
-0.8578579
-0.8554536
-0.8530101
-0.8506171
-0.8481508
-0.8456775
-0.843174
-0.8406323
-0.8380795
-0.8355666
-0.8330321
-0.8304529
-0.8278644
-0.8252341
-0.8225997
-0.8199158
-0.8172487
-0.8145551
-0.8118466
-0.809148
-0.8064122
-0.8036164
-0.8008631
-0.7980872
-0.7952377
-0.7924075
-0.7895641
-0.7866911
-0.7838059
-0.7809306
-0.7779034
-0.7750956
-0.7721449
-0.7691895
-0.7662014
-0.763132
-0.76021
-0.7571757
-0.7539343
-0.7510501
-0.7479769
-0.7448792
-0.7417616
-0.7386459
-0.7354335
-0.7323006
-0.7291381
-0.7259705
-0.7227412
-0.7194859
-0.7163058
-0.7130573
-0.7097787
-0.7065035
-0.7031967
-0.699868
-0.6965605
-0.6932234
-0.6898078
-0.6864244
-0.6830807
-0.6796191
-0.6762614
-0.6728302
-0.6692918
-0.6658598
-0.6624368
-0.6589444
-0.6554402
-0.6518991
-0.6483837
-0.6447873
-0.6412314
-0.6376761
-0.6340544
-0.6305013
-0.6268665
-0.6231771
-0.6196073
-0.6158692
-0.6122574
-0.6085582
-0.6048989
-0.6011183
-0.5974403
-0.5936995
-0.5899085
-0.5861709
-0.5824548
-0.578655
-0.5748586
-0.5710392
-0.56722
-0.5633814
-0.5595307
-0.5556115
-0.5517973
-0.5478786
-0.5440065
-0.5401133
-0.5361235
-0.532194
-0.5282894
-0.5243237
-0.5203845
-0.5164014
-0.5123872
-0.5083748
-0.5044196
-0.5003751
-0.4963076
-0.4922922
-0.4881948
-0.4841433
-0.4800463
-0.4759824
-0.4718582
-0.4678106
-0.463672
-0.4594936
-0.4554285
-0.451228
-0.4471386
-0.4429812
-0.4387419
-0.4345813
-0.4303976
-0.4261633
-0.4219096
-0.4177757
-0.4134791
-0.4092785
-0.4050535
-0.4007875
-0.3965211
-0.3922584
-0.3878678
-0.3836282
-0.3793787
-0.3750447
-0.3707601
-0.3664143
-0.3620424
-0.3576998
-0.353415
-0.3489249
-0.3447025
-0.340327
-0.3359485
-0.3315488
-0.3267364
-0.3227699
-0.3183779
-0.3139554
-0.3094985
-0.3050525
-0.300648
-0.2962226
-0.2917853
-0.2873408
-0.2827826
-0.2783774
-0.2739462
-0.2694425
-0.2649597
-0.2604116
-0.255963
-0.2515075
-0.2469783
-0.2424668
-0.2379255
-0.2334351
-0.2288566
-0.2243948
-0.2198018
-0.2153054
-0.2107201
-0.2062062
-0.2016622
-0.1970943
-0.1924888
-0.1879835
-0.1833468
-0.1788378
-0.1742223
-0.169663
-0.1650517
-0.1604367
-0.1558296
-0.1513133
-0.1467001
-0.1420383
-0.1374215
-0.1328518
-0.1282694
-0.1236161
-0.1190136
-0.1143915
-0.1096783
-0.1051356
-0.1004419
-0.09590722
-0.0912609
-0.08661591
-0.0818664
-0.07733846
-0.07265485
-0.06811758
-0.0633681
-0.05877807
-0.05414347
-0.04952485
-0.04484228
-0.04020638
-0.035572
-0.03089968
-0.02627339
-0.02154214
-0.01691911
-0.01234626
-0.007634867
-0.002950489
0.001653845
0.006297245
0.01096053
0.01558687
0.0203292
0.02489137
0.02953832
0.03418322
0.03895173
0.04349784
0.04812306
0.0527963
0.0574084
0.06206686
0.06679963
0.0713668
0.07599001
0.08063059
0.08529413
0.08991544
0.09454858
0.09915642
0.1037811
0.1084405
0.1130293
0.1176484
0.1222498
0.1268784
0.1315212
0.1362537
0.1407414
0.1453173
0.1499749
0.1545473
0.1591205
0.1637487
0.1683465
0.1728899
0.1774887
0.1820359
0.1866002
0.1911971
0.195728
0.2003435
0.2048393
0.2094086
0.2140456
0.2185949
0.2230548
0.2275524
0.2321226
0.2366075
0.2411221
0.2456624
0.2501489
0.2546683
0.2592185
0.2636323
0.2681187
0.272598
0.2770983
0.2815711
0.2860063
0.2905056
0.2949224
0.2994198
0.303767
0.3082049
0.3127458
0.3170589
0.3214697
0.3259092
0.3302798
0.3346384
0.3390796
0.3436199
0.3477998
0.3521286
0.3565024
0.3607991
0.3651232
0.3695201
0.3738017
0.3781959
0.3824692
0.3867546
0.3910746
0.3952888
0.3995511
0.4037917
0.4080397
0.4123142
0.416524
0.4208033
0.4249217
0.4291545
0.4333698
0.437657
0.4417448
0.4459122
0.4500845
0.4541986
0.4583767
0.4625418
0.4665718
0.4708055
0.4747887
0.4788728
0.4830117
0.4870265
0.4910822
0.4951318
0.4992231
0.5031954
0.5072351
0.5112363
0.5152224
0.5192148
0.5231919
0.5271435
0.5311152
0.5349959
0.5389131
0.5428668
0.5467514
0.550635
0.554525
0.5583919
0.562247
0.5660526
0.5699304
0.5737019
0.5775655
0.5813154
0.5850796
0.5888444
0.5926226
0.5963434
0.6001433
0.6037842
0.6074746
0.6111928
0.6148482
0.6185073
0.622245
0.6257862
0.6294305
0.6332501
0.6366197
0.6402066
0.6437705
0.6473491
0.6508642
0.6543883
0.6579176
0.6613895
0.6648715
0.6683651
0.6718259
0.675276
0.6786824
0.682055
0.6854622
0.6888384
0.6921943
0.6955391
0.6988856
0.7022026
0.7055227
0.7088408
0.7120659
0.7153711
0.7186335
0.7218145
0.7250532
0.7282318
0.7313926
0.734596
0.7376994
0.7408382
0.7439596
0.7470494
0.7501571
0.7532212
0.7563028
0.7593018
0.7623437
0.7653884
0.7683063
0.7712926
0.7742322
0.7771582
0.7801083
0.7829989
0.7858643
0.7887657
0.791608
0.7944199
0.7972544
0.8000587
0.8028443
0.8056052
0.8083245
0.8110615
0.8138286
0.816465
0.8191447
0.8218079
0.8244873
0.8270635
0.8297222
0.8322823
0.8348441
0.837399
0.8399832
0.8424361
0.844923
0.8474136
0.8498839
0.8523192
0.8547398
0.8571568
0.8595343
0.8619059
0.8642476
0.8665918
0.868902
0.871188
0.8734801
0.8757337
0.8779936
0.8801682
0.8823639
0.8845438
0.8867007
0.8888688
0.8909635
0.8930703
0.8951584
0.897269
0.8992655
0.9013286
0.9033009
0.9052832
0.9072667
0.9091914
0.9111196
0.9130747
0.9149674
0.9167821
0.9186502
0.9204571
0.9223827
0.9240642
0.9258237
0.9275673
0.9293156
0.9310337
0.9326967
0.9343639
0.9360097
0.9376367
0.9392724
0.9408326
0.9424018
0.9439538
0.9454979
0.9469752
0.9484577
0.9499239
0.9513994
0.9527913
0.9541911
0.955582
0.9569468
0.9582808
0.9595985
0.9608943
0.9621713
0.9634273
0.9646901
0.9658822
0.9670722
0.9682515
0.9694102
0.970531
0.971659
0.9727334
0.9737972
0.9748538
0.9758705
0.9768807
0.9778702
0.9788232
0.9797644
0.9807057
0.9815865
0.9824614
0.9833298
0.9841575
0.9849833
0.9857632
0.9865327
0.9872857
0.9880133
0.9887181
0.9894041
0.9900694
0.9907134
0.9913357
0.9919426
0.9925135
0.9930777
0.9936114
0.9941208
0.9946142
0.9950867
0.995535
0.9959651
0.9963769
0.9967549
0.9971198
0.9974622
0.9977835
0.9980807
0.9983584
0.9986172
0.9988474
0.9990605
0.9992527
0.9994206
0.9995688
0.9996942
0.999798
0.9998813
0.9999419
0.9999812
0.999999
0.9999949
0.9999694
0.9999208
0.9998533
0.9997625
0.9996504
0.999516
0.9993619
0.9991842
0.9989854
0.9987643
0.9985232
0.9982594
0.9979753
0.9976673
0.9973392
0.9969874
0.9966155
0.9962218
0.9958115
0.9953727
0.9949181
0.9944381
0.9939358
0.9934165
0.9928697
0.9923063
0.9917161
0.9911073
0.9904761
0.9898204
0.9891587
0.9884636
0.987748
0.9870127
0.9862494
0.9854793
0.9846753
0.9838492
0.9830089
0.9821452
0.9812599
0.9803514
0.9794232
0.9784533
0.9775031
0.9765089
0.9754936
0.9744618
0.9734114
0.9723259
0.9712374
0.9701232
0.9689753
0.9678215
0.9666384
0.9654384
0.9642155
0.962963
0.9616967
0.9604156
0.959116
0.9577718
0.9564422
0.9550679
0.9536725
0.9522676
0.9508413
0.9494021
0.9479198
0.9464303
0.9449133
0.9433749
0.9418247
0.9402477
0.9386572
0.9370531
0.9354118
0.9337528
0.9320863
0.930375
0.9286765
0.92694
0.9251674
0.9234097
0.9216101
0.919759
0.917963
0.9161013
0.9142091
0.9123414
0.9104269
0.9084846
0.9065343
0.9045631
0.9025216
0.9005582
0.8985164
0.8964508
0.8943796
0.8922951
0.89019
0.8880684
0.8857911
0.883743
0.8815619
0.8793668
0.8771009
0.8748636
0.8726344
0.8703074
0.8680518
0.865729
0.8634048
0.8610116
0.858649
0.8562602
0.8538474
0.8514162
0.8489504
0.8465036
0.8440275
0.8414849
0.8389935
0.8364599
0.8338999
0.8313164
0.828724
0.826097
0.8234838
0.8208324
0.8181784
0.8154689
0.8127891
0.8100373
0.8073339
0.8045574
0.8017512
0.7990196
0.7962217
0.7933882
0.7905326
0.7876722
0.7847793
0.7819292
0.7789987
0.7760866
0.7731131
0.7702088
0.767217
0.7641837
0.7612107
0.7581987
0.7551504
0.7520681
0.7489781
0.7459054
0.7428231
0.7396967
0.7365499
0.7334102
0.7302204
0.7270395
0.7238309
0.7206173
0.7173848
0.714112
0.7108853
0.7075957
0.7042664
0.7009214
0.6976744
0.6942847
0.6909925
0.6875974
0.6842351
0.6808121
0.677384
0.6739799
0.6705402
0.6670732
0.6635218
0.6600793
0.6566229
0.6530841
0.6495447
0.6459883
0.6424777
0.6389161
0.6352886
0.6316018
0.6281011
0.6244625
0.6208358
0.6171716
0.6134579
0.6098312
0.6060838
0.6023732
0.598645
0.5949736
0.5912197
0.5874714
0.5836323
0.5799215
0.5761121
0.5722941
0.5684714
0.564649
0.5607783
0.5569426
0.5530753
0.5491019
0.5453207
0.5414074
0.5374244
0.5335382
0.5296165
0.5256574
0.5217114
0.5177395
0.5137081
0.5097367
0.5057594
0.5016797
0.4976748
0.4936303
0.4895942
0.4855651
0.4814529
0.4773846
0.4732716
0.469203
0.4650839
0.4609504
0.4568281
0.4526833
0.4483402
0.444395
0.4402082
0.4359097
0.4318008
0.4275993
0.423398
0.4191972
0.4149613
0.4107347
0.4064696
0.4022445
0.3979758
0.3937248
0.3893661
0.3850797
0.3808343
0.3764121
0.3722106
0.3678906
0.363544
0.3591956
0.3548734
0.3504265
0.3460738
0.3418068
0.3374043
0.3330394
0.3286386
0.3242459
0.319839
0.3153935
0.310961
0.3065263
0.3021131
0.2977007
0.2932564
0.288814
0.284358
0.2798226
0.2754378
0.2708765
0.2664938
0.261997
0.2574908
0.2529191
0.2484479
0.2439992
0.2394102
0.2349771
0.2303665
0.2258826
0.2213884
0.2167833
0.2122853
0.2077267
0.2031319
0.1985906
0.1940431
0.1894606
0.1848814
0.1803648
0.1757552
0.1711399
0.1666309
0.1620186
0.1574216
0.1527957
0.1481872
0.1435755
0.1389768
0.13441
0.1297931
0.1251563
0.1205632
0.115654
0.1113428
0.1066948
0.1020691
0.09740712
0.09278567
0.08815653
0.08349032
0.07888693
0.07426853
0.06967234
0.06502231
0.06031662
0.05571242
0.05098609
0.04642246
0.04179497
0.03714944
0.03241922
0.02785797
0.02314454
0.01851546
0.01387835
0.009168472
0.004585226
-7.154942E-05
-0.004776007
-0.009362108
-0.01402334
-0.01870049
-0.02337817
-0.02798671
-0.03260228
-0.03732198
-0.04192842
-0.04662732
-0.051229
-0.05585435
-0.06051467
-0.06520413
-0.06990832
-0.07450349
-0.07911514
-0.0837099
-0.08833897
-0.09302501
-0.0975837
-0.1022485
-0.1068589
-0.111467
-0.1161428
-0.1207659
-0.1253191
-0.1299501
-0.1345943
-0.1391676
-0.1438238
-0.1483863
-0.152988
-0.1576034
-0.1622322
-0.1668002
-0.1713194
-0.1759496
-0.1804962
-0.1850549
-0.1896592
-0.1942584
-0.1988318
-0.2033337
-0.2078863
-0.2124102
-0.2170664
-0.2215038
-0.2260555
-0.23058
-0.2350939
-0.2396093
-0.2441889
-0.248654
-0.2531295
-0.2576651
-0.2622419
-0.2666308
-0.271185
-0.2755625
-0.2800369
-0.284497
-0.2889811
-0.2934014
-0.2978655
-0.3022768
-0.3067088
-0.3111641
-0.3155999
-0.319962
-0.3244995
-0.3288242
-0.3331618
-0.3375776
-0.3419224
-0.3462751
-0.3506525
-0.3549956
-0.3593443
-0.3637092
-0.3681318
-0.3723398
-0.3766772
-0.380993
-0.385261
-0.3895682
-0.3938318
-0.3980844
-0.402338
-0.4066117
-0.4108765
-0.4150846
-0.4193202
-0.4235199
-0.4278019
-0.4319436
-0.4361372
-0.4403787
-0.4445753
-0.4486685
-0.4528763
-0.4569486
-0.4610884
-0.4652528
-0.4693504
-0.4734212
-0.4775171
-0.4816527
-0.4856718
-0.4897656
-0.4937838
-0.497813
-0.5018884
-0.505877
-0.5098869
-0.5138832
-0.517897
-0.5218245
-0.5257865
-0.5297354
-0.5336713
-0.5376399
-0.5415413
-0.5455678
-0.5493147
-0.5532056
-0.5572128
-0.5609314
-0.5647743
-0.5685962
-0.572513
-0.5762361
-0.5800357
-0.5840845
-0.5876343
-0.5913466
-0.5951223
-0.5988513
-0.6025233
-0.6062864
-0.6099884
-0.6136274
-0.6172895
-0.6209419
-0.6245825
-0.6281991
-0.6318274
-0.6354462
-0.6389991
-0.6425939
-0.6461259
-0.6497049
-0.6532235
-0.6567158
-0.6602577
-0.6637273
-0.6672224
-0.6706258
-0.6741406
-0.677504
-0.6809896
-0.6843471
-0.6877109
-0.6911222
-0.6944672
-0.697766
-0.7011214
-0.7044207
-0.7077245
-0.7110014
-0.7142316
-0.717501
-0.720739
-0.7239915
-0.7271351
-0.7303657
-0.7334751
-0.7367498
-0.7398181
-0.7429534
-0.7460109
-0.749119
-0.7522184
-0.7552305
-0.7583175
-0.7613332
-0.7644094
-0.7673399
-0.7702758
-0.7732395
-0.7762874
-0.7791542
-0.7820713
-0.7849064
-0.7877862
-0.7906828
-0.793502
-0.7963095
-0.7990959
-0.8018892
-0.8046542
-0.8074071
-0.8101497
-0.8128636
-0.8156047
-0.8182629
-0.8209266
-0.8235964
-0.826234
-0.8288339
-0.8314145
-0.8339757
-0.8366151
-0.8390745
-0.8416291
-0.8441365
-0.8466113
-0.8490533
-0.8515238
-0.853916
-0.856335
-0.8587365
-0.8611144
-0.8634601
-0.865826
-0.8681257
-0.8704281
-0.8727298
-0.8750012
-0.8772017
-0.8794326
-0.88166
-0.8838167
-0.8860353
-0.8881259
-0.8902656
-0.8923958
-0.8944666
-0.8965514
-0.8985993
-0.900603
-0.902632
-0.9046254
-0.9065866
-0.9085385
-0.9104754
-0.9123918
-0.9142818
-0.916154
-0.9180243
-0.9198605
-0.9216623
-0.9234708
-0.9252341
-0.927013
-0.9287218
-0.9304345
-0.932151
-0.9338245
-0.935456
-0.9370984
-0.9387079
-0.9403201
-0.9418818
-0.9434221
-0.9449726
-0.946491
-0.9479587
-0.9494425
-0.9509036
-0.9523084
-0.9537261
-0.95511
-0.9564781
-0.9578393
-0.9591751
-0.9604629
-0.9617503
-0.9630247
-0.9642509
-0.9654809
-0.9666849
-0.9678525
-0.9690243
-0.9701653
-0.9712833
-0.9723841
-0.9734436
-0.9745119
-0.9755334
-0.9765428
-0.9775321
-0.9785021
-0.9794618
-0.9803863
-0.9812945
-0.9821719
-0.98304
-0.9838809
-0.9846981
-0.9855018
-0.9862765
-0.98704
-0.9877715
-0.9884849
-0.9891809
-0.9898529
-0.9905047
-0.9911488
-0.9917366
-0.9923354
-0.99289
-0.9934289
-0.9939553
-0.9944552
-0.9949317
-0.9953862
-0.9958231
-0.9962419
-0.9966303
-0.9970013
-0.9973477
-0.9976811
-0.9979838
-0.9982674
-0.9985321
-0.9987726
-0.9989913
-0.9991918
-0.9993678
-0.9995222
-0.9996606
-0.9997659
-0.9998556
-0.9999236
-0.9999704
-0.9999955
-0.9999987
-0.9999802
-0.9999402
-0.9998788
-0.9997953
-0.9996909
-0.999563
-0.9994167
-0.9992464
-0.9990546
-0.9988381
-0.9986073
-0.9983521
-0.9980722
-0.9955251
-0.9950709
-0.994595
-0.994109
-0.9935926
-0.9930568
-0.9924999
-0.9919123
-0.9913121
-0.9906976
-0.9900475
-0.9893768
-0.9887007
-0.9879932
-0.9872635
-0.9865093
-0.9857425
-0.9849299
-0.9841321
-0.9832935
-0.9824271
-0.9815542
-0.9806583
-0.9797353
-0.9787986
-0.9778264
-0.9768499
-0.9758437
-0.9748143
-0.9737693
-0.972698
-0.9716093
-0.9704837
-0.9693697
-0.9682109
-0.9670189
-0.9658183
-0.9646269
-0.9633934
-0.962133
-0.960854
-0.9595469
-0.9582377
-0.9568956
-0.9555139
-0.9541512
-0.95274
-0.9513094
-0.9498827
-0.9483932
-0.9469194
-0.9454333
-0.9438944
-0.94233
-0.9407855
-0.9391986
-0.9375927
-0.9359676
-0.9342845
-0.9309506
-0.8473189
-0.8448662
-0.8423668
-0.8372892
-0.834743
-0.8321538
-0.8295954
-0.8269825
-0.8243672
-0.8217245
-0.8190727
-0.8163636
-0.8136637
-0.8109828
-0.8082551
-0.8054901
-0.8027428
-0.7999629
-0.7970234
-0.7943292
-0.791515
-0.7886223
-0.7857646
-0.7829024
-0.7799764
-0.7770705
-0.7740749
-0.7711706
-0.7682067
-0.7652337
-0.7622147
-0.7592093
-0.7561496
-0.7530796
-0.7500448
-0.7469276
-0.7438411
-0.7407552
-0.737626
-0.7344607
-0.7313061
-0.7280952
-0.724907
-0.7217157
-0.7184049
-0.7152385
-0.7119621
-0.7086426
-0.7053763
-0.7021099
-0.6987543
-0.6954229
-0.6921193
-0.6887188
-0.685326
-0.6819587
-0.6785377
-0.6751314
-0.6717114
-0.6682317
-0.6647265
-0.6612896
-0.6577792
-0.6542473
-0.6507654
-0.6472015
-0.6434934
-0.6401029
-0.6364675
-0.6328104
-0.6293164
-0.6256838
-0.6220631
-0.618414
-0.614507
-0.6110825
-0.6073883
-0.6036716
-0.5999526
-0.596235
-0.5924524
-0.5887184
-0.5849941
-0.5811605
-0.5773677
-0.5736163
-0.5697697
-0.5659727
-0.562099
-0.5582565
-0.5543893
-0.5505148
-0.5466292
-0.542739
-0.5388147
-0.5348988
-0.5309374
-0.5270008
-0.5230041
-0.5190831
-0.5150957
-0.5110846
-0.5070419
-0.503087
-0.4990074
-0.4950153
-0.4909812
-0.4869148
-0.4828187
-0.4787246
-0.474672
-0.4705236
-0.4664381
-0.4623181
-0.4581787
-0.4540481
-0.4498183
-0.4457483
-0.4416023
-0.4374263
-0.4332004
-0.4290502
-0.4248427
-0.4206345
-0.4163879
-0.4121121
-0.4079126
-0.4036713
-0.3993828
-0.3950584
-0.3908253
-0.3865531
-0.3822471
-0.3779751
-0.3736748
-0.3692919
-0.3650206
-0.3606634
-0.356301
-0.3519853
-0.3476003
-0.3432078
-0.3388992
-0.3345126
-0.3299926
-0.3257139
-0.3212913
-0.3169277
-0.3124958
-0.3079708
-0.303657
-0.2992086
-0.2946973
-0.290318
-0.2858568
-0.2813757
-0.2768811
-0.2724777
-0.2678812
-0.2634285
-0.2590273
-0.2544907
-0.2499909
-0.2455144
-0.2409957
-0.2364207
-0.2319648
-0.2273898
-0.222887
-0.2183636
-0.2138233
-0.2092943
-0.2047104
-0.2001715
-0.1955797
-0.1910538
-0.1864451
-0.1818145
-0.1773329
-0.1727358
-0.1680672
-0.1635802
-0.1589854
-0.1543493
-0.1497618
-0.1451663
-0.1405601
-0.1359603
-0.1313614
-0.126718
-0.1221305
-0.1175338
-0.1128701
-0.1082855
-0.1036189
-0.09892909
-0.09441941
-0.08977767
-0.08503515
-0.08047798
-0.07581261
-0.07108756
-0.06658263
-0.06194498
-0.05722412
-0.05264007
-0.04792059
-0.0432877
-0.03871392
-0.03403353
-0.02941531
-0.02476976
-0.02010175
-0.0153656
-0.01076833
-0.006101221
-0.001321443
0.003150331
0.007829936
0.01247599
0.01711892
0.02174718
0.02646554
0.03105462
0.03569738
0.04040416
0.04500048
0.04966443
0.0543454
0.05894329
0.06362654
0.06825417
0.07286701
0.07749634
0.08221146
0.08677937
0.09144233
0.09605297
0.1006986
0.1053666
0.1099954
0.1145469
0.1192902
0.1238007
0.1283967
0.1329965
0.1376388
0.1422375
0.1468171
0.1515038
0.1560308
0.1606872
0.1652008
0.1698256
0.1743876
0.1789777
0.183562
0.1881255
0.1926952
0.1972327
0.2018678
0.2063677
0.2109546
0.2154671
0.2200186
0.2245208
0.2290331
0.233609
0.2380853
0.2426454
0.2472186
0.2516201
0.256128
0.260762
0.2651169
0.269629
0.2741159
0.2785263
0.2830223
0.287566
0.2919117
0.2963661
0.3007786
0.3052319
0.3097176
0.314094
0.3184982
0.3229279
0.3273659
0.3316807
0.3360783
0.340518
0.3448095
0.3491966
0.3535717
0.3578989
0.3622166
0.3666003
0.3708979
0.3752052
0.3795213
0.3837956
0.388146
0.3924072
0.3966573
0.4009033
0.4051834
0.4094242
0.4136797
0.4179581
0.4221167
0.4263302
0.430581
0.4347192
0.4389202
0.4430894
0.4472406
0.4514025
0.4555572
0.4596952
0.4638097
0.4679733
0.4720357
0.4761275
0.4802918
0.4842969
0.4884249
0.4924334
0.4964546
0.5006088
0.5045432
0.5085394
0.5125198
0.516499
0.5204932
0.5244443
0.5283939
0.532383
0.5362862
0.5402582
0.5441638
0.5480034
0.5518911
0.5557725
0.5596828
0.5635359
0.5673021
0.5711676
0.5749816
0.5787612
0.5825409
0.5863459
0.5900872
0.593832
0.5976617
0.6012936
0.6050193
0.6086933
0.6123844
0.616187
0.6199063
0.6233553
0.6269876
0.6306153
0.6342314
0.6377815
0.6413621
0.6449418
0.6485133
0.6520929
0.65554
0.6590431
0.6625347
0.6660213
0.6694821
0.6729636
0.6763552
0.6798255
0.6832284
0.6865846
0.6899353
0.6933166
0.6966813
0.6999763
0.7032883
0.7066087
0.7098727
0.7131476
0.7163877
0.7196674
0.7228817
0.7260594
0.7292857
0.7325139
0.7355902
0.7387381
0.7419468
0.7449782
0.7481082
0.7511852
0.7542065
0.757306
0.7602838
0.7633085
0.7663215
0.7692721
0.7722415
0.7751996
0.7781407
0.7810387
0.7839383
0.7868068
0.7896847
0.792518
0.7953736
0.7981623
0.8009596
0.8037788
0.8065737
0.8092584
0.8119624
0.8146729
0.8173521
0.8200425
0.8227084
0.8253085
0.8279655
0.8305223
0.8331366
0.8356988
0.8382259
0.8407444
0.843254
0.8457424
0.8482862
0.8506713
0.8531201
0.85553
0.8579891
0.8603144
0.8626674
0.8650277
0.8673813
0.8696347
0.87195
0.8742024
0.8764485
0.8786785
0.8808845
0.8830885
0.8852711
0.8874233
0.889565
0.8916571
0.8937548
0.8958356
0.8979016
0.8999339
0.9019529
0.9039684
0.9059224
0.9078808
0.9098418
0.9117447
0.9136515
0.9155422
0.917405
0.9192325
0.921099
0.9228811
0.9246404
0.9264089
0.928142
0.929874
0.9315659
0.933263
0.9349198
0.9365675
0.938203
0.939823
0.941363
0.9429116
0.9444501
0.9459929
0.9474652
0.9489378
0.9503918
0.9518397
0.9532594
0.9546521
0.9560187
0.9573745
0.9587203
0.9600165
0.9613344
0.9625841
0.9638597
0.9650607
0.9662856
0.9674725
0.9686379
0.9697703
0.970924
0.972017
0.9730896
0.9741453
0.9752047
0.9761989
0.9772077
0.9781849
0.979139
0.9800674
0.9809911
0.9818838
0.982749
0.9836139
0.9844351
0.9852309
0.9860303
0.9867899
0.9875271
0.9882563
0.988951
0.9896276
0.9902844
0.9909298
0.991535
0.992125
0.9927023
0.9932505
0.9937902
0.9942887
0.9947755
0.9952363
0.995679
0.9961093
0.996502
0.9968804
0.9972422
0.9975699
0.997889
0.9981755
0.9984431
0.9986923
0.998922
0.9991268
0.9993094
0.9994722
0.9996151
0.9997308
0.9998292
0.9999036
0.9999576
0.9999897
1
0.999989
0.9999563
0.9999011
0.9998233
0.9997265
0.9996074
0.9994664
0.9993038
0.9991218
0.9989146
0.9986833
0.9984376
0.9981674
0.9978697
0.9975575
0.9972278
0.99687
0.9964889
0.9960853
0.9956648
0.9952292
0.9947612
0.9942771
0.9937609
0.9932331
0.9926891
0.9921169
0.9915193
0.990908
0.9902681
0.9896059
0.9889296
0.9882336
0.9874975
0.986769
0.9859949
0.9852163
0.9843962
0.9835719
0.9827254
0.9818491
0.9809669
0.9800342
0.9791176
0.9781561
0.9771712
0.9761796
0.9751583
0.9741224
0.9730591
0.9719617
0.970857
0.9697487
0.9685853
0.9674237
0.9662405
0.9650379
0.9638028
0.9625609
0.9612879
0.9599999
0.958678
0.9573557
0.9559585
0.9546214
0.9532141
0.951806
0.9503621
0.9489101
0.947406
0.9459388
0.9444184
0.9428544
0.9412913
0.9397249
0.9381261
0.9364923
0.9348555
0.933203
0.9315208
0.9298337
0.9280805
0.9263665
0.9245793
0.9228088
0.9210154
0.9191705
0.9173397
0.9154928
0.9135844
0.911711
0.9097911
0.9078104
0.9058658
0.9039023
0.9018952
0.8998773
0.8978269
0.8958
0.8936987
0.8916191
0.8894961
0.887356
0.885157
0.8830393
0.88081
0.8786306
0.8763686
0.8741361
0.8718939
0.8695861
0.8672934
0.8649663
0.862622
0.8602521
0.8578753
0.8554776
0.8530653
0.8506306
0.848171
0.8456976
0.8431653
0.8406932
0.8381723
0.8355935
0.8330384
0.8304606
0.8278548
0.8252503
0.8226271
0.8199103
0.8173047
0.8145705
0.8118923
0.8091687
0.8063967
0.80368
0.8008996
0.7980806
0.7952614
0.7924464
0.7896057
0.7867479
0.7838784
0.7809696
0.778058
0.7751344
0.7721785
0.7691666
0.7662082
0.7632333
0.7601988
0.756982
0.7541451
0.7510448
0.7480006
0.7449107
0.7418067
0.7386854
0.7355281
0.7323301
0.7291642
0.7259983
0.7227656
0.7195263
0.7163218
0.7130606
0.7097793
0.7064987
0.7032225
0.6998597
0.696528
0.6931791
0.6898779
0.6864743
0.6831023
0.6796449
0.676242
0.6728112
0.6694126
0.6654947
0.6624811
0.6589562
0.6553995
0.6510743
0.6480369
0.6449993
0.641444
0.6378645
0.6334015
0.6296688
0.6268865
0.6235707
0.6198763
0.6162966
0.6126038
0.6089452
0.6052395
0.6009825
0.597576
0.5939922
0.5903004
0.5864733
0.582785
0.5789875
0.5751547
0.5714024
0.5675573
0.5637115
0.5598899
0.5559587
0.5520883
0.5482746
0.5443141
0.5404628
0.5365179
0.5325993
0.5286618
0.5247074
0.5206731
0.5167954
0.5127932
0.5087775
0.5047539
0.5006764
0.4966134
0.4924889
0.4884523
0.4843127
0.4801119
0.4761048
0.4719078
0.467776
0.4636474
0.4595833
0.4554799
0.4512671
0.447174
0.4429346
0.4388036
0.4346539
0.4304605
0.4262568
0.4219619
0.4177969
0.413578
0.4092998
0.4050351
0.4008089
0.3965732
0.3922712
0.3879719
0.3837294
0.3792891
0.3751044
0.3706879
0.3664316
0.3620895
0.3577608
0.3534565
0.3490849
0.3446814
0.3403547
0.3359804
0.3315916
0.32721
0.3228168
0.3183797
0.3139889
0.3095107
0.3051492
0.3006476
0.2961966
0.2917958
0.2872937
0.2828548
0.2784346
0.2739764
0.2694508
0.2650038
0.2605373
0.256033
0.2515398
0.2470337
0.2424778
0.2380121
0.233493
0.2289346
0.2244343
0.2197739
0.215318
0.2107532
0.206251
0.2017164
0.197141
0.1925407
0.1879905
0.1834588
0.1788547
0.1742776
0.169662
0.1651208
0.1605393
0.1559035
0.1513454
0.1466623
0.1421515
0.1374819
0.1329085
0.1282566
0.1236871
0.11906
0.1139879
0.1098124
0.1051968
0.1005334
0.09586495
0.09127226
0.08665674
0.08198518
0.07731372
0.0727528
0.06813992
0.06342185
0.05881089
0.05418344
0.0495253
0.04485369
0.04022018
0.03560581
0.03097162
0.02624048
0.02160027
0.01702731
0.01234909
0.007714473
0.003048216
-0.001577099
-0.006323494
-0.01089333
-0.0155888
-0.02025247
-0.02484038
-0.02953167
-0.03418229
-0.03891697
-0.04348309
-0.04810261
-0.05273823
-0.05741366
-0.06206784
-0.06669213
-0.07128929
-0.07594391
-0.08057025
-0.08522622
-0.08988697
-0.09450398
-0.09911327
-0.1037916
-0.1083567
-0.1130521
-0.1175916
-0.122265
-0.126912
-0.1315118
-0.1360643
-0.140681
-0.14534
-0.1499071
-0.15452
-0.159169
-0.1637271
-0.1683136
-0.1728467
-0.1774493
-0.1820078
-0.186597
-0.1911241
-0.1957219
-0.2002865
-0.2048645
-0.2093736
-0.2139836
-0.2184558
-0.2229605
-0.2275729
-0.2320985
-0.2366061
-0.2411559
-0.2455949
-0.2501194
-0.2546309
-0.2591434
-0.2637147
-0.2680852
-0.2725631
-0.2770406
-0.2814993
-0.2859583
-0.2904212
-0.2949187
-0.2993334
-0.3037652
-0.3081959
-0.31262
-0.3170028
-0.3214332
-0.3258132
-0.3302672
-0.3346061
-0.3389755
-0.3433718
-0.3477497
-0.3521112
-0.3565399
-0.3608005
-0.3650979
-0.3694089
-0.3737403
-0.3780829
-0.3824278
-0.3866781
-0.3909254
-0.3952258
-0.3995315
-0.4037865
-0.4079875
-0.4122773
-0.4165076
-0.4207843
-0.4249342
-0.4291494
-0.4333139
-0.4375241
-0.4416991
-0.4459003
-0.4500288
-0.4541969
-0.4583331
-0.4624441
-0.4665604
-0.4707256
-0.4748349
-0.478862
-0.482944
-0.4870124
-0.4910668
-0.495114
-0.4991603
-0.5031546
-0.5071875
-0.5111831
-0.5151595
-0.5192568
-0.5231342
-0.52715
-0.5310748
-0.5349641
-0.5389128
-0.5428256
-0.546773
-0.5505921
-0.5544742
-0.558365
-0.5621961
-0.5660608
-0.5699038
-0.5736687
-0.5775087
-0.5813236
-0.5850963
-0.5888425
-0.5925961
-0.5963354
-0.600048
-0.6037583
-0.6075512
-0.611155
-0.6148531
-0.6184897
-0.6221684
-0.6258066
-0.6294743
-0.6330394
-0.636622
-0.6402158
-0.6437621
-0.647283
-0.6508393
-0.6543584
-0.6579193
-0.6613984
-0.6648562
-0.6683183
-0.6717631
-0.67523
-0.6786428
-0.6820564
-0.6854927
-0.688965
-0.6922026
-0.6955826
-0.6988369
-0.7022396
-0.7055521
-0.7087954
-0.7120599
-0.7153305
-0.7186637
-0.7218261
-0.725043
-0.7281829
-0.7313933
-0.7345552
-0.7377258
-0.7408571
-0.7439354
-0.747135
-0.7501736
-0.7532026
-0.756237
-0.7592578
-0.7622721
-0.7652823
-0.7682721
-0.7712865
-0.7742935
-0.777139
-0.7800833
-0.7830021
-0.7858378
-0.7887473
-0.7915856
-0.794422
-0.797217
-0.8000957
-0.8028901
-0.8055936
-0.8083467
-0.811197
-0.8138776
-0.8166147
-0.8193566
-0.8218637
-0.8247358
-0.8271273
-0.8296902
-0.8323204
-0.8348154
-0.837357
-0.8399066
-0.8424161
-0.8449095
-0.8473989
-0.8498718
-0.8523092
-0.8547153
-0.8571249
-0.8595158
-0.8618774
-0.8642358
-0.8665592
-0.8688828
-0.8711819
-0.8734583
-0.8756881
-0.8779478
-0.8801591
-0.8823776
-0.8845276
-0.8866978
-0.8888373
-0.8909577
-0.8930656
-0.8951464
-0.8971937
-0.8992451
-0.9012778
-0.9033097
-0.9052721
-0.9072233
-0.9092451
-0.9111363
-0.9130117
-0.9148987
-0.9167767
-0.9186609
-0.9204388
-0.9222723
-0.9240328
-0.9258021
-0.9275627
-0.9292853
-0.93099
-0.9327022
-0.9343481
-0.9360448
-0.9376299
-0.9392526
-0.9408275
-0.9423856
-0.9439316
-0.9454547
-0.9469678
-0.9484512
-0.9499093
-0.9513623
-0.9527944
-0.9541771
-0.955569
-0.9569322
-0.9582647
-0.9595832
-0.9608968
-0.9621574
-0.9634417
-0.9646546
-0.9658705
-0.9670626
-0.9682625
-0.9693857
-0.9705188
-0.9716337
-0.9727219
-0.9737949
-0.9748364
-0.9758679
-0.9768809
-0.9778541
-0.9788105
-0.9797533
-0.9806767
-0.9815757
-0.9824693
-0.9833117
-0.9841474
-0.9849654
-0.9857597
-0.986531
-0.9872861
-0.9880055
-0.9887105
-0.9893991
-0.9900696
-0.9907525
-0.9913322
-0.9919302
-0.99251
-0.9930798
-0.9936088
-0.9941182
-0.9946146
-0.9950851
-0.9955333
-0.9959612
-0.9963678
-0.9967529
-0.997121
-0.9974586
-0.9977787
-0.9980838
-0.9983565
-0.9986125
-0.9988467
-0.9990587
-0.9992495
-0.9994214
-0.9995688
-0.9996932
-0.9997979
-0.9998803
-0.9999415
-0.9999813
-0.9999989
-0.9999952
-0.9999697
-0.9999227
-0.999854
-0.9997621
-0.9996518
-0.9995176
-0.999361
-0.9991865
-0.998988
-0.9987681
-0.9985263
-0.9982449
-0.9979754
-0.9976703
-0.9973423
-0.9969889
-0.9966215
-0.99623
-0.995814
-0.9953758
-0.9949212
-0.9944428
-0.9939398
-0.9934192
-0.9928728
-0.9923041
-0.9917218
-0.9911186
-0.9904886
-0.9898378
-0.9891614
-0.98847
-0.9877576
-0.9869994
-0.9862628
-0.9854866
-0.9846839
-0.9838619
-0.9830143
-0.9821445
-0.9812697
-0.9803625
-0.9794264
-0.9784846
-0.9775158
-0.9765127
-0.9755108
-0.9744706
-0.9734213
-0.9723436
-0.9712488
-0.9701308
-0.9689918
-0.9678265
-0.9666504
-0.9654496
-0.9642193
-0.9629684
-0.9617121
-0.9604321
-0.9591184
-0.9577926
-0.9564567
-0.955088
-0.9536957
-0.9522879
-0.9508436
-0.949406
-0.9479299
-0.9464454
-0.9449276
-0.943405
-0.9418398
-0.9402487
-0.938671
-0.9370348
-0.9354256
-0.933773
-0.9320898
-0.9303967
-0.9286906
-0.9269532
-0.9252036
-0.923421
-0.9216034
-0.9198148
-0.9179758
-0.9160986
-0.9142474
-0.9123418
-0.9104367
-0.9084922
-0.906548
-0.9045607
-0.9025897
-0.9005648
-0.8985369
-0.896493
-0.894406
-0.8923045
-0.8902243
-0.8879957
-0.8859299
-0.8837377
-0.881579
-0.879389
-0.8771161
-0.8749056
-0.8726432
-0.8703806
-0.8680722
-0.8657142
-0.8634197
-0.8610169
-0.8586837
-0.8562892
-0.8538901
-0.8514307
-0.8489948
-0.8465295
-0.8440408
-0.8415019
-0.8389473
-0.8364829
-0.8339214
-0.8313429
-0.8287218
-0.8261254
-0.8235114
-0.8208612
-0.8181976
-0.8154932
-0.8127975
-0.8100832
-0.8073536
-0.804584
-0.8018253
-0.7990494
-0.796231
-0.7934149
-0.7905864
-0.787708
-0.7848431
-0.7819422
-0.7790459
-0.7760499
-0.7731717
-0.7702216
-0.7672218
-0.7642556
-0.76122
-0.7582223
-0.7551823
-0.7521021
-0.7490533
-0.7459632
-0.742848
-0.7397346
-0.7365885
-0.7331359
-0.7302588
-0.7270794
-0.7238355
-0.7206312
-0.7174339
-0.7141761
-0.7109162
-0.707622
-0.7043083
-0.7010391
-0.6977127
-0.6943712
-0.6909953
-0.6875932
-0.6842594
-0.6808373
-0.6774479
-0.6739904
-0.6705381
-0.6671123
-0.6636195
-0.6601352
-0.656628
-0.6530689
-0.6496114
-0.6460647
-0.6424733
-0.6388941
-0.6353409
-0.6317208
-0.6280929
-0.6244811
-0.6208858
-0.6171934
-0.6135476
-0.6098674
-0.6061786
-0.6024296
-0.5987451
-0.5950065
-0.5912704
-0.5874675
-0.5837461
-0.5799533
-0.576059
-0.5723472
-0.568553
-0.5647136
-0.5608603
-0.5570092
-0.5531031
-0.5492215
-0.5453471
-0.5414402
-0.5375313
-0.5335769
-0.5296464
-0.5257207
-0.5217171
-0.5177084
-0.5137932
-0.5097916
-0.5057527
-0.5017688
-0.4977525
-0.4936626
-0.4896383
-0.4855734
-0.4814997
-0.4774089
-0.4733346
-0.46924
-0.4651218
-0.4610139
-0.4568824
-0.4527275
-0.4485866
-0.367926
-0.363575
-0.3591591
-0.3549081
-0.3505105
-0.3461945
-0.3418444
-0.3374474
-0.3330628
-0.3286602
-0.3242919
-0.3198607
-0.315475
-0.3110589
-0.3066325
-0.3022104
-0.2977326
-0.2933284
-0.2888596
-0.2844046
-0.2799655
-0.2754781
-0.2710086
-0.2665406
-0.2620246
-0.2575489
-0.2529717
-0.2483075
-0.2440168
-0.2395287
-0.2349669
-0.2304723
-0.2259355
-0.2213791
-0.2168103
-0.2123076
-0.2077276
-0.2032272
-0.1985803
-0.1940936
-0.1895505
-0.1849658
-0.1803845
-0.1758238
-0.1712217
-0.1666685
-0.1620665
-0.157463
-0.1528767
-0.1482815
-0.1436907
-0.1390495
-0.134445
-0.1298375
-0.1251743
-0.1206503
-0.1159305
-0.1113579
-0.1066919
-0.1021317
-0.09751245
-0.09286636
-0.08825056
-0.08358723
-0.07897722
-0.0743503
-0.06963997
-0.06500041
-0.06032898
-0.05573811
-0.05110035
-0.04647292
-0.04178923
-0.03717324
-0.03253549
-0.02789703
-0.0231264
-0.01858027
-0.01387928
-0.009286699
-0.004640515
7.677094E-06
0.004728348
0.009349735
0.01399953
0.01872149
0.02331337
0.02796957
0.03257943
0.03721717
0.04194178
0.04652446
0.05117854
0.05582009
0.06055182
0.06515847
0.06980179
0.07438654
0.07902675
0.08369756
0.08832094
0.09293292
0.09756949
0.1022533
0.1068115
0.111504
0.1160898
0.1206977
0.1253087
0.1299057
0.134498
0.1391289
0.1437549
0.148391
0.1529899
0.1576251
0.1621457
0.1667156
0.1713063
0.1759008
0.180484
0.1850202
0.1896255
0.194206
0.1987281
0.2033281
0.2078677
0.212399
0.2169724
0.2215094
0.2260044
0.23058
0.23508
0.2396065
0.2440909
0.248666
0.2531028
0.2575877
0.2622032
0.2666124
0.2710638
0.275546
0.2800406
0.2844614
0.2889218
0.2933486
0.2978692
0.302305
0.3066834
0.3110934
0.3155601
0.3199584
0.3243317
0.3287683
0.3331492
0.3375337
0.3419215
0.3462591
0.3506177
0.3549902
0.3593497
0.3636533
0.3680254
0.3723062
0.3766057
0.3809217
0.3852364
0.3895445
0.3937845
0.3980634
0.4023965
0.4066021
0.4108217
0.4150499
0.4193384
0.4235018
0.4277097
0.4319049
0.4361218
0.4403701
0.4444566
0.4486446
0.4527582
0.4569334
0.46108
0.4651878
0.4692839
0.4734069
0.4774744
0.48156
0.4856552
0.4896849
0.4937788
0.4978006
0.5017985
0.5058433
0.5098426
0.513844
0.5178798
0.5218343
0.5257549
0.5297273
0.533648
0.5375813
0.5415093
0.5454527
0.5493889
0.5531572
0.5570536
0.5609031
0.5647814
0.5685782
0.5724208
0.5762665
0.5800777
0.5837756
0.5875756
0.5913412
0.5951369
0.59882
0.6025408
0.6061999
0.6099491
0.6136214
0.6172475
0.6209053
0.6246138
0.6281747
0.6318082
0.6355059
0.6389529
0.6425508
0.646174
0.6496463
0.653199
0.6566985
0.6601754
0.6637123
0.6671479
0.6706244
0.6741554
0.6774816
0.6809155
0.6843137
0.687729
0.6910367
0.6944234
0.697781
0.7010663
0.7044451
0.7077379
0.710943
0.7142683
0.7174513
0.720704
0.7239317
0.7271187
0.7303227
0.7334771
0.7366415
0.7397565
0.7428979
0.7460001
0.7490849
0.752175
0.7552149
0.7582473
0.7612967
0.7643234
0.7672769
0.7702739
0.7732189
0.7761906
0.7791141
0.782003
0.78492
0.7877516
0.7906343
0.7934417
0.7962748
0.7991022
0.801888
0.80466
0.8074651
0.8101134
0.8128642
0.8155363
0.8182273
0.8208896
0.8235774
0.8261696
0.8287838
0.8313705
0.8339509
0.8365206
0.8390512
0.8415874
0.8440879
0.8465681
0.8490341
0.8514858
0.8539299
0.8563188
0.858713
0.861113
0.8634303
0.8658069
0.868094
0.8704192
0.8726842
0.8749573
0.8771848
0.8794026
0.8816249
0.8838288
0.885961
0.8881228
0.8902652
0.8923734
0.8944547
0.8965396
0.8985629
0.9006013
0.9026201
0.9046265
0.9065794
0.9085329
0.9104604
0.9123918
0.9269862
0.9287055
0.930445
0.9321278
0.9337935
0.9354607
0.9370815
0.9387
0.9402903
0.9418731
0.943417
0.944952
0.9464614
0.9479499
0.9494317
0.9508815
0.9523165
0.9537112
0.9551027
0.9564651
0.9578464
0.9591519
0.9604602
0.9617267
0.9630111
0.9642391
0.9654611
0.9666637
0.967841
0.9690008
0.9701521
0.9712606
0.9723618
0.9734313
0.9744856
0.9755309
0.976535
0.9775315
0.9785133
0.9794592
0.9803697
0.9812825
0.9821706
0.9830356
0.983885
0.9846905
0.9855037
0.9862726
0.9870356
0.9877739
0.9884925
0.9891712
0.9898455
0.9904955
0.9911224
0.9917343
0.9923226
0.9928826
0.993432
0.99395
0.9944482
0.9949314
0.9953926
0.9958187
0.9962389
0.9966294
0.9969976
0.9973541
0.9976733
0.9979824
0.9982662
0.9985287
0.9987721
0.9989906
0.9991885
0.9993647
0.999521
0.9996531
0.9997661
0.9998549
0.9999242
0.9999702
0.9999954
0.9999987
0.9999806
0.9999403
0.9998779
0.9997964
0.9996919
0.9995653
0.9994173
0.9992455
0.9990554
0.9988431
0.9986078
0.9983501
0.9980741
0.9977763
0.9974523
0.9971142
0.9967436
0.9963551
0.995955
0.9955248
0.9950773
0.9946004
0.9941101
0.9935973
0.9930619
0.9925039
0.9919251
0.9913211
0.9906856
0.9900524
0.9893841
0.9887043
0.9879898
0.9872639
0.9865072
0.9857253
0.9849522
0.9841325
0.983294
0.9824458
0.9815666
0.9806632
0.9797395
0.9787776
0.9778365
0.9768442
0.9758462
0.974813
0.9737645
0.972698
0.9716215
0.9704903
0.9693449
0.9681923
0.9670412
0.9658566
0.9646224
0.963407
0.9621168
0.9608545
0.9595558
0.9582287
0.9568983
0.9555454
0.9541337
0.9527591
0.9513194
0.9498902
0.9484367
0.9469439
0.9453894
0.9439
0.9423441
0.9407868
0.9392048
0.937604
0.9359797
0.9343094
0.9326065
0.9309726
0.9292578
0.9275434
0.9257818
0.9239963
0.9222324
0.9204029
0.9185674
0.9167317
0.914874
0.912954
0.911086
0.9091315
0.9071727
0.9052429
0.903236
0.9012555
0.899205
0.8971776
0.8950775
0.8929788
0.8909013
0.8887971
0.8866414
0.8844902
0.882329
0.8801066
0.8778939
0.8756171
0.8733839
0.8711303
0.8688158
0.8665115
0.8642002
0.8618087
0.8594533
0.8570659
0.8546876
0.8521914
0.8497783
0.8473391
0.8448738
0.8423575
0.8398744
0.8373268
0.8347619
0.832204
0.8296008
0.8269954
0.8243526
0.8217484
0.8190295
0.8163989
0.8137224
0.8109705
0.8082736
0.8055043
0.8027104
0.7999869
0.7971801
0.7943153
0.7915295
0.7886827
0.7857905
0.7828241
0.779977
0.7771114
0.7741461
0.771227
0.7682452
0.7652466
0.7622436
0.7592453
0.7561883
0.7531486
0.7500322
0.7470018
0.7438576
0.7407366
0.7376317
0.7344749
0.7312709
0.7281331
0.7249589
0.7217243
0.7184912
0.7152611
0.7119849
0.708728
0.7054358
0.7021459
0.6987413
0.6954867
0.6921448
0.688716
0.6853746
0.6819824
0.6785545
0.6751483
0.6716952
0.6682742
0.6648049
0.6613011
0.6577512
0.6543006
0.6507147
0.6472523
0.6436788
0.6400238
0.636538
0.632961
0.6292771
0.6256652
0.6220623
0.6184312
0.6147823
0.6110448
0.6073996
0.6036898
0.5999716
0.5961822
0.5925269
0.5887777
0.5849724
0.5812365
0.5773949
0.5736342
0.5697924
0.5659916
0.5621519
0.5582668
0.5544075
0.5505235
0.5465158
0.5427118
0.5388291
0.5348947
0.53096
0.5270559
0.5230448
0.5190611
0.5151316
0.5111092
0.5071348
0.5030754
0.4990743
0.4950575
0.4909836
0.486969
0.4828772
0.4787647
0.4747291
0.4705555
0.4665249
0.4623696
0.4582618
0.4541017
0.4499248
0.4458285
0.4416168
0.4374588
0.4332502
0.4290493
0.424872
0.4206527
0.4164052
0.4121903
0.4079073
0.4036765
0.3994282
0.3951468
0.3908972
0.386576
0.3823149
0.3780033
0.3735527
0.3693362
0.3649735
0.3606741
0.3563616
0.3520183
0.3475905
0.343309
0.3389127
0.3345449
0.3301285
0.3257752
0.3213428
0.3169087
0.3125075
0.3080942
0.3036652
0.2992423
0.2947692
0.2903591
0.2858842
0.2814525
0.2769709
0.2725089
0.2680263
0.2635269
0.2588596
0.2545755
0.2500094
0.2455634
0.2409883
0.2365208
0.2319388
0.2274799
0.2228953
0.2184026
0.2136444
0.2093325
0.2047682
0.2002201
0.1956395
0.1910734
0.1864826
0.181942
0.1773751
0.172793
0.1681527
0.1636329
0.1590042
0.1543832
0.1498136
0.1452087
0.1406063
0.1360066
0.1314228
0.1267889
0.1220727
0.1175016
0.1128976
0.1083139
0.1036767
0.09900879
0.09445642
0.08979949
0.08516911
0.08050647
0.07585347
0.07124639
0.06662638
0.06196685
0.05729455
0.05266671
0.04797867
0.04338296
0.03870246
0.03409355
0.02941719
0.02479548
0.02014273
0.01549145
0.01081694
0.006125038
0.001522644
-0.003110301
-0.007802304
-0.01241594
-0.0170522
-0.02170906
-0.0264341
-0.03110135
-0.03567453
-0.0403289
-0.04497097
-0.04964065
-0.0542521
-0.05891571
-0.0635571
-0.06820281
-0.07299543
-0.07745358
-0.08210028
-0.08673
-0.09137683
-0.09599509
-0.100636
-0.1052614
-0.1098807
-0.1145431
-0.1191178
-0.123779
-0.1283617
-0.1329512
-0.1376927
-0.1421913
-0.1468077
-0.1513851
-0.1559988
-0.160594
-0.1652102
-0.1697853
-0.1743378
-0.1789355
-0.183503
-0.1880553
-0.1926934
-0.1971869
-0.2017959
-0.2063052
-0.2108344
-0.2153926
-0.2199573
-0.2245246
-0.2289997
-0.2335756
-0.2381224
-0.2425621
-0.2471299
-0.2516035
-0.2560589
-0.2605788
-0.2651004
-0.2695611
-0.2740765
-0.2784759
-0.282961
-0.2874874
-0.2918852
-0.2963606
-0.3007623
-0.3051938
-0.3096677
-0.3140714
-0.3184448
-0.3228729
-0.3272993
-0.3316483
-0.3360299
-0.3404239
-0.3447818
-0.3492628
-0.3535717
-0.3578463
-0.3622309
-0.3665347
-0.3708536
-0.3751522
-0.3794798
-0.3837621
-0.3881873
-0.3923598
-0.3966048
-0.4009234
-0.4051407
-0.4094034
-0.4136293
-0.4178499
-0.4220631
-0.4263415
-0.430495
-0.4346943
-0.4388517
-0.4430373
-0.4472986
-0.4513829
-0.4556243
-0.4596825
-0.4638562
-0.4679404
-0.4719895
-0.4761024
-0.4802233
-0.4842802
-0.4884017
-0.4923827
-0.496433
-0.5004742
-0.5045391
-0.508514
-0.5124912
-0.5165032
-0.5204615
-0.5244216
-0.5283737
-0.5323467
-0.5362661
-0.5401611
-0.544107
-0.5479723
-0.5518641
-0.5557615
-0.559626
-0.5634784
-0.5673045
-0.5711152
-0.5749808
-0.5787122
-0.582503
-0.5862949
-0.590051
-0.593825
-0.5975478
-0.6012486
-0.6049761
-0.6086918
-0.6123822
-0.6160247
-0.6196781
-0.6233061
-0.6269461
-0.6306952
-0.6341805
-0.6377661
-0.6413731
-0.6450577
-0.6484516
-0.6520019
-0.655486
-0.6590108
-0.6625569
-0.6660042
-0.6694417
-0.6728917
-0.6763341
-0.6797422
-0.6832166
-0.6865257
-0.6899021
-0.693298
-0.6966361
-0.6999633
-0.7032822
-0.7065561
-0.7098714
-0.7131109
-0.7164257
-0.7196051
-0.7229015
-0.726024
-0.7292334
-0.7324321
-0.7355605
-0.7387041
-0.7418457
-0.7449381
-0.7480424
-0.7511531
-0.7542059
-0.757291
-0.7602912
-0.7632926
-0.7663007
-0.7692813
-0.7722052
-0.7751827
-0.7781814
-0.7811411
-0.783933
-0.7868139
-0.7896531
-0.7924953
-0.7953586
-0.7981525
-0.8009408
-0.8037447
-0.8064678
-0.8091951
-0.8119318
-0.8146375
-0.8173257
-0.8200496
-0.8226478
-0.8252988
-0.8278955
-0.830501
-0.8331065
-0.8356423
-0.8382509
-0.8407186
-0.8432449
-0.84572
-0.8482024
-0.8506763
-0.8530858
-0.8555048
-0.8579171
-0.8602756
-0.8626428
-0.8649913
-0.8673419
-0.8696215
-0.8719518
-0.8741838
-0.8764371
-0.8786858
-0.8808728
-0.8830635
-0.8852538
-0.8873877
-0.8895236
-0.8916947
-0.8937428
-0.8958072
-0.8979197
-0.899916
-0.9019324
-0.9039823
-0.9059058
-0.907874
-0.9098225
-0.9117369
-0.9136341
-0.9155192
-0.9173754
-0.9192284
-0.9210619
-0.9228459
-0.9246371
-0.9264154
-0.9281384
-0.9298663
-0.9315538
-0.9332291
-0.9348883
-0.9365314
-0.9381509
-0.9397553
-0.9413579
-0.9428945
-0.9444596
-0.9459701
-0.9474615
-0.9489249
-0.9504191
-0.9518198
-0.9532447
-0.9546505
-0.9560072
-0.9573582
-0.9587716
-0.9600192
-0.9613168
-0.9625681
-0.9638216
-0.9650527
-0.9662771
-0.9674558
-0.9686135
-0.9697636
-0.9708939
-0.9719944
-0.9730806
-0.9741465
-0.975187
-0.9761968
-0.9771988
-0.9781835
-0.979144
-0.9800816
-0.9809808
-0.9818746
-0.9827527
-0.9835889
-0.9844223
-0.9852257
-0.9860133
-0.9867761
-0.987521
-0.9882412
-0.9889438
-0.9896204
-0.9902785
-0.9909213
-0.9915343
-0.9921235
-0.9927022
-0.9932456
-0.9937747
-0.9942846
-0.9947746
-0.9952335
-0.995675
-0.9960968
-0.9964973
-0.9968773
-0.9972333
-0.9975663
-0.997883
-0.9981735
-0.9984422
-0.9986932
-0.9989187
-0.9991239
-0.9993083
-0.9994702
-0.9996117
-0.9997309
-0.9998268
-0.9999027
-0.999957
-0.9999892
-1
-0.9999891
-0.9999568
-0.9999027
-0.9998271
-0.9997299
-0.9996102
-0.9994704
-0.9993063
-0.9991234
-0.9989153
-0.9986909
-0.9984415
-0.9981714
-0.9978777
-0.9975598
-0.9972256
-0.9968746
-0.9964968
-0.9960941
-0.9956756
-0.9952317
-0.9947613
-0.9942819
-0.9937725
-0.9932374
-0.9926937
-0.9921216
-0.9915224
-0.9909121
-0.9902766
-0.9896122
-0.9889398
-0.9882357
-0.9875165
-0.9867743
-0.9860082
-0.9852201
-0.9844146
-0.9835789
-0.982735
-0.9818659
-0.9809656
-0.9800569
-0.9791231
-0.9781669
-0.9771798
-0.976181
-0.975176
-0.9741336
-0.9730551
-0.9719724
-0.9708783
-0.9697626
-0.9686149
-0.9674447
-0.9662505
-0.9650531
-0.9638196
-0.9625407
-0.961301
-0.9600063
-0.9586913
-0.9573599
-0.956
-0.9546294
-0.9532384
-0.9518198
-0.9503787
-0.9489092
-0.9474236
-0.9459348
-0.9443987
-0.942857
-0.9413244
-0.939752
-0.9381217
-0.936532
-0.9348714
-0.9332173
-0.9315454
-0.9298438
-0.9281199
-0.9263751
-0.9246044
-0.922801
-0.9210121
-0.9192156
-0.9173131
-0.91551
-0.9136232
-0.9117298
-0.9097781
-0.9078724
-0.9058961
-0.9039145
-0.9019018
-0.8998752
-0.8978398
-0.8958063
-0.8936871
-0.8916351
-0.889534
-0.8873867
-0.8852227
-0.8830581
-0.8808429
-0.8786202
-0.8764195
-0.874144
-0.8719051
-0.8696252
-0.8672801
-0.8649874
-0.8626167
-0.8602745
-0.8578905
-0.8554919
-0.8530857
-0.8506452
-0.8481902
-0.8457169
-0.8432263
-0.8407175
-0.8381291
-0.8356328
-0.8330569
-0.8304638
-0.8278975
-0.825274
-0.8226509
-0.8199764
-0.8173025
-0.8146088
-0.8119062
-0.8091972
-0.8064079
-0.8036584
-0.8009076
-0.7981191
-0.7952811
-0.7924348
-0.7896273
-0.7867844
-0.7838725
-0.7809898
-0.7780855
-0.7751585
-0.772216
-0.7692447
-0.766259
-0.7632407
-0.7602515
-0.7572137
-0.7541457
-0.751114
-0.7480145
-0.7449164
-0.741797
-0.7386757
-0.7355527
-0.7323892
-0.7292281
-0.7260226
-0.7228236
-0.7195866
-0.7163657
-0.7131068
-0.7097772
-0.7065088
-0.7032157
-0.6999442
-0.6966019
-0.6932099
-0.6899034
-0.6864854
-0.6831245
-0.6797408
-0.6762624
-0.6728619
-0.6694345
-0.6659415
-0.6624753
-0.6589906
-0.6554441
-0.6519887
-0.6484152
-0.644874
-0.6412632
-0.6377293
-0.6341332
-0.6305175
-0.6269519
-0.6233254
-0.619651
-0.615972
-0.6122916
-0.6086403
-0.6049061
-0.6012318
-0.5975217
-0.5937774
-0.590054
-0.5861882
-0.5824656
-0.5786857
-0.5749058
-0.5710948
-0.5672683
-0.5634295
-0.5595658
-0.5557042
-0.5518609
-0.5478733
-0.5440301
-0.5401626
-0.5362547
-0.5323159
-0.5283704
-0.5244004
-0.5204451
-0.5164606
-0.5124289
-0.5084548
-0.5044221
-0.5004014
-0.4964065
-0.4923378
-0.4883133
-0.4841816
-0.480178
-0.4760351
-0.4719994
-0.4678729
-0.4637108
-0.4596502
-0.455507
-0.4513454
-0.447162
-0.443044
-0.4388362
-0.4346805
-0.4304019
-0.426243
-0.4220423
-0.4178549
-0.4135702
-0.4093859
-0.4051145
-0.4008342
-0.3965381
-0.3922615
-0.388022
-0.3837461
-0.3794567
-0.3750708
-0.3708464
-0.3665079
-0.3620672
-0.3578302
-0.3534734
-0.34905
-0.3447369
-0.3404148
-0.3360316
-0.3316068
-0.3272108
-0.3228042
-0.3183796
-0.3140097
-0.3096005
-0.3051301
-0.3007367
-0.296162
-0.2918486
-0.287407
-0.2828383
-0.2784978
-0.273981
-0.2695261
-0.2649844
-0.2605548
-0.2560717
-0.2515868
-0.246834
-0.2423881
-0.2378851
-0.2333585
-0.2287637
-0.2240858
-0.2198548
-0.2145021
-0.2107168
-0.206223
-0.2016837
-0.1971513
-0.1926315
-0.1880701
-0.1833753
-0.178896
-0.1743283
-0.1697532
-0.1651518
-0.160496
-0.1559629
-0.1513058
-0.146766
-0.1419835
-0.137515
-0.1329605
-0.128354
-0.1237372
-0.1191196
-0.1144824
-0.1098654
-0.1052309
-0.1003929
-0.09600257
-0.09136911
-0.08664437
-0.08211727
-0.07744776
-0.07279938
-0.06817225
-0.06353413
-0.05886989
-0.05423103
-0.0495167
-0.04494989
-0.04031354
-0.03567822
-0.03102116
-0.02636343
-0.02158118
-0.01701775
-0.01232428
-0.00770682
-0.0030892
0.00165437
0.006260577
0.01092005
0.01553734
0.02017336
0.02480704
0.02946688
0.03412989
0.03873307
0.04340022
0.04806072
0.05271635
0.05745272
0.06197078
0.06662269
0.07129218
0.07592777
0.08052941
0.08516353
0.0898338
0.09443375
0.09914176
0.1036939
0.108314
0.1130057
0.1176551
0.12223
0.1268363
0.1314059
0.1360029
0.1406386
0.1452447
0.1498401
0.1544738
0.1590664
0.1636217
0.1683052
0.1728232
0.1773959
0.1819515
0.1866139
0.1911316
0.1956359
0.2002333
0.2047721
0.2093159
0.2139128
0.218399
0.2230368
0.2274745
0.2320262
0.2365617
0.2411476
0.2455487
0.2501129
0.2546033
0.2592466
0.2635546
0.2680448
0.2725604
0.2770003
0.2814856
0.2859373
0.2903701
0.2949242
0.3008417
0.3052568
0.3090124
0.3131218
0.3172
0.3215686
0.3259845
0.3303123
0.3347032
0.3390312
0.3434506
0.3478463
0.3522023
0.3564437
0.3608094
0.3651139
0.3695525
0.3737403
0.3780388
0.382419
0.3867185
0.3910501
0.3954675
0.3997885
0.4040517
0.4082905
0.4122894
0.4165423
0.4208085
0.4251121
0.4291649
0.4335992
0.4376356
0.4419301
0.4460079
0.450114
0.4542309
0.4584111
0.4625084
0.4666229
0.4707946
0.4749911
0.4789038
0.4830109
0.487144
0.4912679
0.4952681
0.4992595
0.5272343
0.5317696
0.5353798
0.5394959
0.5429506
0.5469423
0.5507354
0.5546235
0.5584631
0.562346
0.5662087
0.5699978
0.5737359
0.5776286
0.5813469
0.5852247
0.5890275
0.5926914
0.5965267
0.6004782
0.6039271
0.6076239
0.6112215
0.6149103
0.6185243
0.6221446
0.6258067
0.6293706
0.6329671
0.6365896
0.6401367
0.6437022
0.6473193
0.6508379
0.6543685
0.6579782
0.6615158
0.6652921
0.6684332
0.6718323
0.6752947
0.6787115
0.682122
0.6855108
0.6888875
0.6923596
0.6956183
0.699036
0.70226
0.7055575
0.7087362
0.7154518
0.7178196
0.7198299
0.7218049
0.7238387
0.7266816
0.7299296
0.7331339
0.736229
0.739445
0.7459853
