0
0.02
0.3533334
0.4599696
0.4799804
0.4878446
0.4956836
0.5042613
0.5153763
0.5262662
0.5373219
0.548393
0.5594267
0.570649
0.5816919
0.5929123
0.6037914
0.6157016
0.6329058
0.640402
0.6482072
0.6595191
0.6705334
0.6818901
0.693127
0.7037137
0.7148114
0.7259185
0.7369909
0.7481564
0.7592959
0.7709109
0.7888799
0.797022
0.8044336
0.8147565
0.8258173
0.8369603
0.8480833
0.859201
0.8702614
0.8816084
0.8924741
0.903632
0.9147512
0.9262754
0.943957
0.9513856
0.9590669
0.9702613
0.9813387
0.9924214
1.003607
1.014696
1.025774
1.036877
1.048044
1.059092
1.07025
1.08187
1.099377
1.106999
1.114586
1.125822
1.136838
1.147964
1.159318
1.170453
1.181628
1.19287
1.203852
1.215182
1.226003
1.237922
1.255069
1.262668
1.270384
1.281437
1.292524
1.303717
1.314829
1.325925
1.337072
1.348175
1.359266
1.370366
1.381503
1.39307
1.410978
1.418134
1.425642
1.436705
1.447773
1.45893
1.470028
1.481148
1.492228
1.503462
1.514477
1.525625
1.536756
1.54827
1.565926
1.573319
1.581078
1.592165
1.603442
1.614489
1.625722
1.636692
1.647998
1.659059
1.670041
1.681286
1.692314
1.703812
1.721663
1.728622
1.736535
1.747612
1.758768
1.76987
1.780934
1.792024
1.803163
1.814315
1.825353
1.836477
1.847621
1.859167
1.876907
1.884452
1.892015
1.903217
1.914257
1.925358
1.936437
1.947525
1.958581
1.969708
1.980824
1.991938
2.003143
2.014687
2.031959
2.039324
2.047489
2.058656
2.069698
2.081123
2.092177
2.103245
2.114352
2.125513
2.136548
2.147658
2.158742
2.170309
2.187749
2.195751
2.203209
2.214263
2.225386
2.23698
2.248062
2.259351
2.270233
2.281209
2.292272
2.303366
2.314453
2.32607
2.343483
2.350488
2.358858
2.369968
2.381154
2.392236
2.40334
2.414433
2.425479
2.436624
2.447783
2.458821
2.469903
2.481545
2.499148
2.50634
2.514346
2.525355
2.536427
2.547566
2.558661
2.569752
2.580842
2.591987
2.6034
2.614323
2.625322
2.636887
2.653729
2.660402
2.669742
2.680788
2.691902
2.703061
2.714183
2.725249
2.736349
2.74744
2.758524
2.769619
2.780795
2.792395
2.809741
2.817272
2.825204
2.836296
2.847397
2.858658
2.869771
2.881259
2.891976
2.903138
2.914235
2.925278
2.936443
2.948059
2.965698
2.97237
2.980506
2.991612
3.002764
3.013835
3.024951
3.036356
3.047159
3.058476
3.069408
3.080535
3.091601
3.103203
3.120712
3.127542
3.136007
3.147106
3.1582
3.169345
3.180459
3.191546
3.202681
3.213787
3.224924
3.236492
3.247078
3.258767
3.275931
3.28365
3.291595
3.302753
3.313852
3.325047
3.336191
3.347343
3.358405
3.369543
3.380651
3.391727
3.40287
3.414419
3.431808
3.439495
3.447181
3.458385
3.46945
3.480614
3.491691
3.502914
3.514006
3.525015
3.536124
3.547219
3.558359
3.569924
3.587595
3.594322
3.602493
3.613553
3.624702
3.635734
3.646835
3.65796
3.669054
3.680274
3.691338
3.702414
3.713515
3.725108
3.743202
3.750526
3.757693
3.768833
3.779921
3.791042
3.802297
3.813363
3.824337
3.835477
3.846586
3.857676
3.868767
3.880375
3.897847
3.904383
3.913284
3.924341
3.935399
3.946545
3.957614
3.968715
3.979807
3.990948
4.002115
4.013261
4.02436
4.036156
4.054541
4.061491
4.068738
4.079766
4.090951
4.102075
4.113155
4.124243
4.135431
4.146442
4.157572
4.168651
4.179729
4.191369
4.208951
4.216446
4.224225
4.235768
4.246407
4.257575
4.268575
4.27968
4.290774
4.301947
4.313053
4.324128
4.335283
4.347015
4.36513
4.372008
4.379651
4.390799
4.401934
4.412938
4.424088
4.435167
4.446239
4.457394
4.468556
4.479602
4.490977
4.502335
4.519813
4.527034
4.535169
4.546237
4.557349
4.568532
4.579593
4.590677
4.601754
4.612879
4.623942
4.635055
4.64622
4.657758
4.674362
4.680951
4.690576
4.701774
4.71287
4.723914
4.735185
4.746507
4.757621
4.769064
4.779854
4.791003
4.802293
4.813685
4.830621
4.837347
4.846438
4.857616
4.868778
5.113487
5.125086
5.142195
5.148821
5.157841
5.1689
5.180033
5.191099
5.202247
5.213752
5.224429
5.236135
5.246675
5.257826
5.268843
5.280454
5.297846
5.304438
5.313087
5.324231
5.335204
5.346323
5.357433
5.368515
5.37976
5.390934
5.401993
5.412982
5.424069
5.435724
5.45291
5.46034
5.468484
5.479645
5.490715
5.501835
5.512909
5.523998
5.535085
5.546273
5.557378
5.568422
5.57954
5.591141
5.609131
5.616463
5.623579
5.634657
5.645814
5.656929
5.66797
5.763528
5.812377
5.856772
5.86785
5.878994
5.890094
6.445982
6.457015
6.468113
6.479238
6.490314
6.50149
6.512564
6.52414
6.542006
6.549021
6.556423
6.696758
6.703475
6.71184
6.722972
6.734085
6.745161
6.756317
6.767396
6.77849
6.789646
6.801223
6.811836
6.822986
6.83451
6.851896
6.859596
6.867299
6.87847
6.889541
6.90085
7.267185
7.278295
7.289287
7.301174
7.318686
7.325416
7.333751
7.344837
7.355937
7.367082
7.37815
7.389307
7.400462
7.411656
7.422761
7.433871
7.444942
7.456555
7.474212
7.481692
7.489445
7.50061
7.511573
7.522686
7.533794
7.544905
7.555973
7.567105
7.57819
7.589448
7.600558
7.612001
7.629806
7.637103
7.644886
7.655916
7.666974
7.678097
7.689237
7.700902
7.711539
7.72254
7.733621
7.744756
7.75587
7.767462
7.784694
7.79131
7.800226
7.811415
7.822462
7.833625
7.844655
7.855758
7.866894
7.878036
7.889091
7.900241
7.911462
7.92304
7.940866
7.948411
7.955656
7.966737
7.977888
7.988937
8.000121
8.011231
8.022287
8.033425
8.04449
8.055779
8.066746
8.078331
8.095867
8.103623
8.111462
8.122277
8.133344
8.144437
8.155585
8.166707
8.177732
8.188894
8.200034
8.211121
8.222227
8.233783
8.251363
8.322467
8.333513
8.344628
8.355761
8.366844
8.378016
8.389533
8.407392
8.414454
8.422125
8.433261
8.444349
8.455419
8.466551
8.477591
8.488749
8.499857
8.511071
8.52222
8.533371
8.544842
8.562885
8.570492
8.577594
8.588701
8.599807
8.610868
8.621993
8.633068
8.64414
8.655335
8.666507
8.677527
8.688583
8.700215
8.717839
8.723957
8.733019
8.744151
8.755244
8.766364
8.77748
8.788589
8.799643
8.810796
8.821938
8.833014
8.844094
8.855746
8.910766
8.921935
8.933291
8.944437
8.955434
8.966605
8.977668
8.988808
8.999892
9.011507
9.028597
9.035998
9.044334
9.055446
9.066507
9.077848
9.089364
9.100227
9.111332
9.122431
9.133463
9.144586
9.155715
9.167338
9.18483
9.192415
9.199859
9.210966
9.222085
9.233232
9.244381
9.255477
9.266486
9.27759
9.288698
9.299754
9.310977
9.322585
9.339843
9.34642
9.355421
9.366405
9.377545
9.388652
9.399734
9.410896
9.422021
9.433072
9.444172
9.455332
9.466376
9.477956
9.495872
9.503277
9.510475
9.52153
9.532702
9.543721
9.554924
9.566075
9.577096
9.588238
9.599277
9.610432
9.621478
9.633075
9.653061
9.659988
9.66687
9.677053
9.688089
9.699216
9.710443
9.721447
9.732556
9.743647
9.754842
9.765883
9.777243
9.788597
9.805198
9.812293
9.821398
9.832524
9.843658
9.854712
9.865835
9.876972
9.887994
9.899154
9.910339
9.921365
9.932435
9.944141
9.961922
9.969419
9.976874
9.987965
9.999044
10.01023
10.02151
10.03248
10.04345
10.05458
10.06568
10.07684
10.08799
10.09952
10.1172
10.1245
10.13247
10.14345
10.1546
10.16566
10.17679
10.18789
10.19896
10.21017
10.22123
10.23234
10.24344
10.25503
10.27266
10.28017
10.28796
10.299
10.3101
10.32135
10.33251
10.34352
10.35474
10.36578
10.37687
10.38797
10.39907
10.41074
10.42767
10.43454
10.44352
10.45465
10.4657
10.47688
10.48797
10.49907
10.51045
10.52132
10.53238
10.54348
10.55461
10.56619
10.58322
10.59046
10.59909
10.61037
10.62149
10.63268
10.64396
10.65523
10.66626
10.67739
10.68849
10.69964
10.71071
10.72233
10.73966
10.74633
10.7548
10.7659
10.777
10.78817
10.79926
10.81036
10.82147
10.83259
10.84368
10.85475
10.8659
10.87746
10.89464
10.90128
10.91027
10.92143
10.93247
10.9436
10.95468
10.96582
10.9769
10.98805
10.99916
11.01027
11.02135
11.03294
11.05082
11.05837
11.06542
11.07641
11.08759
11.0986
11.10976
11.12084
11.13185
11.14297
11.15404
11.16523
11.1763
11.18786
11.20585
11.21329
11.22075
11.23182
11.24298
11.25398
11.2652
11.2762
11.28747
11.29843
11.30999
11.32068
11.33171
11.34338
11.3608
11.36841
11.37623
11.38725
11.39835
11.4097
11.42057
11.43169
11.44278
11.45389
11.46498
11.47619
11.48725
11.49881
11.5159
11.5233
11.53161
11.5428
11.55383
11.56519
11.57646
11.5876
11.59871
11.61033
11.62092
11.63204
11.64333
11.65494
11.67293
11.68039
11.68733
11.69833
11.70968
11.72068
11.73154
11.74293
11.75397
11.76507
11.77607
11.7873
11.79848
11.81008
11.82745
11.83494
11.84266
11.85393
11.86495
11.87599
11.88713
11.89824
11.90944
11.92037
11.93151
11.94261
11.95369
11.96524
11.98275
11.99033
11.9981
12.00922
12.02034
12.03154
12.04275
12.05387
12.06498
12.0762
12.08728
12.09838
12.10941
12.12105
12.13848
12.14499
12.15389
12.16494
12.17617
12.18765
12.19838
12.20959
12.22065
12.23177
12.24294
12.25392
12.26502
12.27661
12.29336
12.30097
12.30943
12.32054
12.33165
12.34277
12.3539
12.36495
12.37603
12.38718
12.39828
12.40951
12.42055
12.43217
12.44898
12.45566
12.46494
12.476
12.48713
12.49846
12.50979
12.52113
12.5321
12.54319
12.55432
12.56546
12.57652
12.58813
12.60562
12.6125
12.62035
12.6316
12.64258
12.65372
12.66484
12.67587
12.68707
12.69822
12.70935
12.7204
12.73148
12.74303
12.76091
12.76826
12.77546
12.78658
12.79768
12.80883
12.81999
12.83102
12.84214
12.85327
12.86434
12.87541
12.88652
12.89815
12.91602
12.92344
12.93094
12.94205
12.95317
12.96429
12.97537
12.98646
12.99755
13.00872
13.01985
13.03088
13.042
13.05373
13.07064
13.0774
13.08644
13.09752
13.10863
13.11978
13.13087
13.14197
13.15302
13.16419
13.17536
13.18639
13.19748
13.20906
13.22651
13.23567
13.24227
13.25309
13.26422
13.27549
13.28674
13.29795
13.30914
13.32038
13.33122
13.34232
13.35344
13.36504
13.38283
13.39044
13.39743
13.40862
13.4197
13.43079
13.44192
13.45298
13.46411
13.47528
13.48638
13.49746
13.50858
13.52015
13.58626
13.59732
13.60845
13.61999
13.63082
13.64195
13.65307
13.66411
13.67568
13.69256
13.69928
13.70845
13.71957
13.73065
13.74205
13.75342
13.76418
13.7753
13.78641
13.79763
13.80872
13.81969
13.83129
13.84835
13.85588
13.86411
13.87521
13.88628
13.89768
13.90905
13.9202
13.93124
13.94234
13.95344
13.96457
13.97565
13.98727
14.00481
14.012
14.01961
14.03082
14.04188
14.05292
14.06408
14.07515
14.08627
14.09733
14.10847
14.11956
14.1307
14.14228
14.15968
14.16623
14.1754
14.18626
14.19737
14.20845
14.21956
14.23061
14.24171
14.25289
14.26396
14.27503
14.28617
14.29776
14.31476
14.32148
14.33061
14.34164
14.35282
14.36417
14.37525
14.38638
14.39778
14.40865
14.41976
14.43083
14.44196
14.45347
14.47041
14.47803
14.48631
14.49749
14.50861
14.51992
14.53116
14.54219
14.55335
14.56441
14.5755
14.58658
14.59766
14.60928
14.62705
14.63412
14.64134
14.65247
14.6635
14.67466
14.68572
14.69686
14.70798
14.71911
14.7302
14.74122
14.75236
14.76454
14.7831
14.79068
14.79765
14.80781
14.81896
14.82998
14.84115
14.85222
14.86329
14.87445
14.88558
14.89667
14.90779
14.91942
14.93648
14.94323
14.95217
14.96326
14.97434
14.98546
14.99658
15.00772
15.01901
15.02993
15.04113
15.05228
15.06326
15.0748
15.0926
15.09951
15.10763
15.11921
15.12989
15.14098
15.15205
15.16313
15.1743
15.1854
15.19655
15.20766
15.21899
15.23038
15.24854
15.25557
15.26314
15.27427
15.28534
15.29646
15.30749
15.31885
15.32979
15.34081
15.35191
15.36304
15.37415
15.38577
15.40244
15.41002
15.41917
15.42978
15.44086
15.45198
15.46307
15.4741
15.48525
15.4964
15.50779
15.51863
15.52976
15.54124
15.55832
15.56496
15.57408
15.58515
15.59624
15.60738
15.61876
15.63014
15.64142
15.65261
15.66376
15.67481
15.68591
15.69754
15.71408
15.72133
15.73042
15.74145
15.75259
15.76367
15.77472
15.78588
15.79707
15.80813
15.81929
15.83045
15.84148
15.85309
15.87085
15.87837
15.8853
15.89616
15.90726
15.9184
15.92949
15.94059
15.95165
15.9628
15.9739
15.98498
15.99607
16.00773
16.02534
16.03165
16.04057
16.05174
16.0628
16.07386
16.08496
16.09601
16.10715
16.11861
16.12943
16.14057
16.15155
16.16321
16.18086
16.18841
16.19604
16.20715
16.21829
16.22951
16.24063
16.25171
16.26282
16.27398
16.28505
16.29623
16.30723
16.31889
16.33582
16.34242
16.35168
16.36279
16.52937
16.54073
16.55194
16.56302
16.57418
16.58529
16.59642
16.60749
16.61856
16.63024
16.64782
16.65461
16.66268
16.67374
16.68492
16.69605
16.70712
16.71825
16.72933
16.74042
16.75151
16.76264
16.77374
16.78543
16.8031
16.80986
16.81802
16.82915
16.84021
16.85133
16.86248
16.87358
16.88474
16.89581
16.90687
16.91795
16.92907
16.94066
16.95861
16.96603
16.97339
16.98447
16.99555
17.00668
17.0178
17.02891
17.04036
17.05124
17.06231
17.07334
17.08441
17.09601
17.11283
17.12045
17.12889
17.13998
17.15107
17.1622
17.17332
17.1844
17.19562
17.20661
17.21785
17.22898
17.24005
17.25157
17.2695
17.2769
17.28436
17.29544
17.30654
17.31771
17.3288
17.33986
17.35102
17.36209
17.37318
17.38439
17.39547
17.40695
17.42501
17.43265
17.43981
17.45091
17.46202
17.47313
17.67306
17.68418
17.69522
17.70636
17.71801
17.73584
17.74298
17.75085
17.76191
17.77297
17.78413
17.79523
17.80633
17.81746
17.82859
17.83968
17.85074
17.86186
17.87346
17.89061
17.89745
17.90626
17.91746
17.92859
17.9397
17.95069
17.96179
17.97289
17.984
17.99517
18.00624
18.01737
18.02899
18.04736
18.05468
18.06177
18.07284
18.0839
18.09506
18.10622
18.11724
18.12844
18.13955
18.15067
18.1617
18.17279
18.18438
18.2018
18.20852
18.21722
18.22833
18.23945
18.25071
18.31714
18.32829
18.33989
18.35664
18.36336
18.37265
18.3838
18.39489
18.40597
18.4172
18.42863
18.43981
18.45085
18.46194
18.47302
18.48419
18.49594
18.51357
18.52028
18.52832
18.53938
18.55043
18.5616
18.57268
18.58378
18.59486
18.60605
18.6171
18.62828
18.63932
18.65086
18.66869
18.67534
18.68369
18.6948
18.70592
18.71707
18.7282
18.73924
18.75033
18.76144
18.77258
18.78374
18.79479
18.80648
18.82375
18.83143
18.83924
18.8503
18.86137
18.87253
18.88366
18.89476
18.90584
18.91696
18.92812
18.93924
18.95033
18.9619
18.98089
18.9884
18.99543
19.00567
19.0168
19.02797
19.03899
19.05022
19.06147
19.07243
19.08343
19.09457
19.10566
19.11729
19.13489
19.14213
19.1501
19.16117
19.17225
19.18337
19.19448
19.2056
19.21669
19.22792
19.23894
19.2501
19.26112
19.27271
19.29042
19.2979
19.30552
19.31666
19.32789
19.33891
19.35001
19.36115
19.37223
19.38361
19.39462
19.40604
19.41682
19.42847
19.45221
19.46123
19.4724
19.48348
19.49455
19.50569
19.51683
19.52794
19.539
19.55006
19.56123
19.57229
19.58399
19.60143
19.60959
19.62038
19.62799
19.63895
19.64999
19.66121
19.67229
19.68349
19.69455
19.70575
19.71675
19.7279
19.73951
19.75647
19.76408
19.77229
19.78366
19.79455
19.8057
19.81669
19.82784
19.83892
19.85007
19.86113
19.8722
19.88333
19.89499
19.91287
19.92042
19.92771
19.93856
19.94963
19.96076
19.97192
19.98296
19.9942
20.00571
20.01642
20.02758
20.03859
20.05011
20.06725
20.07482
20.08295
20.09402
20.10522
20.11631
20.12754
20.13853
20.14962
20.16071
20.17179
20.18292
20.194
20.20562
20.22229
20.22946
20.23844
20.24954
20.26064
20.27198
20.28331
20.2947
20.30585
20.31693
20.32808
20.33917
20.35027
20.36184
20.37962
20.38624
20.39395
20.40504
20.41613
20.42734
20.43834
20.44947
20.46063
20.47166
20.48279
20.49386
20.50506
20.51662
20.53499
20.54181
20.54939
20.56048
20.57155
20.58272
20.5938
20.60486
20.61597
20.62756
20.63827
20.64939
20.66047
20.67199
20.6897
20.69641
20.7049
20.71595
20.72736
20.73816
20.74924
20.76043
20.77146
20.78261
20.79371
20.80484
20.81593
20.82781
20.84588
20.85304
20.86034
20.87144
20.88258
20.89368
20.90472
20.91586
20.92695
20.93815
20.94917
20.96026
20.97137
20.98299
21.0005
21.00751
21.01583
21.02695
21.03817
21.04924
21.06039
21.07138
21.08253
21.09359
21.10467
21.11577
21.12691
21.13849
21.15544
21.16302
21.17127
21.18243
21.19354
21.2046
21.21609
21.22725
21.23833
21.24935
21.2605
21.27164
21.28268
21.29426
21.31112
21.31777
21.32714
21.33823
21.34929
21.36066
21.37199
21.38324
21.39428
21.40546
21.41649
21.42765
21.43879
21.45033
21.46776
21.47438
21.48271
21.49378
21.50494
21.51599
21.52719
21.53839
21.5493
21.56043
21.57159
21.58262
21.59375
21.60541
21.62258
21.6297
21.63831
21.64942
21.66041
21.67146
21.68259
21.69369
21.70481
21.71597
21.72707
21.7381
21.74924
21.76081
21.77735
21.78475
21.79362
21.80475
21.81585
21.82712
21.8383
21.84938
21.86046
21.87154
21.88271
21.89387
21.90488
21.91645
21.93368
21.94086
21.9493
21.96043
21.97153
21.9827
21.99378
22.00496
22.01599
22.02713
22.03826
22.04931
22.06044
22.07206
22.0916
22.09974
22.10673
22.1153
22.12645
22.13752
22.14864
22.15968
22.17084
22.1819
22.19306
22.20409
22.21519
22.22691
22.24564
22.25251
22.25965
22.27071
22.28183
22.29294
22.304
22.31521
22.32625
22.33741
22.34851
22.3596
22.37064
22.3823
22.39932
22.40602
22.41512
22.42622
22.43753
22.44848
22.45962
22.47072
22.48173
22.49283
22.50399
22.51503
22.52616
22.5378
22.5551
22.56275
22.57063
22.58168
22.59283
22.6039
22.61498
22.62619
22.63739
22.64872
22.65997
22.67114
22.68222
22.6938
22.7106
22.71729
22.72659
22.73781
22.74884
22.75994
22.77103
22.78214
22.79327
22.80441
22.81546
22.82658
22.83772
22.84926
22.86714
22.87458
22.88161
22.89276
22.9038
22.91492
22.92601
22.93736
22.94828
22.95943
22.97047
22.98154
22.99266
23.00422
23.02159
23.02826
23.03713
23.04823
23.05937
23.07041
23.08153
23.09265
23.10365
23.11478
23.12601
23.13709
23.14816
23.15985
23.17756
23.185
23.19255
23.20364
23.21478
23.22582
23.23755
23.24818
23.25925
23.2703
23.28138
23.29247
23.30361
23.31518
23.33267
23.3394
23.34804
23.35914
23.37018
23.38128
23.39241
23.40354
23.41466
23.42576
23.43692
23.44792
23.45906
23.47067
23.48759
23.49433
23.50347
23.51458
23.52572
23.5371
23.54836
23.55953
23.57057
23.58167
23.59276
23.60386
23.61493
23.62657
23.64479
23.65198
23.659
23.67006
23.68118
23.69229
23.70336
23.71444
23.72555
23.73679
23.74808
23.75905
23.77009
23.78169
23.79911
23.80582
23.81458
23.82565
23.83668
23.84782
23.85882
23.86993
23.88101
23.89215
23.90328
23.91436
23.92548
23.93735
23.95467
23.96139
23.96984
23.98097
23.99208
24.00329
24.01458
24.02595
24.03695
24.04792
24.05903
24.07019
24.08122
24.09286
24.10988
24.11768
24.12571
24.13702
24.14796
24.15902
24.17011
24.18119
24.19239
24.20352
24.21452
24.22566
24.23686
24.24833
24.26603
24.27325
24.28111
24.29213
24.30328
24.31437
24.32552
24.33689
24.34769
24.35879
24.36988
24.38103
24.39215
24.40372
24.42166
24.42844
24.43651
24.44747
24.45856
24.46968
24.48076
24.49186
24.50292
24.51413
24.52518
24.53632
24.54743
24.55902
24.5764
24.58397
24.59181
24.6029
24.61399
24.6251
24.63627
24.64737
24.65843
24.66957
24.68068
24.69177
24.70298
24.71456
24.7319
24.73964
24.74729
24.75837
24.7695
24.78077
24.7924
24.80326
24.81449
24.82548
24.83656
24.84769
24.85886
24.87041
24.88764
24.89443
24.90324
24.91437
24.9254
24.93653
24.94773
24.95882
24.96984
24.981
24.99209
25.00363
25.01439
25.02593
25.04453
25.0515
25.05845
25.06957
25.08046
25.09159
25.10266
25.1138
25.12485
25.136
25.14709
25.15818
25.16932
25.18087
25.19816
25.20498
25.21377
25.22497
25.23716
25.2471
25.25827
25.26949
25.2805
25.29144
25.30259
25.31367
25.32474
25.33638
25.35368
25.36055
25.36918
25.38034
25.39144
25.4025
25.4136
25.42483
25.43618
25.44753
25.45861
25.46964
25.48087
25.59183
25.60314
25.61405
25.62524
25.63634
25.6479
25.66574
25.67341
25.68039
25.69143
25.70249
25.71363
25.72475
25.73582
25.74693
25.75804
25.76914
25.78029
25.79136
25.80294
25.82005
25.82743
25.83578
25.84706
25.85797
25.86907
25.8802
25.89131
25.90243
25.91351
25.92459
25.93572
25.94684
25.95844
25.97548
25.98263
25.99123
26.00237
26.0135
26.02478
26.03617
26.04751
26.0586
26.06972
26.08076
26.09186
26.10295
26.11458
26.13203
26.13877
26.14699
26.15809
26.16919
26.18036
26.19146
26.20252
26.21359
26.22475
26.23596
26.24697
26.25807
26.2697
26.28749
26.29443
26.30241
26.31341
26.32452
26.33565
26.34668
26.35779
26.36888
26.38007
26.39113
26.40222
26.41332
26.42492
26.44355
26.45084
26.45775
26.46871
26.47975
26.49085
26.502
26.51309
26.52415
26.53532
26.54646
26.55752
26.5686
26.58022
26.59731
26.60439
26.61303
26.62414
26.6352
26.64637
26.65743
26.66854
26.67965
26.69089
26.70184
26.71294
26.72407
26.73567
26.75426
26.76144
26.76874
26.7796
26.79079
26.80187
26.81291
26.82404
26.83507
26.84628
26.85737
26.86842
26.87962
26.89116
26.90841
26.91511
26.92409
26.93506
26.94623
26.95749
26.96845
26.97952
26.99061
27.00173
27.01292
27.02392
27.03503
27.04691
27.06452
27.0718
27.07947
27.09058
27.10168
27.11284
27.12387
27.13501
27.14638
27.15726
27.16833
27.17943
27.19052
27.20219
27.22079
27.22814
27.23614
27.24604
27.25723
27.2683
27.27932
27.29045
27.30161
27.31274
27.32383
27.3349
27.346
27.35777
27.37487
27.38235
27.39041
27.40158
27.41277
27.42375
27.43486
27.44602
27.45704
27.46814
27.47926
27.49032
27.50154
27.51342
27.53103
27.5384
27.54597
27.55695
27.56813
27.57922
27.59037
27.60146
27.61247
27.62362
27.63473
27.64589
27.65693
27.66853
27.68511
27.69239
27.70155
27.71245
27.7236
27.73469
27.7458
27.75702
27.76806
27.77926
27.79043
27.80137
27.81254
27.82409
27.84183
27.84947
27.85691
27.86825
28.09006
28.10123
28.11236
28.12336
28.13498
28.15302
28.16039
28.16781
28.17892
28.18998
28.20115
28.21227
28.22342
28.2345
28.2457
28.2567
28.26784
28.27892
28.29048
28.30764
28.31427
28.32362
28.33453
28.34567
28.35666
28.36772
28.37889
28.39002
28.40114
28.41224
28.42332
28.43439
28.44637
28.46439
28.47186
28.47893
28.48989
28.50094
28.51204
28.52316
28.53431
28.54565
28.55652
28.56763
28.57866
28.58989
28.60148
28.62021
28.62683
28.63424
28.64563
28.65645
28.66757
28.6787
28.6898
28.70082
28.71199
28.72303
28.73418
28.74529
28.75692
28.77394
28.78051
28.78968
28.8008
28.81191
28.82303
28.83417
28.84533
28.85634
28.86752
28.87861
28.88969
28.90074
28.91233
28.92959
28.93635
28.94753
28.9563
28.96746
28.97849
28.98958
29.00074
29.01198
29.0234
29.03467
29.0461
29.05695
29.06853
29.08569
29.09357
29.10129
29.1124
29.12356
29.13464
29.14602
29.15687
29.16793
29.17905
29.19016
29.20128
29.21241
29.22412
29.24246
29.2494
29.25642
29.2674
29.27836
29.28945
29.30055
29.31167
29.32275
29.33388
29.34499
29.35612
29.3672
29.3788
29.39588
29.40346
29.41167
29.42276
29.43386
29.44496
29.45606
29.46718
29.47829
29.4894
29.50051
29.51162
29.52269
29.53428
29.55237
29.55966
29.56713
29.57825
29.58936
29.6004
29.6115
29.62258
29.63372
29.64482
29.65594
29.66708
29.67816
29.68975
29.70682
29.71438
29.72255
29.73365
29.74512
29.75593
29.76698
29.77813
29.78915
29.80065
29.81143
29.82265
29.83367
29.84522
29.86226
29.86965
29.87813
29.88922
29.90029
29.91136
29.92277
29.93413
29.94576
29.9567
29.96776
29.979
29.98998
30.00155
30.01929
30.02584
30.03377
30.04498
30.05597
30.06707
30.07814
30.08931
30.10031
30.11151
30.12255
30.13366
30.14487
30.15639
30.17331
30.18099
30.18919
30.20029
30.2114
30.22249
30.23358
30.24473
30.25584
30.26698
30.27808
30.28911
30.30022
30.31187
30.32913
30.33583
30.34463
30.35594
30.36686
30.37821
30.38948
30.40059
30.41169
30.42278
30.43392
30.4451
30.45625
30.68876
30.6999
30.71109
30.72206
30.73319
30.74436
30.7554
30.7665
30.77813
30.79557
30.80248
30.81093
30.82202
30.83312
30.84434
30.85572
30.98862
30.99969
31.01082
31.02193
31.03315
31.04414
31.05527
31.06639
31.07748
31.08904
31.1081
31.11592
31.12323
31.13305
31.14419
31.15523
31.16631
31.17738
31.18848
31.39999
31.41758
31.42447
31.43283
31.44393
31.45509
31.46616
31.47732
31.48842
31.49953
31.51063
31.52171
31.53286
31.54394
31.55556
31.57267
31.57938
31.58829
31.59957
31.61051
31.62162
31.63278
31.64433
31.65519
31.66632
31.67744
31.6885
31.69963
31.71123
31.72771
31.7352
31.74404
31.75537
31.76634
31.77766
31.82217
31.83333
31.84445
31.85554
31.86712
31.88446
31.89114
31.89982
31.911
31.922
31.93312
31.94424
31.95536
31.96643
31.97758
31.98898
31.99981
32.01093
32.02251
32.03972
32.04642
32.05532
32.06644
32.07752
32.08876
32.09975
32.11083
32.12193
32.13307
32.14419
32.15531
32.16634
32.17797
32.19546
32.20214
32.2106
32.22167
32.23283
32.2439
32.25506
32.2662
32.27728
32.28842
32.29948
32.31058
32.32164
32.33324
32.35063
32.35763
32.36607
32.3772
32.38827
32.39939
32.41053
32.4216
32.43268
32.44381
32.45494
32.46606
32.47715
32.48874
32.50663
32.51423
32.52137
32.53246
32.5435
32.55457
32.56566
32.57674
32.5878
32.59894
32.61004
32.62108
32.63231
32.64388
32.81691
32.82445
32.83216
32.84325
32.97188
32.97941
32.98766
32.99875
33.00984
33.0209
33.03256
33.04348
33.05465
33.0657
33.07685
33.08801
33.09906
33.11063
33.1277
33.1344
33.14346
33.1546
33.16566
33.17702
33.18821
33.19938
33.21043
33.22155
33.23275
33.24378
33.25494
33.26651
33.28394
33.29137
33.29908
33.31015
33.32123
33.33238
33.34352
33.35454
33.36565
33.3768
33.38788
33.39902
33.56651
33.57819
33.60163
33.61124
33.62205
33.63324
33.6443
33.65513
33.66591
33.67696
33.68801
33.69911
33.71021
33.72135
33.73304
33.75039
33.75784
33.76548
33.77657
33.7877
33.79876
33.80986
33.82097
33.83209
33.84331
33.85463
33.86546
33.87656
33.88811
33.90563
33.91228
33.92086
33.93198
33.94319
33.95481
33.96536
33.97642
33.98752
33.9986
34.00973
34.02096
34.03194
34.04358
34.06101
34.06849
34.0764
34.25388
34.26504
34.27607
34.28731
34.29834
34.30941
34.32081
34.33163
34.34277
34.35434
34.37173
34.37917
34.38718
34.39824
34.40936
34.42046
34.43161
34.44266
34.45374
34.46494
34.47596
34.48709
34.49817
34.50985
34.52773
34.53442
34.54244
34.55349
34.56457
34.5757
34.5868
34.59792
34.60904
34.62012
34.63122
34.64236
34.65343
34.66525
34.68307
34.68996
34.69798
34.70898
35.16431
35.17546
35.18657
35.19763
35.20891
35.21995
35.23098
35.24207
35.25321
35.26432
35.27539
35.28696
35.30481
35.31228
35.3198
35.33099
35.34205
35.35312
35.36424
35.37535
35.3864
35.39757
35.40905
35.41978
35.43086
35.4425
35.46011
35.46727
35.47532
35.48639
35.49746
35.50861
35.51972
35.53086
35.54192
35.55304
35.56423
35.57532
35.58632
35.79758
35.80875
35.82013
35.8315
35.84262
35.85373
35.86477
35.87593
35.88696
35.89814
35.90969
35.92679
35.9341
35.9425
35.95358
35.96471
35.97579
35.98685
35.99796
36.00906
36.02021
36.03135
36.04247
36.05364
36.06517
36.08279
36.09047
36.09739
36.10857
36.11965
36.13077
36.14189
36.15295
36.16405
36.1752
36.18628
36.19739
36.20849
36.22007
36.23824
36.24539
36.25266
36.2638
36.27486
36.28595
36.2971
36.30823
36.31928
36.33042
36.34164
36.35261
36.36374
36.37532
36.39269
36.40055
36.40817
36.41931
36.43041
36.44148
36.45251
36.46367
36.47476
36.48587
36.49696
36.50811
36.51925
36.5309
36.54787
36.55531
36.56362
36.57468
36.5858
36.59703
36.60834
36.61965
36.63076
36.64191
36.65302
36.66415
36.67516
36.68684
36.7046
36.7114
36.71917
36.73054
36.74138
36.75259
36.76377
36.77477
36.78582
36.79688
37.01469
37.02141
37.03009
37.04126
37.05233
37.06372
37.07446
37.08556
37.09668
37.10778
37.11887
37.13002
37.14107
37.15273
37.1966
37.20788
37.21889
37.23001
37.24123
37.25257
37.26382
37.27482
37.28592
37.29707
37.30869
37.32581
37.33336
37.34144
37.35261
37.36371
37.37498
37.38618
37.39734
37.40837
37.41953
37.71862
37.7297
37.7408
37.75195
37.76334
37.77462
37.79117
37.79817
37.80749
37.81871
37.82972
37.84086
37.85194
37.863
37.87406
37.88516
37.89628
37.90745
37.91856
37.93009
37.94753
37.95499
37.96289
37.97409
37.98511
37.99638
38.00772
38.01896
38.03004
38.04135
38.05249
38.06345
38.07448
38.08606
38.10281
38.11003
38.11888
38.13
38.14116
38.15226
38.16346
38.17464
38.18552
38.19664
38.20779
38.21886
38.22993
38.24157
38.25936
38.26644
38.27418
38.28528
38.29635
38.30747
38.31858
38.32969
38.34078
38.35191
38.36307
38.3741
38.38518
38.39687
38.41419
38.42141
38.42964
38.4407
38.45182
38.46296
38.47403
38.48514
38.49625
38.50767
38.51851
38.52968
38.5407
38.55228
38.57033
38.57755
38.58485
38.596
38.60709
38.61815
38.62955
38.64038
38.65145
38.66269
38.67366
38.68475
38.69585
38.70751
38.72485
38.73265
38.74033
38.75141
39.00684
39.01851
39.03538
39.04244
39.05129
39.06271
39.07352
39.08454
39.09565
39.10675
39.11787
39.12902
39.14009
39.15124
39.16236
39.17392
39.19074
39.19835
39.20677
39.21798
39.22894
39.24007
39.25123
39.26257
39.27382
39.28524
39.29657
39.3077
39.31883
39.33034
39.34796
39.35516
39.36255
39.37365
39.38471
39.39582
39.40699
39.41802
39.42915
39.44022
39.45131
39.46248
39.47355
39.48513
39.50276
39.51058
39.51797
39.71786
39.72898
39.74007
39.75121
39.7626
39.77339
39.78455
39.7961
39.81377
39.82078
39.82891
39.84004
39.85113
39.86261
39.87365
39.88475
39.89582
39.90696
39.91803
39.92914
39.94029
39.95182
39.96896
39.97637
39.98464
39.99572
40.00685
40.01793
40.02909
40.0402
40.05137
40.06248
40.07352
40.08462
40.09569
40.1073
40.12496
40.13238
40.13979
40.15089
40.16205
40.17326
40.18429
40.1954
40.20655
40.21759
40.22886
40.23984
40.25089
40.26257
40.28138
40.28873
40.29579
40.30624
40.31773
40.32869
40.3396
40.3507
40.362
40.37287
40.38397
40.395
40.40612
40.41777
40.43483
40.44252
40.45058
40.46171
40.47284
40.48386
40.49506
40.50619
40.5172
40.52834
40.53942
40.55053
40.56162
40.57323
40.59075
40.59741
40.60608
40.61727
40.6283
40.63938
40.65047
40.66158
40.67273
40.68417
40.69522
40.70636
40.71745
40.72903
40.74682
40.75437
40.76158
40.77277
40.7838
40.79492
40.80606
40.81718
40.82826
40.83935
40.85048
40.86155
40.87272
40.88431
40.90135
40.90794
40.91711
40.92823
40.9394
40.95056
40.96154
40.97264
40.98374
40.99499
41.00604
41.01711
41.02826
41.0398
41.05827
41.06611
41.0729
41.08369
41.09475
41.10595
41.11702
41.12831
41.13941
41.15022
41.1613
41.17248
41.18354
41.19518
41.21215
41.21945
41.2281
41.23906
41.25018
41.26129
41.27244
41.2835
41.29457
41.30573
41.3168
41.32792
41.33901
41.35059
41.36879
41.37609
41.38343
41.39451
41.40564
41.41674
41.42783
41.43897
41.45014
41.46118
41.47234
41.48335
41.49455
41.50612
41.5234
41.52961
41.53892
41.55002
41.56116
41.57227
41.58343
41.59443
41.6056
41.61665
41.62781
41.63888
41.64996
41.66157
41.67893
41.68601
41.6944
41.70553
41.71667
41.72775
41.73908
41.75042
41.76155
41.77274
41.78382
41.79494
41.80603
41.81765
41.83428
41.8414
41.85043
41.86152
41.87266
41.8838
41.89488
41.90599
41.91706
41.9283
41.93934
41.95037
41.9616
41.97319
41.99265
42.00086
42.00824
42.01644
42.02755
42.03867
42.04986
42.06097
42.07205
42.08307
42.09417
42.1053
42.11641
42.12803
42.14516
42.15239
42.16085
42.17197
42.18301
42.19419
42.20528
42.21634
42.22745
42.23862
42.24968
42.26082
42.27197
42.28352
42.30072
42.30736
42.31633
42.32741
42.33854
42.34961
42.36071
42.37185
42.38293
42.39412
42.40549
42.41689
42.42796
42.43958
42.45712
42.46478
42.47224
42.48331
42.49436
42.50552
42.51663
42.52772
42.53878
42.5499
42.561
42.57219
42.58323
42.59482
42.6116
42.61887
42.62764
42.63876
42.64988
42.66099
42.67206
42.6832
42.69437
42.7054
42.71657
42.72765
42.73871
42.75034
42.76757
42.77526
42.78316
42.79425
42.80537
42.8167
42.82781
42.83904
42.84999
42.86113
42.87225
42.88334
42.89443
42.90603
42.92326
42.93081
42.93884
42.94996
42.96107
42.97243
42.98334
42.99444
43.00545
43.01674
43.0278
43.03886
43.04997
43.06151
43.07973
43.08648
43.09408
43.10484
43.11588
43.12704
43.13812
43.14924
43.16029
43.17155
43.18255
43.19365
43.20482
43.21634
43.23385
43.24149
43.24936
43.2604
43.27148
43.28256
43.29361
43.30468
43.31582
43.32691
43.33816
43.34911
43.36023
43.37214
43.39
43.397
43.40468
43.41579
43.42687
43.43803
43.4491
43.46016
43.47192
43.48237
43.49345
43.50459
43.51568
43.5273
43.5451
43.55276
43.56014
43.57123
43.58273
43.59345
43.60457
43.61563
43.62674
43.63787
43.64896
43.66005
43.67117
43.68278
43.7001
43.70731
43.71562
43.72676
43.7378
43.74891
43.76017
43.77129
43.78236
43.7935
43.8046
43.81567
43.82676
43.83843
43.85539
43.86303
43.87124
43.88237
43.89344
43.90483
43.91608
43.92725
43.93832
43.94942
43.96051
43.97166
43.98278
43.99437
44.01179
44.01937
44.02698
44.03811
44.04924
44.06036
44.07156
44.08288
44.09418
44.10481
44.11584
44.127
44.13807
44.14969
44.16705
44.17484
44.18255
44.19368
44.20473
44.2158
44.22685
44.23867
44.24911
44.26021
44.27126
44.28243
44.29351
44.30513
44.32238
44.32982
44.33794
44.34902
44.36014
44.37141
44.38251
44.39364
44.4047
44.41577
44.42686
44.43806
44.44923
44.46071
44.47898
44.48595
44.49299
44.50408
44.51524
44.52634
44.53746
44.54851
44.5597
44.57079
44.58194
44.5929
44.60403
44.6157
44.63324
44.63992
44.64854
44.65963
44.67067
44.68188
44.693
44.70403
44.7152
44.72634
44.73734
44.74845
44.75956
44.77117
44.78888
44.79646
44.80398
44.8153
44.82624
44.83729
44.84854
44.85962
44.87072
44.88187
44.89299
44.90407
44.91517
44.92683
44.94475
44.95139
44.95942
44.97049
44.98167
44.99279
45.00382
45.01501
45.02607
45.03714
45.04829
45.05938
45.07059
45.08219
45.09978
45.10659
45.11493
45.12608
45.13716
45.14821
45.15928
45.17041
45.18156
45.19267
45.20375
45.2151
45.22613
45.23788
45.25562
45.2633
45.27058
45.28148
45.29263
45.3037
45.31484
45.32593
45.33704
45.34824
45.35923
45.37039
45.38147
45.39307
45.41068
45.41714
45.42584
45.43698
45.44809
45.45915
45.47028
45.48144
45.49247
45.5036
45.51476
45.52581
45.53693
45.54852
45.566
45.57297
45.58138
45.59252
45.60359
45.61475
45.62606
45.63712
45.64821
45.65934
45.67075
45.68158
45.6927
45.70428
45.72222
45.72943
45.73685
45.74793
45.759
45.77018
45.78132
45.79242
45.80345
45.81455
45.82564
45.83678
45.84786
45.85952
45.87719
45.88425
45.89231
45.90341
45.9145
45.92559
45.93669
45.94778
45.9589
45.97009
45.98117
45.99223
46.00329
46.01496
46.03209
46.03872
46.04783
46.05891
46.07001
46.08123
46.09238
46.10341
46.11452
46.12566
46.13677
46.1479
46.15892
46.17056
46.18801
46.19538
46.20338
46.21452
46.22556
46.23695
46.24809
46.25924
46.2704
46.28148
46.29264
46.30364
46.31478
46.32633
46.34343
46.35098
46.35915
46.37025
46.38142
46.39248
46.40356
46.41472
46.42582
46.43688
46.44803
46.45909
46.47018
46.4819
46.49923
46.50569
46.5146
46.5257
46.53688
46.54799
46.55908
46.57015
46.58134
46.59249
46.60354
46.6146
46.62577
46.63733
46.65471
46.66145
46.67018
46.68128
46.69238
46.70345
46.71456
46.72565
46.73677
46.74787
46.75904
46.77014
46.78133
46.7928
46.81055
46.81814
46.82532
46.8364
46.84753
46.85862
46.86971
46.88092
46.89202
46.90307
46.91415
46.92527
46.9364
46.94795
46.96538
46.97295
46.98082
46.99195
47.00303
47.01409
47.02515
47.03631
47.04763
47.05861
47.06966
47.08087
47.09184
47.10347
47.12122
47.12885
47.1363
47.14737
47.15844
47.16959
47.1809
47.19183
47.20292
47.21405
47.22522
47.2366
47.24734
47.259
47.27679
47.28437
47.29163
47.30275
47.31383
47.32497
47.33608
47.34719
47.35825
47.36945
47.38132
47.39159
47.40274
47.41428
47.43169
47.43925
47.44718
47.45819
47.46935
47.48073
47.49154
47.50268
47.51371
47.52486
47.53591
47.54702
47.55814
47.56976
47.58717
47.59424
47.60257
47.61369
47.62476
47.63619
47.64748
47.65857
47.66969
47.68109
47.69191
47.70307
47.71408
47.72572
47.74383
47.75128
47.75823
47.76913
47.78028
47.79132
47.80244
47.81358
47.82467
47.83575
47.84686
47.85794
47.86908
47.88071
47.89775
47.90454
47.91353
47.92466
47.93573
47.94685
47.95795
47.96917
47.98016
47.9913
48.00238
48.01368
48.0246
48.03617
48.0546
48.06132
48.06898
48.08011
48.09119
48.10246
48.11345
48.12456
48.1356
48.14674
48.3658
48.37362
48.38045
48.39112
48.40219
48.4133
48.42439
48.43545
48.44656
48.4577
48.46879
48.47992
48.49099
48.50259
48.52013
48.52708
48.53547
48.54654
48.55767
48.56877
48.57984
48.59101
48.60215
48.61319
48.62428
48.63538
48.64645
48.65807
48.67567
48.68358
48.69095
48.70236
48.71317
48.72429
48.89121
48.90222
48.91334
48.92443
49.10182
49.11294
49.12452
49.14184
49.14935
49.15737
49.16845
49.17956
49.1907
49.20185
49.21303
49.22433
49.23635
49.24621
49.25737
49.26842
49.28
49.29766
49.3048
49.31282
49.3239
49.33504
49.34612
49.35724
49.36835
49.37945
49.3906
49.40175
49.4129
49.42395
49.43547
49.45316
49.46104
49.46858
49.47978
49.49083
49.50198
49.51308
49.52417
49.53542
49.5466
49.55751
49.56881
49.57984
49.59132
49.60937
49.61693
49.62381
49.63695
49.64726
49.65709
49.6696
49.67933
49.69044
49.70165
49.71337
49.72382
49.73489
49.74646
49.76429
49.77676
49.78369
49.79391
49.80154
49.81266
49.82403
49.83484
49.84587
49.85735
49.86813
49.87924
49.89058
49.90223
49.92
49.92706
49.93558
49.9459
49.95707
49.96808
49.97916
49.99034
50.00138
50.07501
50.08237
50.09021
50.10136
50.11241
50.12355
50.13464
50.14571
50.15685
50.16794
50.1791
50.19017
50.20128
50.21288
50.23014
50.23744
50.24571
50.25682
50.26788
50.2791
50.29037
50.30153
50.31266
50.32372
50.33478
50.34595
50.35696
50.36857
50.38588
50.39268
50.40149
50.41261
50.42362
50.43498
50.4462
50.45747
50.46838
50.47952
50.49059
50.50171
50.51283
50.5244
50.54188
50.54908
50.55703
50.5681
50.57925
50.59045
50.60146
50.61256
50.62365
50.63477
50.64582
50.65697
50.66809
50.67965
50.69697
50.70436
50.71253
50.72369
50.73472
50.7458
50.75697
50.76805
50.77916
50.79073
50.80141
50.81246
50.82352
50.83516
50.85293
50.8605
50.8677
50.87888
50.89017
50.90108
50.91218
50.92324
50.93434
50.94547
50.95655
50.96763
50.97883
50.99076
51.00827
51.01583
51.02311
51.03418
51.0454
51.05649
51.06752
51.07865
51.08976
51.10085
51.11195
51.12306
51.13415
51.14574
51.16356
51.17117
51.17856
51.18967
51.20076
51.21188
51.22314
51.23477
51.24532
51.25635
51.26741
51.27852
51.28965
51.30124
51.31856
51.32521
51.33409
51.34522
51.35629
51.36745
51.37854
51.38964
51.4008
51.41186
51.42295
51.43405
51.44518
51.45676
51.47385
51.48163
51.4896
51.50071
51.51181
51.52316
51.53448
51.54569
51.55671
51.56783
51.5789
51.59
51.60115
51.61271
51.63048
51.63858
51.64545
51.65623
51.66768
51.67873
51.68957
51.70084
51.71192
51.72296
51.73411
51.74512
51.75631
51.7678
51.78577
51.79354
51.80053
51.81156
51.82268
51.83376
51.84489
51.85601
51.86712
51.87828
51.88954
51.90045
51.91157
51.92314
51.9407
51.94738
51.95593
51.96705
51.97815
51.98925
52.00037
52.0115
52.02271
52.03376
52.045
52.0559
52.06736
52.07866
52.09683
52.10392
52.11139
52.12255
52.13366
52.14477
52.15583
52.16699
52.17809
52.18918
52.20032
52.21138
52.22287
52.23408
52.25194
52.25933
52.26692
52.27803
52.28913
52.30023
52.31132
52.32243
52.33351
52.34468
52.35573
52.3669
52.378
52.38956
52.40675
52.41338
52.42236
52.43352
52.44458
52.45569
52.4669
52.47794
52.48909
52.50013
52.51131
52.52252
52.53355
52.54517
52.56303
52.57052
52.57787
52.58896
52.60007
52.61118
52.62226
52.63341
52.64448
52.65558
52.66686
52.67779
52.68889
52.70054
52.71775
52.72441
52.73339
52.74445
52.75558
52.76672
52.77776
52.78887
52.80003
52.81109
52.82215
52.83329
52.84451
52.85598
52.87391
52.8814
52.88881
52.89994
52.91101
52.92212
52.93322
52.94434
52.95541
52.96652
52.97763
52.98878
52.9999
53.01144
53.02853
53.03541
53.04441
53.05538
53.06652
53.07766
53.08871
53.09999
53.11101
53.12202
53.13319
53.14426
53.15536
53.16696
53.18487
53.1926
53.1998
53.21097
53.22202
53.23314
53.24431
53.25538
53.2665
53.27751
53.2886
53.29975
53.31083
53.32242
53.33976
53.34646
53.35528
53.36636
53.3775
53.38857
53.39967
53.41082
53.42193
53.43307
53.4441
53.45536
53.46634
53.47789
53.49606
53.50355
53.51074
53.52182
53.53289
53.544
53.55518
53.56649
53.57743
53.58852
53.59984
53.61105
53.62193
53.63352
53.65083
53.65841
53.66624
53.67731
53.68839
53.6995
53.71068
53.72179
53.73281
53.74395
53.75507
53.76614
53.77728
53.78886
53.80628
53.81345
53.82164
53.83282
53.84387
53.85507
53.86637
53.87769
53.88877
53.89999
53.91106
53.92215
53.93324
53.94479
53.96254
53.9693
53.97729
53.98835
53.99954
54.0106
54.02184
54.03282
54.04389
54.05505
54.06615
54.07735
54.08843
54.10011
54.11786
54.1241
54.13263
54.14372
54.15483
54.16594
54.17708
54.18816
54.19928
54.21056
54.22152
54.23264
54.24379
54.25528
54.27216
54.27848
54.28812
54.29922
54.31032
54.32143
54.33258
54.34362
54.35475
54.36583
54.37696
54.38808
54.3992
54.41077
54.4283
54.43509
54.44357
54.45472
54.46582
54.47712
54.48834
54.49946
54.51061
54.52169
54.53278
54.54388
54.55498
54.56659
54.58424
54.5918
54.5993
54.6105
54.62164
54.63266
54.64377
54.65486
54.66594
54.67707
54.68816
54.69927
54.71043
54.72211
54.73948
54.74611
54.75499
54.76604
54.77715
54.78832
54.79926
54.81033
54.82141
54.8328
54.84361
54.85482
54.86581
54.87745
54.89541
54.90254
54.91004
54.92118
54.93229
54.94335
54.95444
54.96556
54.97667
54.98779
54.99887
55.01
55.02114
55.03272
55.05027
55.05707
55.06557
55.07667
55.08793
55.09888
55.10999
55.12104
55.13215
55.14333
55.15436
55.16548
55.17661
55.18819
55.20558
55.21294
55.221
55.23217
55.24324
55.25465
55.26572
55.27681
55.28795
55.29902
55.31013
55.32125
55.33233
55.34394
55.36145
55.36842
55.37682
55.38787
55.39899
55.41029
55.42133
55.43246
55.44353
55.45468
55.46574
55.47688
55.48801
55.49963
55.51684
55.52439
55.53245
55.54353
55.55459
55.56583
55.57689
55.58793
55.59903
55.61029
55.62128
55.6324
55.64347
55.65512
55.6732
55.68061
55.68748
55.69861
55.70965
55.72069
55.73184
55.74297
55.75405
55.7652
55.7763
55.78741
55.79852
55.81014
55.82781
55.83535
55.84299
55.85399
55.8652
55.87631
55.88734
55.89847
55.90958
55.92065
55.93171
55.94285
55.95399
55.96556
55.98281
55.99026
55.99839
56.00952
56.02057
56.03181
56.04293
56.05401
56.06511
56.07634
56.08735
56.09871
56.10961
56.12117
56.13828
56.14494
56.15403
56.16509
56.17624
56.18755
56.19941
56.21022
56.22128
56.23239
56.24346
56.25465
56.26575
56.27729
56.2945
56.30131
56.31006
56.32117
56.33221
56.34331
56.35442
56.36549
56.37663
56.38771
56.39917
56.40996
56.42107
56.43265
56.44953
56.45712
56.46548
56.47659
56.48769
56.49937
56.50993
56.52099
56.53215
56.54321
56.55433
56.56545
56.57651
56.58814
56.60563
56.61253
56.6207
56.6318
56.64297
56.65409
56.66519
56.67635
56.68735
56.69884
56.70971
56.72078
56.73181
56.74344
56.76089
56.76842
56.77619
56.78735
56.79836
56.80957
56.82058
56.83167
56.84278
56.85389
56.86497
56.87616
56.88726
56.89884
56.91579
56.92322
56.93164
56.94278
56.95386
56.96493
56.97635
56.98719
56.99825
57.00935
57.02048
57.03161
57.04274
57.05434
57.07224
57.0797
57.08709
57.09784
57.10903
57.12005
57.13114
57.14222
57.15339
57.16449
57.17562
57.18665
57.19783
57.20939
57.22705
57.23595
57.24242
57.25343
57.26443
57.27553
57.28667
57.29776
57.30893
57.31997
57.3311
57.34224
57.35324
57.36485
57.38253
57.38919
57.39771
57.40882
57.41986
57.43114
57.44236
57.45349
57.46457
57.47567
57.48672
57.49786
57.50896
57.52055
57.57563
57.5867
57.59778
57.60887
57.62009
57.63108
57.64275
57.65344
57.66445
57.67602
57.69371
57.70028
57.70889
57.71997
57.73105
57.74231
57.75365
57.7644
57.77554
57.78665
57.79773
57.80877
57.81996
57.83152
57.8481
57.85545
57.86429
57.87543
57.88651
57.89767
57.90881
57.91991
57.93093
57.9421
57.95313
57.96429
57.97541
57.987
58.00517
58.0124
58.0196
58.03069
58.04185
58.05301
58.06405
58.07516
58.0863
58.0974
58.10848
58.1198
58.1307
58.14223
58.15921
58.16581
58.17512
58.18618
58.19734
58.20838
58.21949
58.23058
58.24173
58.25281
58.26394
58.27509
58.28622
58.29772
58.31561
58.32326
58.33053
58.34164
58.35276
58.36386
58.37498
58.38617
58.39719
58.40831
58.4194
58.43055
58.44164
58.45323
58.47032
58.47717
58.48603
58.49717
58.50831
58.5194
58.53051
58.5416
58.55265
58.56379
58.57493
58.58603
58.59712
58.60963
58.62914
58.63649
58.6435
58.65266
58.66376
58.67488
58.68587
58.69708
58.7082
58.71922
58.73037
58.79709
58.80822
58.81923
58.83029
58.84143
58.8525
58.86369
58.87473
58.88587
58.89692
58.90808
58.91985
58.93714
58.94473
58.95246
58.96356
58.97477
58.98595
58.99693
59.00801
59.01918
59.03045
59.04137
59.05257
59.0638
59.07565
59.09299
59.10056
59.10844
59.11946
59.13059
59.14171
59.15284
59.16388
59.17497
59.18608
59.19721
59.20837
59.21952
59.23104
59.24924
59.25648
59.26345
59.27455
59.28559
59.29675
59.30793
59.31894
59.33
59.34121
59.35228
59.36336
59.3746
59.38623
59.40395
59.41147
59.4189
59.42997
59.44109
59.45225
59.4633
59.4744
59.48561
59.49661
59.50782
59.51889
59.53
59.54158
59.55916
59.56614
59.57439
59.58546
59.59665
59.60775
59.61888
59.62992
59.64101
59.65212
59.66323
59.6743
59.68544
59.69705
59.71392
59.72081
59.7299
59.74094
59.75215
59.7634
59.77457
59.78566
59.79673
59.80796
59.81907
59.83015
59.84158
59.85287
59.8707
59.87744
59.88535
59.89643
59.90779
59.91867
59.92975
59.9409
59.95197
59.96306
59.97422
59.98531
59.99644
60.0085
60.02583
60.03292
60.0409
60.05208
60.06306
60.07421
60.08526
60.09634
60.1078
60.11858
60.12971
60.14077
60.15191
60.16353
60.18041
60.18797
60.19635
60.20755
60.21854
60.22966
60.2408
60.25186
60.26302
60.27418
60.28515
60.29633
60.30754
60.31901
60.33691
60.34393
60.35178
60.36293
60.37402
60.38521
60.39633
60.40764
60.41853
60.42964
60.4407
60.45179
60.46297
60.47448
60.49237
60.49986
60.50728
60.51839
60.5295
60.5739
60.58498
60.59641
60.6073
60.61846
60.63011
60.64769
60.65432
60.6627
60.67393
60.68511
60.69611
60.70717
60.71845
60.72939
60.74048
60.75164
60.76268
60.77383
60.78542
60.80254
60.80936
60.81831
60.82937
60.8405
60.85159
60.86272
60.87402
60.88504
60.89611
60.90723
60.9183
60.92938
60.94095
60.95889
60.96539
60.97373
60.98476
60.99585
61.00697
61.01815
61.02929
61.04029
61.05149
61.06252
61.0736
61.08468
61.09634
61.11393
61.12138
61.1292
61.14028
61.15136
61.16247
61.17357
61.18475
61.19577
61.20697
61.21807
61.22911
61.24026
61.25182
61.2688
61.27636
61.28465
61.29571
61.3069
61.31826
61.32938
61.34047
61.35154
61.36266
61.37375
61.38488
61.44018
61.45129
61.46239
61.47349
61.48459
61.49581
61.5068
61.51797
61.52908
61.54012
61.55128
61.56283
61.58067
61.58734
61.5957
61.60675
61.61795
61.62895
61.64011
61.6512
61.66238
61.67347
61.68456
61.69561
61.70671
61.71834
61.73527
61.74208
61.75117
61.76228
61.77336
61.78456
61.79556
61.80667
61.81778
61.82886
61.83995
61.85108
61.86222
61.87386
61.98484
61.99593
62.00703
62.01815
62.02981
62.04829
62.05542
62.06235
62.07318
62.08442
62.09536
62.10642
62.11757
62.12862
62.13973
62.15088
62.16198
62.1731
62.18468
62.20182
62.20942
62.21753
62.22861
62.23968
62.25086
62.26195
62.27312
62.28417
62.29526
62.30645
62.31749
62.32855
62.34015
62.35824
62.36537
62.37298
62.38408
62.39519
62.40632
62.4175
62.42854
62.43973
62.45073
62.46187
62.47292
62.484
62.49586
62.5176
62.52858
62.53957
62.55067
62.56174
62.57285
62.6395
62.65115
62.66874
62.67536
62.68389
62.69507
62.70629
62.71726
62.72842
62.73971
62.7508
62.76194
62.77306
62.78421
62.79525
62.80688
62.82521
62.83237
62.83938
62.85055
62.8616
62.87275
62.88386
62.895
62.90603
62.91728
62.92829
62.93941
62.95049
62.96207
62.98034
62.98738
62.99498
63.00603
63.01717
63.02827
63.03929
63.05061
63.06154
63.07265
63.0838
63.09484
63.10596
63.11758
63.13475
63.14231
63.15041
63.16148
63.17258
63.18374
63.19481
63.20586
63.21706
63.22828
63.23927
63.25034
63.26144
63.27303
63.29078
63.29828
63.30584
63.31696
63.32804
63.33913
63.3505
63.36148
63.37258
63.38371
63.39481
63.40591
63.41705
63.42865
63.44571
63.4523
63.46144
63.47259
63.48363
63.49482
63.50591
63.51701
63.52813
63.53922
63.55032
63.56144
63.57251
63.5841
63.60161
63.60838
63.61699
63.62805
63.63913
63.65047
63.66166
63.67274
63.68384
63.69498
63.70623
63.71721
63.72827
63.73987
63.75718
63.76487
63.77269
63.78382
63.79491
63.80607
63.81713
63.8282
63.83935
63.85052
63.86163
63.87286
63.88379
63.89536
63.91316
63.92048
63.92797
63.93894
63.95004
63.96117
63.97221
63.98335
63.99448
64.00558
64.01678
64.02782
64.03898
64.05071
64.06794
64.0754
64.08343
64.09444
64.10553
64.11667
64.12777
64.1389
64.14993
64.1611
64.32755
64.33865
64.34976
64.36136
64.379
64.38572
64.3942
64.40532
64.41671
64.42756
64.43861
64.44971
64.46082
64.47201
64.48304
64.49414
64.50529
64.51693
64.53362
64.54024
64.54969
64.5608
64.57188
64.58315
64.59432
64.80602
64.81717
64.82865
64.84629
64.85311
64.86123
64.87242
64.88342
64.89451
64.90562
64.9167
64.92779
64.93895
64.95
64.96114
64.97235
64.98386
65.00127
65.00893
65.01653
65.02772
65.03876
65.04993
65.06104
65.07225
65.0834
65.09441
65.10544
65.1165
65.12769
65.13924
65.15661
65.16409
65.1721
65.18319
65.19426
65.20535
65.21648
65.22762
65.23872
65.24985
65.26093
65.27201
65.28314
65.29475
65.31218
65.31993
65.32749
65.3387
65.34969
65.36081
65.3719
65.38306
65.39413
65.40524
65.41633
65.42747
65.43888
65.45014
65.46755
65.47476
65.48298
65.49405
65.5052
65.51627
65.52744
65.53848
65.54962
65.56071
65.57181
65.58293
65.59405
65.60561
65.62354
65.63081
65.63802
65.65213
65.66325
65.67433
65.68642
65.69708
65.70776
65.71879
65.72994
65.74105
65.75219
65.76376
65.78484
65.79505
65.80505
65.81493
65.82578
65.86874
65.87813
65.88642
65.89433
65.90514
65.91688
65.93769
65.94584
65.95363
65.96162
65.97153
65.98235
65.99342
66.00446
66.01562
66.02678
66.03791
66.04901
66.06007
66.07168
66.09095
66.09885
66.10587
66.11558
66.12674
66.13777
66.14887
66.15997
66.17106
66.1822
66.1933
66.20439
66.21552
66.22714
66.24554
66.25249
66.25995
66.27103
66.28223
66.29326
66.30434
66.31543
66.32657
66.33766
66.34882
66.35986
66.37096
66.38261
66.3998
66.40594
66.41573
66.42661
66.43763
66.44874
66.45981
66.47091
66.48201
66.49324
66.5043
66.5154
66.52649
66.53805
66.55617
66.56313
66.57096
66.58206
66.59313
66.60424
66.61537
66.6265
66.63755
66.64863
66.6597
66.67084
66.68193
66.69357
66.71073
66.71845
66.72652
66.7375
66.74856
66.75966
66.77075
66.78189
66.79301
66.80407
66.81527
66.82642
66.83743
66.84905
66.86697
66.87435
66.88186
66.89297
66.90406
66.91527
66.92631
66.93742
66.94858
66.95961
66.9707
66.98181
66.99286
67.0045
67.02155
67.02818
67.0373
67.04841
67.05956
67.07063
67.08176
67.09295
67.104
67.11539
67.12619
67.13737
67.1484
67.16002
67.17757
67.18485
67.19278
67.20391
67.21506
67.22639
67.23759
67.24873
67.25979
67.27088
67.28204
67.29307
67.30415
67.31581
67.33342
67.34081
67.34857
67.35966
67.3707
67.38187
67.39295
67.40406
67.41512
67.42635
67.43739
67.4485
67.45962
67.47116
67.48814
67.49487
67.50407
67.51508
67.52647
67.53731
67.54843
67.55959
67.57066
67.58173
67.59286
67.60395
67.61503
67.62684
67.64424
67.6513
67.65945
67.67053
67.68169
67.69289
67.70396
67.71513
67.72618
67.7373
67.74847
67.75948
67.77066
67.78223
67.79968
67.80637
67.81499
67.82617
67.83726
67.84836
67.85957
67.87057
67.88169
67.8928
67.90388
67.91502
67.92616
67.9377
67.95628
67.96367
67.97044
67.9813
67.99239
68.00352
68.0146
68.02581
68.0368
68.048
68.05921
68.07018
68.08128
68.09289
68.11134
68.11854
68.12569
68.13682
68.14816
68.159
68.17005
68.18134
68.19244
68.20345
68.21458
68.22562
68.23671
68.24837
68.26617
68.27327
68.28117
68.29224
68.30334
68.31447
68.32562
68.33681
68.34785
68.35889
68.37
68.38115
68.39222
68.40378
68.42118
68.42795
68.43666
68.44778
68.45886
68.46993
68.48106
68.49223
68.50333
68.51448
68.52551
68.53671
68.54781
68.55936
68.57698
68.5844
68.59217
68.60326
68.61441
68.62566
68.63683
68.64787
68.65897
68.67039
68.68122
68.69234
68.70342
68.71501
68.73217
68.73949
68.74782
68.75894
68.77006
68.7812
68.79228
68.80338
68.81449
68.82558
68.8367
68.84784
68.8589
68.87051
68.88782
68.89532
68.90337
68.91447
68.9256
68.93697
68.94801
68.95912
68.97018
68.98135
68.99242
69.00352
69.01468
69.02624
69.04581
69.05346
69.06042
69.06966
69.08079
69.09187
69.10299
69.11405
69.12515
69.13634
69.14742
69.38063
69.39169
69.40287
69.41395
69.42505
69.43612
69.44722
69.4585
69.46978
69.48092
69.4925
69.50977
69.51659
69.52539
69.53646
69.54752
69.55884
69.56994
69.58106
69.59221
69.60339
69.61441
69.62549
69.63662
69.6482
69.66543
69.67208
69.68106
69.69225
69.70327
69.71438
69.72544
69.73656
69.74767
69.75879
69.76989
69.78096
69.79212
69.80373
69.82114
69.82838
69.83644
69.84776
69.85866
69.86969
69.8808
69.89187
69.90298
69.91427
69.92525
69.93629
69.94753
69.95901
69.97636
69.98331
69.99183
70.00292
70.01407
70.02515
70.03632
70.04741
70.05853
70.0696
70.08085
70.0918
70.10286
70.11451
70.13206
70.14001
70.14725
70.1583
70.16943
70.18052
70.19163
70.20271
70.21381
70.22498
70.23648
70.24718
70.25833
70.26997
70.28816
70.29516
70.30244
70.31351
70.32455
70.33605
70.34689
70.35801
70.36898
70.3801
70.39122
70.40237
70.41341
70.425
70.44297
70.44982
70.45785
70.46909
70.48013
70.49118
70.50243
70.51363
70.52445
70.53606
70.54687
70.55794
70.56913
70.58064
70.5981
70.60475
70.61334
70.62448
70.63593
70.64668
70.65772
70.66886
70.68001
70.69114
70.70219
70.71327
70.72438
70.73679
70.7541
70.76101
70.76886
70.77992
70.79103
70.80218
70.81325
70.82432
70.83566
70.84656
70.85769
70.86871
70.87987
70.89144
70.90854
70.91531
70.92435
70.93571
70.94651
70.95766
70.96868
70.97977
70.99093
71.00203
71.01313
71.02433
71.03555
71.04695
71.06469
71.07211
71.07982
71.09097
71.10205
71.11306
71.12424
71.13549
71.14648
71.1576
71.16866
71.17976
71.19093
71.2025
71.22058
71.22816
71.23658
71.24647
71.25749
71.26855
71.2797
71.29079
71.30193
71.31313
71.32416
71.33536
71.34645
71.3579
71.37543
71.38299
71.3907
71.40185
71.41299
71.42401
71.43523
71.44626
71.45731
71.46847
71.47953
71.49068
71.50182
71.51344
71.53022
71.53698
71.5462
71.55734
71.5684
71.57956
71.59088
71.60218
71.61318
71.62427
71.63537
71.64658
71.65762
71.66923
71.68589
71.69339
71.70201
71.71321
71.72423
71.73559
71.74692
71.75832
71.76943
71.78056
71.79166
71.80276
71.81395
71.82547
71.84274
71.84939
71.85773
71.86884
71.88
71.89103
71.90218
71.91335
71.92442
71.93549
71.9466
71.95769
71.96881
71.9804
72.00155
72.01321
72.02435
72.0354
72.04668
72.05774
72.06886
72.07984
72.09093
72.10209
72.11319
72.12427
72.13589
72.15327
72.16
72.16868
72.17989
72.19083
72.20193
72.21307
72.22427
72.23591
72.24641
72.25769
72.26865
72.2797
72.29133
72.30865
72.31621
72.3242
72.33528
72.34641
72.35766
72.3687
72.3798
72.39082
72.40191
72.41299
72.42407
72.43517
72.44698
72.46407
72.47159
72.47961
72.49072
72.50178
72.51292
72.52405
72.53519
72.54624
72.55733
72.56853
72.57956
72.59067
72.60226
72.61932
72.6258
72.63511
72.64627
72.65727
72.66862
72.6797
72.69083
72.70193
72.71303
72.72415
72.73523
72.74636
72.75792
72.77491
72.78157
72.79082
72.80188
72.81296
72.82413
72.83526
72.84644
72.85771
72.86858
72.87968
72.89079
72.90189
72.91353
72.9304
72.93711
72.94632
72.95741
72.96848
72.97971
72.99084
73.00209
73.01302
73.0242
73.03531
73.04641
73.05754
73.06915
73.08707
73.0938
73.10097
73.11234
73.12317
73.13432
73.14545
73.15655
73.16765
73.1787
73.18981
73.20093
73.21203
73.22382
73.24377
73.25144
73.25858
73.26752
73.27866
73.28975
73.30083
73.31198
73.32307
73.33417
73.34538
73.35646
73.36749
73.37917
73.39629
73.40405
73.41206
73.42315
73.43423
73.44543
73.45641
73.46751
73.47857
73.48965
73.50082
73.51195
73.52299
73.53456
73.55365
73.56079
73.56777
73.57853
73.5896
73.60071
73.61182
73.62294
73.63401
73.64518
73.65637
73.66738
73.67847
73.69004
73.70769
73.71486
73.72283
73.73398
73.74512
73.75619
73.76731
73.77837
73.78953
73.80076
73.81173
73.82281
73.83395
73.8456
73.86227
73.86931
73.87837
73.88949
73.90055
73.91165
73.92292
73.93385
73.945
73.95641
73.96743
73.97855
73.98966
74.00127
74.01885
74.02537
74.03413
74.0453
74.05634
74.06757
74.07864
74.08973
74.10081
74.11193
74.12305
74.13414
74.14534
74.15686
74.17376
74.18037
74.18969
74.20083
74.2119
74.223
74.23408
74.24557
74.25643
74.2674
74.27853
74.28963
74.30073
74.31232
74.32983
74.3374
74.3453
74.3563
74.36733
74.37854
74.38964
74.40068
74.41184
74.42297
74.43401
74.44547
74.45654
74.46815
74.48655
74.49376
74.50069
74.51134
74.52248
74.53359
74.54523
74.55585
74.56731
74.57813
74.58921
74.60056
74.6115
74.62312
74.64076
74.64799
74.65573
74.66687
74.67799
74.68903
74.70018
74.71136
74.72236
74.73347
74.74461
74.75578
74.76682
74.7784
74.79566
74.80247
74.81123
74.82245
74.83348
74.84454
74.85598
74.86681
74.87789
74.88906
74.90013
74.91125
74.92243
74.93391
74.951
74.9584
74.96676
74.97784
74.98894
75.00041
75.01172
75.02287
75.03391
75.04502
75.05621
75.06731
75.07841
75.08997
75.10786
75.11539
75.12257
75.13336
75.14439
75.15551
75.16668
75.17767
75.18882
75.19991
75.21099
75.22223
75.23336
75.24499
75.265
75.27244
75.2794
75.28879
75.29987
75.31096
75.32209
75.33318
75.34431
75.35548
75.36648
75.37768
75.38877
75.40036
75.41773
75.42454
75.54424
75.55582
75.6108
75.62193
75.63303
75.64415
75.65529
75.66639
75.67746
75.68853
75.69997
75.71168
75.7289
75.73623
75.7446
75.75565
75.76674
75.77789
75.78894
75.80008
75.81114
75.8223
75.83337
75.84447
75.85564
75.86718
75.88458
75.89127
75.90001
75.91119
75.92226
75.93337
75.94448
75.95561
75.96674
75.9778
75.98892
76.00002
76.01127
76.02277
76.04047
76.04772
76.05515
76.06629
76.0774
76.08854
76.09965
76.11076
76.12177
76.13289
76.14398
76.15511
76.16622
76.17781
76.19527
76.20284
76.21071
76.2218
76.23285
76.24394
76.25506
76.26621
76.27732
76.2884
76.29947
76.31059
76.32172
76.33331
76.35117
76.35827
76.36598
76.37715
76.38822
76.39933
76.4105
76.42153
76.43266
76.44373
76.45489
76.46597
76.47703
76.48867
76.50584
76.51344
76.5215
76.53262
76.54376
76.55495
76.56597
76.57708
76.5882
76.59928
76.61042
76.62144
76.63258
76.64412
76.66197
76.6695
76.677
76.6881
76.69921
76.71041
76.7215
76.73262
76.74372
76.75489
76.76588
76.77705
76.78815
76.79978
76.81669
76.82376
76.83256
76.84365
76.85483
76.86584
76.87699
76.88806
76.89922
76.9103
76.92142
76.93251
76.94359
76.95528
76.97276
76.98052
76.988
76.99925
77.01031
77.02158
77.03273
77.04382
77.05491
77.06609
77.07726
77.08827
77.09938
77.11098
77.12885
77.13637
77.14343
77.15452
77.16562
77.17672
77.18783
77.19891
77.21014
77.22135
77.23232
77.24345
77.25453
77.26611
77.28361
77.29027
77.29885
77.31002
77.32111
77.33219
77.34328
77.35456
77.36548
77.37663
77.38773
77.39885
77.40995
77.42153
77.43858
77.44534
77.45434
77.46548
77.47658
77.48788
77.49912
77.51024
77.52131
77.53249
77.54356
77.55469
77.56577
77.5774
77.59547
77.604
77.61126
77.62099
77.63216
77.64318
77.65434
77.66546
77.67645
77.68758
77.69873
77.7098
77.72092
77.7325
77.75001
77.75732
77.76532
77.77641
77.78751
77.79862
77.80983
77.82088
77.83196
77.84308
77.85421
77.86532
77.87647
77.88805
77.9057
77.91235
77.92081
77.93188
77.943
77.95415
77.96535
77.97643
77.98756
77.99865
78.00977
78.02087
78.03202
78.04358
78.06181
78.06954
78.07658
78.08743
78.09846
78.1096
78.12068
78.13182
78.14297
78.15406
78.16512
78.17622
78.1874
78.19894
78.21576
78.2233
78.2317
78.24283
78.25404
78.26517
78.27625
78.28728
78.29836
78.30947
78.32058
78.33169
78.34277
78.35439
78.37189
78.3794
78.38728
78.39846
78.4095
78.4205
78.43188
78.44316
78.45425
78.46536
78.47644
78.48759
78.49867
78.51027
78.52762
78.53441
78.54314
78.55422
78.56535
78.57651
78.58749
78.59863
78.60973
78.62083
78.63198
78.64314
78.65428
78.66589
78.68373
78.69038
78.6982
78.70937
78.72038
78.7315
78.74262
78.75372
78.76482
78.77597
78.78706
78.79815
78.80925
78.82085
78.83867
78.84538
78.85371
78.86504
78.87593
78.88703
78.89812
78.90919
78.9203
78.93148
78.94251
78.95363
78.96472
78.9763
78.99391
79.0014
79.00916
79.02028
79.03145
79.04248
79.05371
79.06475
79.07579
79.08688
79.09799
79.10915
79.12022
79.13182
79.14906
79.15666
79.16467
79.17572
79.18688
79.19819
79.20933
79.22049
79.23158
79.24272
79.25383
79.26492
79.27596
79.28759
79.30515
79.31199
79.32038
79.33147
79.34263
79.35371
79.36479
79.37601
79.387
79.3981
79.40919
79.42029
79.4314
79.44305
79.46051
79.46768
79.47586
79.48695
79.49805
79.50917
79.5203
79.53139
79.54245
79.55363
79.56469
79.57581
79.58694
79.5985
79.61536
79.62249
79.6314
79.64246
79.6536
79.66485
79.67595
79.68704
79.69826
79.70939
79.72042
79.73151
79.74265
79.75427
79.77187
79.77929
79.78677
79.79782
79.80901
79.82011
79.83117
79.84234
79.85357
79.86475
79.8756
79.88669
79.89792
79.90939
79.92687
79.93352
79.94224
79.95366
79.9647
79.97561
79.98668
79.99781
80.00896
80.01998
80.03164
80.04224
80.0537
80.06499
80.08738
80.09785
80.10906
80.12005
80.13131
80.14234
80.15382
80.1646
80.17572
80.18691
80.19789
80.20927
80.2209
80.24007
80.24916
80.25611
80.26409
80.27521
80.28639
80.29748
80.30851
80.31957
80.33071
80.34192
80.35299
80.36402
80.37562
80.39348
80.4004
80.40842
80.41954
80.43074
80.44173
80.45308
80.46398
80.47503
80.48625
80.49731
80.50838
80.51952
80.53108
80.54967
80.55746
80.56436
80.57507
80.58611
80.59725
80.60834
80.61946
80.63057
80.64163
80.65279
80.66386
80.67496
80.68657
80.70359
80.71027
80.71944
80.73061
80.74165
80.75282
80.76386
80.77488
80.78598
80.79715
80.8083
80.81937
80.83043
80.84204
80.86007
80.86737
80.87482
80.88598
80.89713
80.90823
80.91936
80.9304
80.94146
80.95261
80.96378
80.97482
80.98597
80.99754
81.0145
81.02111
81.03035
81.04154
81.05263
81.06373
81.07482
81.08589
81.09696
81.10809
81.11918
81.13034
81.14147
81.153
81.17001
81.17721
81.18582
81.19698
81.20819
81.21931
81.23077
81.24202
81.25335
81.2645
81.27563
81.28677
81.29774
81.3094
81.32703
81.33441
81.34156
81.35272
81.36385
81.37497
81.38605
81.39714
81.40819
81.4194
81.43049
81.44155
81.45271
81.46426
81.48155
81.48923
81.49706
81.50828
81.51933
81.53041
81.54153
81.55262
81.56369
81.57481
81.58594
81.59702
81.60815
81.61974
81.6375
81.64533
81.65241
81.66354
81.67469
81.68578
81.69688
81.70798
81.71925
81.73019
81.74129
81.75245
81.76355
81.77522
81.79276
81.80054
81.80793
81.81902
81.83007
81.84122
81.85233
81.86355
81.87453
81.88564
81.89676
81.90787
81.91891
81.93055
81.94782
81.95541
81.96337
81.97456
81.98563
81.99676
82.00792
82.01903
82.03011
82.04132
82.05244
82.06345
82.07455
82.08619
82.10369
82.11125
82.11893
82.13012
82.1412
82.15252
82.16388
82.17462
82.18572
82.19682
82.20798
82.21907
82.23014
82.24174
82.26118
82.2681
82.27509
82.28528
82.29636
82.30755
82.31865
82.3297
82.34078
82.35194
82.36304
82.37411
82.38525
82.39683
82.41356
82.42033
82.42968
82.44075
82.45188
82.46301
82.47412
82.48523
82.49627
82.50737
82.51852
82.52963
82.54067
82.55231
82.56976
82.57716
82.58545
82.59636
82.60745
82.61854
82.62975
82.64069
82.65194
82.66306
82.67443
82.68554
82.69683
82.70833
82.72578
82.73369
82.74103
82.7523
82.76326
82.77436
82.78542
82.79652
82.80764
82.81881
82.8302
82.84099
82.85214
82.86378
82.88169
82.88921
82.89613
82.9072
82.91829
82.92935
82.94048
82.95159
82.96276
82.97385
82.98495
82.99605
83.00726
83.01877
83.03661
83.04423
83.05165
83.06271
83.07384
83.08493
83.09602
83.10714
83.11819
83.12933
83.14045
83.15154
83.1627
83.17434
83.19203
83.19947
83.20705
83.21819
83.22938
83.24043
83.25159
83.2627
83.27374
83.28483
83.29597
83.30708
83.31821
83.32974
83.34667
83.35336
83.36261
83.37374
83.38483
83.39599
83.40707
83.4182
83.42928
83.44044
83.45148
83.46265
83.47369
83.48532
83.50283
83.51048
83.51817
83.52926
83.54033
83.55165
83.56277
83.57384
83.58496
83.59606
83.60714
83.6183
83.6295
83.64097
83.65817
83.66534
83.67374
83.68486
83.696
83.70709
83.71821
83.72932
83.74039
83.75154
83.7627
83.77372
83.7848
83.79646
83.81363
83.82116
83.82928
83.84035
83.85154
83.86297
83.87423
83.88517
83.89632
83.90739
83.91847
83.92957
83.94066
83.95227
83.97037
83.97729
83.9845
83.99551
84.0066
84.01774
84.02887
84.04
84.05112
84.06291
84.0733
84.08436
84.09558
84.10715
84.12485
84.13239
84.1399
84.15103
84.16258
84.17323
84.18433
84.19544
84.20654
84.21761
84.22872
84.24001
84.25098
84.26307
84.28072
84.28828
84.29547
84.30663
84.31763
84.32875
84.33981
84.35087
84.36227
84.37314
84.38422
84.39539
84.40643
84.41814
84.4358
84.44339
84.45087
84.46207
84.47319
84.48418
84.49536
84.50644
84.51746
84.5286
84.53975
84.55081
84.56194
84.57352
84.59103
84.5984
84.60639
84.61743
84.62864
84.63968
84.6509
84.6621
84.67317
84.68424
84.69542
84.70657
84.71758
84.72917
84.74692
84.75443
84.762
84.77309
84.78424
84.79533
84.80647
84.81757
84.82874
84.86201
84.87337
84.88466
84.90234
84.90948
84.91759
84.92867
84.93976
84.95082
84.96213
84.97309
84.98414
84.99521
85.00638
85.01746
85.02854
85.04023
85.05772
85.06471
85.07307
85.08405
85.0952
85.10639
85.11752
85.12856
85.13967
85.15079
85.16193
85.17303
85.1843
85.19576
85.21291
85.22058
85.22858
85.23965
85.25077
85.26196
85.27309
85.28413
85.29523
85.30641
85.31742
85.32854
85.33965
85.35123
85.36929
85.37634
85.38374
85.39487
85.40594
85.41719
85.42818
85.43926
85.45039
85.46146
85.4726
85.4837
85.49481
85.50639
85.52383
85.53146
85.53917
85.55038
85.56137
85.57256
85.58366
85.59476
85.60586
85.61691
85.62813
85.63915
85.65032
85.66188
85.67971
85.68636
85.69468
85.70587
85.71693
85.72813
85.73919
85.75026
85.76139
85.77253
85.78358
85.79471
85.80595
85.81748
85.83421
85.84122
85.8503
85.86137
85.87245
85.88357
85.89468
85.9058
85.91685
85.92806
85.93945
85.95031
85.96144
85.97305
85.99068
85.99774
86.00576
86.01688
86.02801
86.0394
86.05023
86.06134
86.07246
86.08356
86.0947
86.10583
86.11697
86.1285
86.14617
86.15369
86.16136
86.17243
86.1835
86.19461
86.20576
86.21694
86.22796
86.23907
86.25017
86.26121
86.27238
86.28396
86.30146
86.30908
86.31674
86.32787
86.33894
86.35008
86.36117
86.37239
86.38343
86.39457
86.40575
86.41695
86.42789
86.43961
86.45662
86.46321
86.47227
86.48334
86.49447
86.5058
86.51691
86.52798
86.5391
86.55022
86.56133
86.57254
86.58356
86.59512
86.61274
86.61935
86.6279
86.63898
86.65012
86.66123
86.67227
86.6834
86.6945
86.7056
86.71677
86.72812
86.73897
86.75051
86.7678
86.7753
86.7834
86.79446
86.80553
86.81669
86.82789
86.83884
86.84996
86.86106
86.87222
86.88333
86.89441
86.906
86.92368
86.9304
86.93887
86.94986
86.96101
86.97205
86.98327
86.99448
87.00545
87.01652
87.02762
87.03872
87.04983
87.06144
87.07922
87.08635
87.09429
87.1053
87.1165
87.12759
87.13876
87.14975
87.16087
87.17206
87.18304
87.19414
87.20532
87.21686
87.23401
87.24138
87.24972
87.26083
87.27196
87.28297
87.29409
87.30522
87.31625
87.32742
87.33848
87.34959
87.36084
87.37238
87.39019
87.39777
87.40496
87.41613
87.42725
87.43834
87.4494
87.46053
87.47172
87.48273
87.49388
87.50496
87.51611
87.52766
87.54524
87.55222
87.56048
87.57162
87.58273
87.59377
87.60493
87.61603
87.62711
87.63821
87.64934
87.66042
87.67158
87.68314
87.69994
87.70689
87.71597
87.72704
87.73816
87.74948
87.7606
87.77181
87.78281
87.7939
87.80507
87.81613
87.82725
87.83889
87.85567
87.86335
87.87165
87.88274
87.89384
87.90525
87.91656
87.9279
87.93905
87.95014
87.96126
87.9724
87.98354
87.99508
88.01212
88.01945
88.02776
88.03885
88.04996
88.06123
88.07227
88.08343
88.0945
88.1055
88.11654
88.12766
88.13875
88.15039
88.16841
88.17554
88.18253
88.19344
88.20459
88.21568
88.22681
88.23792
88.24895
88.26011
88.27126
88.28236
88.29341
88.3051
88.32304
88.33031
88.33782
88.34893
88.36004
88.37115
88.38229
88.39336
88.40442
88.41552
88.42665
88.43775
88.44886
88.4605
88.47925
88.48631
88.49339
88.50442
88.51553
88.5266
88.53772
88.54881
88.55994
88.57108
88.58213
88.59329
88.60438
88.61599
88.63293
88.64043
88.64881
88.65992
88.67101
88.68205
88.69319
88.70444
88.71539
88.72655
88.73765
88.74872
88.75983
88.77151
88.78865
88.79636
88.80424
88.81541
88.82655
88.83759
88.84868
88.85979
88.87114
88.88247
88.89382
88.90492
88.91599
88.92759
88.94527
88.95194
88.96005
88.9711
88.98218
88.99326
89.00442
89.01547
89.02658
89.0377
89.04886
89.06
89.07153
89.08282
89.10099
89.10847
89.11522
89.1263
89.13744
89.14854
89.1596
89.17087
89.18184
89.193
89.20409
89.21523
89.22633
89.23796
89.25532
89.26279
89.2707
89.28182
89.2929
89.30403
89.31517
89.32623
89.3373
89.3485
89.35956
89.37069
89.38183
89.39336
89.41011
89.41685
89.42619
89.43729
89.44838
89.4595
89.47124
89.48207
89.49321
89.50435
89.51538
89.5265
89.53767
89.54919
89.566
89.57279
89.58205
89.59323
89.60426
89.61556
89.62698
89.63823
89.64934
89.66054
89.67157
89.68271
89.6938
89.70543
89.72328
89.7309
89.73787
89.74825
89.75935
89.77075
89.78156
89.79265
89.80375
89.81488
89.82594
89.8371
89.84818
89.85979
89.87908
89.88599
89.89289
89.90369
89.91479
89.92596
89.93707
89.94814
89.95931
89.97051
89.98147
89.99252
90.00369
90.01527
90.09255
90.10359
90.11468
90.12596
90.13702
90.14822
90.1592
90.17084
90.18842
90.1958
90.20358
90.21468
90.2258
90.23687
90.24796
90.25907
90.27019
90.28143
90.29253
90.3036
90.31472
90.32632
90.34432
90.35191
90.35908
90.37013
90.38129
90.3924
90.40343
90.41456
90.42569
90.4368
90.44789
90.459
90.47007
90.48169
90.49932
90.50645
90.51453
90.52562
90.53673
90.54781
90.55891
90.57003
90.58121
90.59231
90.6034
90.61443
90.62558
90.63717
90.65453
90.66148
90.66999
90.68111
90.69229
90.70342
90.71475
90.7258
90.73694
90.74802
90.75925
90.77029
90.78136
90.79294
90.81036
90.81711
90.82581
90.83689
90.84798
90.85933
90.87038
90.88148
90.89265
90.90368
90.91475
90.92593
90.93704
90.94861
90.96582
90.97253
90.98145
90.99255
91.00363
91.01475
91.02586
91.03699
91.04815
91.05928
91.07033
91.0814
91.09254
91.1041
91.12161
91.12838
91.13683
91.14791
91.15904
91.17019
91.18143
91.19241
91.20355
91.21459
91.22575
91.23689
91.24792
91.25954
91.27711
91.28429
91.29218
91.30341
91.31446
91.3256
91.33666
91.34772
91.35883
91.36999
91.38111
91.39223
91.40329
91.41492
91.43266
91.43977
91.44754
91.45865
91.46973
91.48108
91.49197
91.5031
91.51418
91.5253
91.53638
91.54749
91.55863
91.57018
91.58759
91.5943
91.6031
91.61413
91.62531
91.63631
91.6474
91.65855
91.66963
91.68085
91.69206
91.70303
91.71416
91.72582
91.74355
91.75104
91.75833
91.76974
91.78075
91.79171
91.80283
91.81396
91.82507
91.83614
91.8473
91.85846
91.8694
91.88101
91.89863
91.90539
91.91382
91.9249
91.93613
91.94714
91.95821
91.96933
91.98048
91.99154
92.00266
92.01382
92.0249
92.03647
92.05451
92.06203
92.06931
92.08045
92.09151
92.10264
92.11374
92.12489
92.13592
92.1471
92.15813
92.16925
92.1804
92.23605
92.24702
92.25816
92.2692
92.28033
92.29143
92.30267
92.31367
92.32483
92.33588
92.34744
92.3654
92.37284
92.38021
92.39133
92.40249
92.41362
92.42463
92.4358
92.44687
92.45798
92.46908
92.48024
92.49131
92.50294
92.51985
92.52638
92.53573
92.54681
92.55793
92.5691
92.58024
92.59144
92.60241
92.6135
92.62457
92.63569
92.64681
92.65842
92.67567
92.68237
92.69124
92.70242
92.71342
92.72472
92.73604
92.74734
92.75842
92.84727
92.85835
92.88096
92.89172
92.91407
92.95837
92.96994
92.98766
92.9951
93.00246
93.01343
93.0245
93.03561
93.04678
93.05782
93.06898
93.08006
93.09113
93.1023
93.11333
93.12494
93.14277
93.15034
93.15768
93.16877
93.17989
93.19096
93.2021
93.21323
93.22429
93.23613
93.24653
93.25785
93.26886
93.28081
93.29869
93.30534
93.31312
93.32423
93.33531
93.34641
93.35755
93.36864
93.37982
93.39086
93.40195
93.41307
93.4242
93.43578
93.45279
93.46055
93.46859
93.47997
93.49079
93.50194
93.51298
93.52412
93.53527
93.54636
93.5575
93.56856
93.57982
93.59128
93.60879
93.61644
93.62404
93.63522
93.64629
93.65744
93.66859
93.67996
93.69117
93.70221
93.71338
93.72444
93.73547
93.74712
93.81326
93.82429
93.83543
93.84653
93.85767
93.86872
93.88008
93.89097
93.90254
93.9196
93.92639
93.93539
93.94653
93.95763
93.96886
93.98003
93.9911
94.00223
94.01343
94.02446
94.03552
94.04665
94.05825
94.07578
94.08341
94.0909
94.10195
94.1131
94.12419
94.1353
94.14647
94.15756
94.16868
94.17997
94.19081
94.20203
94.21357
94.23052
94.23822
94.24637
94.25758
94.26855
94.27977
94.29077
94.30198
94.31308
94.32426
94.33521
94.34641
94.35744
94.36907
94.38728
94.39459
94.4016
94.41257
94.42365
94.43478
94.44586
94.45694
94.46806
94.47926
94.49034
94.50145
94.51257
94.52412
94.54115
94.54875
94.55692
94.56803
94.57912
94.59029
94.60136
94.61248
94.62357
94.63466
94.64581
94.65697
94.66801
94.67973
94.69675
94.70432
94.71241
94.72353
94.7347
94.74579
94.75702
94.76838
94.77972
94.79091
94.80202
94.81309
94.82423
94.83579
94.85272
94.86042
94.8686
94.88002
94.89088
94.90203
94.91311
94.9242
94.93529
94.94646
94.95752
94.96867
94.97972
94.99146
95.00901
95.01639
95.02357
95.03471
95.04579
95.05698
95.06799
95.07912
95.09026
95.10136
95.11253
95.12363
95.13481
95.14625
95.16386
95.17145
95.17908
95.19017
95.20126
95.21244
95.22351
95.23494
95.24574
95.25694
95.26797
95.27902
95.29015
95.30172
95.31931
95.32626
95.33456
95.34578
95.35686
95.36806
95.37913
95.3902
95.40126
95.41234
95.4235
95.43456
95.44568
95.45726
95.47466
95.4823
95.49014
95.50144
95.51234
95.52339
95.53452
95.54562
95.55675
95.5678
95.57896
95.59016
95.60146
95.61279
95.62959
95.63624
95.64558
95.65677
95.66786
95.67912
95.69024
95.70135
95.71244
95.72356
95.73467
95.74577
95.75687
95.76847
95.78636
95.79375
95.8008
95.81195
95.82305
95.83423
95.84528
95.85647
95.86749
95.8786
95.8897
95.90082
95.91197
95.92352
95.94081
95.94783
95.95631
95.96743
95.97855
95.98969
96.00076
96.01188
96.02293
96.03406
96.0452
96.05653
96.06743
96.07897
96.09702
96.10439
96.11169
96.12285
96.13395
96.14503
96.15617
96.16726
96.17844
96.18945
96.20055
96.21169
96.22278
96.23489
96.2517
96.25838
96.26725
96.27834
96.28946
96.30051
96.31165
96.32276
96.33383
96.34502
96.35617
96.36715
96.37829
96.39008
96.40831
96.416
96.42308
96.43382
96.44522
96.45602
96.4671
96.47822
96.48933
96.50044
96.51155
96.52264
96.53377
96.54538
96.56335
96.57091
96.57823
96.58934
96.60036
96.61151
96.62268
96.6338
96.64479
96.65592
96.66701
96.67812
96.68935
96.70083
96.71803
96.72475
96.73371
96.74474
96.75591
96.76698
96.77807
96.78918
96.80029
96.81136
96.82254
96.83359
96.8447
96.8563
96.87384
96.88152
96.88915
96.90028
96.91136
96.92269
96.93392
96.94502
96.95608
96.9672
96.97833
96.9895
97.00055
97.01216
97.02898
97.03578
97.04498
97.05638
97.06722
97.07835
97.08945
97.10062
97.11165
97.12274
97.13377
97.14489
97.15598
97.16761
97.18504
97.19183
97.20046
97.21191
97.22276
97.23387
97.24495
97.25607
97.26712
97.27824
97.28941
97.30052
97.31156
97.32322
97.34113
97.34836
97.35563
97.36664
97.37778
97.38892
97.39998
97.41108
97.42226
97.43336
97.4445
97.45562
97.46668
97.4783
97.49564
97.5028
97.51105
97.52213
97.53323
97.54435
97.5555
97.56665
97.57764
97.58897
97.59985
97.61095
97.6221
97.63367
97.65086
97.65755
97.66653
97.67762
97.68925
97.70002
97.71142
97.72247
97.73357
97.74471
97.75584
97.76691
97.77804
97.78981
97.80703
97.81378
97.82245
97.83354
97.84467
97.85577
97.86685
97.878
97.88949
97.90027
97.91132
97.92241
97.9335
97.9451
97.96235
97.96945
97.9779
97.98936
98.00021
98.01129
98.02239
98.03352
98.04459
98.05568
98.06682
98.07799
98.08902
98.10068
98.1178
98.1244
98.13343
98.14455
98.15563
98.16692
98.17799
98.18903
98.20017
98.21127
98.22239
98.23343
98.24461
98.25628
98.27348
98.2801
98.28903
98.30015
98.31125
98.32235
98.33349
98.34453
98.35564
98.36673
98.3779
98.38903
98.40016
98.41174
98.42867
98.43534
98.44453
98.45564
98.46671
98.4779
98.48914
98.50024
98.5112
98.52242
98.53337
98.54443
98.5556
98.56713
98.58475
98.59282
98.60018
98.61083
98.62189
98.63301
98.64417
98.65523
98.66639
98.67745
98.68858
98.69965
98.71075
98.72235
98.7398
98.74651
98.75517
98.7663
98.7774
98.78854
98.79961
98.81071
98.82176
98.83294
98.84401
98.85508
98.86623
98.87786
98.89485
98.90258
98.91068
98.92178
98.93288
98.94423
98.95525
98.96637
98.97741
98.9886
98.99965
99.01077
99.02189
99.03346
99.05058
99.05729
99.06628
99.07748
99.08852
99.09987
99.11099
99.1221
99.13317
99.14435
99.15555
99.16658
99.17761
99.18924
99.20723
99.21459
99.22166
99.23251
99.24354
99.25466
99.26573
99.27684
99.2879
99.29904
99.31012
99.3212
99.33242
99.34394
99.36164
99.36916
99.37682
99.38789
99.39904
99.41011
99.4212
99.43231
99.44346
99.45453
99.46559
99.47675
99.48782
99.49946
99.51711
99.52456
99.53236
99.54352
99.55445
99.56568
99.57688
99.58801
99.59914
99.61021
99.62133
99.63247
99.64351
99.65513
99.67228
99.67959
99.74351
99.75459
99.76575
99.77682
99.78799
99.79912
99.8107
99.82848
99.83575
99.84333
99.85443
99.86558
99.87665
99.88799
99.89884
99.91
99.92106
99.93221
99.94334
99.95436
99.96597
99.9836
99.99133
99.99882
100.0099
100.021
100.0321
100.0433
100.0543
100.0654
100.0767
100.0877
100.0988
100.1099
100.1215
100.1383
100.1449
100.1543
100.1654
100.1764
100.1877
100.1989
100.2099
100.221
100.2322
100.2433
100.2544
100.2654
100.277
100.2947
100.3024
100.3099
100.321
100.3321
100.3432
100.3543
100.3654
100.3765
100.3876
100.3987
100.4098
100.4209
100.4325
100.4497
100.4564
100.4654
100.4764
100.4875
100.4986
100.5098
100.5208
100.532
100.5431
100.5545
100.5654
100.5766
100.5881
100.606
100.6135
100.6206
100.6317
100.6428
100.6539
100.665
100.6762
100.6873
100.6984
100.7095
100.7206
100.7317
100.7433
100.7619
100.7693
100.7763
100.7872
100.7983
100.8094
100.8205
100.8316
100.8427
100.8538
100.8649
100.8761
100.8871
100.8988
100.9162
100.9233
100.9316
100.9426
100.9538
100.9649
100.976
100.9871
100.9983
101.0093
101.0204
101.0315
101.0426
101.0542
101.0734
101.0802
101.0871
101.0984
101.1093
101.1204
101.1315
101.1427
101.1537
101.1648
101.1758
101.187
101.1987
101.2097
101.2283
101.2359
101.2435
101.2536
101.2647
101.2759
101.2869
101.2983
101.3092
101.3203
101.3314
101.3425
101.3535
101.3652
101.4313
101.4425
101.4535
101.4646
101.4757
101.4868
101.4983
101.5091
101.5207
101.5377
101.5441
101.5535
101.5646
101.5757
101.5868
101.5981
101.6093
101.6206
101.6316
101.6427
101.6538
101.6649
101.6768
101.6939
101.7014
101.7093
101.7205
101.7315
101.7427
101.7538
101.7649
101.776
101.7872
101.7984
101.8977
101.9089
101.9199
101.9311
101.9421
101.9534
101.9645
101.9755
101.9871
102.0051
102.0125
102.0199
102.031
102.0421
102.0532
102.0645
102.0755
102.0865
102.0976
102.1088
102.1199
102.131
102.1426
102.1604
102.1674
102.1754
102.1865
102.1976
102.2087
102.2198
102.2309
102.242
102.2532
102.2644
102.2754
102.2864
102.2982
102.3157
102.3224
102.3309
102.3419
102.353
102.3642
102.3754
102.3865
102.3976
102.4088
102.4199
102.431
102.442
102.4536
102.4712
102.4772
102.4864
102.4975
102.5087
102.5199
102.531
102.5421
102.5533
102.5643
102.5754
102.5864
102.5976
102.6092
102.6272
102.6339
102.6419
102.653
102.6642
102.6752
102.6862
102.6973
102.7084
102.7196
102.7307
102.7418
102.7529
102.7646
102.7817
102.7884
102.7974
102.8085
102.8195
102.8306
102.8417
102.8529
102.864
102.8751
102.8861
102.8973
102.9084
102.9199
102.9375
102.9446
102.9528
102.9639
102.975
102.9862
102.9975
103.0087
103.0197
103.0308
103.042
103.0531
103.0642
103.0758
103.0928
103.0999
103.1086
103.1197
103.1308
103.1419
103.153
103.1641
103.1752
103.1863
103.1975
103.2085
103.249
103.2565
103.2639
103.275
103.2861
103.2973
103.3084
103.3195
103.3305
103.3418
103.3528
103.3639
103.375
103.3866
103.4041
103.4113
103.4194
103.4305
103.4416
103.4528
103.4638
103.475
103.486
103.4971
103.5083
103.5194
103.5305
103.5421
103.5596
103.5662
103.5749
103.586
103.5971
103.6084
103.6195
103.6306
103.6417
103.6528
103.6639
103.675
103.6861
103.6978
103.7149
103.7217
103.7306
103.7416
103.7528
103.7639
103.7749
103.786
103.7972
103.8083
103.8194
103.8305
103.8417
103.8531
103.87
103.8766
103.886
103.8971
103.9083
103.9196
103.9308
103.9419
103.953
103.9641
103.9752
103.9863
103.9975
104.0091
104.0266
104.034
104.0414
104.0525
104.0637
104.0747
104.0859
104.097
104.108
104.1192
104.1303
104.1413
104.1524
104.1641
104.1812
104.1878
104.1969
104.208
104.2191
104.2302
104.2413
104.2524
104.2635
104.2746
104.2858
104.297
104.308
104.3195
104.3372
104.344
104.3524
104.3634
104.3745
104.3856
104.3967
104.4079
104.4189
104.43
104.4412
104.4523
104.4633
104.4749
104.4922
104.4998
104.5078
104.5189
104.53
104.5411
104.5522
104.5633
104.5744
104.5855
104.5966
104.6078
104.6188
104.6304
104.6482
104.6548
104.6631
104.6744
104.6854
104.6965
104.7076
104.7187
104.7298
104.741
104.7521
104.7632
104.7742
104.7858
104.8042
104.8113
104.8185
104.8299
104.8407
104.8518
104.863
104.874
104.8853
104.8966
104.9075
104.9184
104.9296
104.9412
104.9586
104.9653
104.974
104.9851
104.9962
105.0074
105.0184
105.0295
105.0406
105.0518
105.063
105.0739
105.0851
105.0966
105.1161
105.1229
105.1299
105.1406
105.1517
105.1628
105.1739
105.185
105.1961
105.2072
105.2183
105.2295
105.2405
105.2521
105.2694
105.277
105.285
105.296
105.3072
105.3182
105.3293
105.3405
105.3516
105.3627
105.3737
105.3849
105.396
105.4076
105.4253
105.4322
105.4404
105.4515
105.4627
105.4737
105.4848
105.496
105.5071
105.5183
105.5296
105.5406
105.5518
105.5633
105.5802
105.587
105.5962
105.6073
105.6184
105.6295
105.6406
105.6518
105.6628
105.6739
105.685
105.6961
105.7072
105.7188
105.736
105.7437
105.7516
105.7628
105.7739
105.7852
105.7966
105.8077
105.8188
105.8299
105.841
105.852
105.8632
105.8748
105.8918
105.8989
105.9076
105.9187
105.9297
105.9409
105.9519
105.9631
105.9742
105.9853
105.9964
106.0075
106.0187
106.0303
106.0478
106.0554
106.0626
106.0738
106.0849
106.0959
106.1071
106.1182
106.1293
106.1404
106.1515
106.1627
106.1738
106.1853
106.2024
106.2099
106.2181
106.2292
106.2403
106.2514
106.2625
106.2737
106.2848
106.2958
106.3073
106.3181
106.3292
106.3408
106.3579
106.3646
106.3735
106.3847
106.3959
106.4074
106.4184
106.4295
106.4407
106.4518
106.4629
106.4741
106.4851
106.4967
106.514
106.5217
106.5294
106.5404
106.5515
106.5628
106.5737
106.5848
106.596
106.6074
106.6182
106.6293
106.6404
106.652
106.6697
106.6764
106.6845
106.6956
106.7069
106.7178
106.7289
106.74
106.7511
106.7623
106.7734
106.7845
106.7955
106.8074
106.8254
106.8326
106.8398
106.8509
106.862
106.873
106.8842
106.8953
106.9065
106.9175
106.9286
106.9397
106.9508
106.9624
106.9795
106.9863
106.9952
107.0064
107.0174
107.0285
107.0397
107.0507
107.0618
107.0729
107.0841
107.0952
107.1071
107.1181
107.1358
107.1434
107.1507
107.1618
107.1729
107.184
107.1951
107.2062
107.2175
107.2285
107.2395
107.2507
107.2621
107.2734
107.2908
107.2985
107.3062
107.3173
107.3284
107.3395
107.3505
107.3617
107.3728
107.3839
107.395
107.4064
107.4172
107.4289
107.446
107.4527
107.4616
107.4728
107.4839
107.4951
107.5065
107.5176
107.5287
107.5398
107.5509
107.562
107.5731
107.5848
107.6027
107.6098
107.6171
107.6282
107.6393
107.6504
107.6616
107.6727
107.6837
107.6949
107.706
107.7172
107.7281
107.7398
107.7574
107.764
107.7726
107.7837
107.7949
107.8059
107.817
107.8281
107.8392
107.8503
107.8615
107.8726
107.8838
107.8953
107.913
107.9201
107.9281
107.9392
107.9503
107.9615
107.9728
107.9838
107.9949
108.006
108.0171
108.0282
108.0393
108.0509
108.0682
108.075
108.0837
108.0948
108.106
108.1171
108.1282
108.1393
108.1503
108.1615
108.1729
108.1838
108.1948
108.2064
108.2236
108.2312
108.2392
108.2503
108.2614
108.2728
108.284
108.2952
108.3062
108.3174
108.3285
108.3395
108.3506
108.3622
108.3797
108.3863
108.395
108.4061
108.4171
108.4283
108.4394
108.4505
108.4616
108.4726
108.4837
108.4949
108.506
108.5176
108.5348
108.5421
108.5505
108.5615
108.5729
108.5837
108.5948
108.6059
108.6171
108.6281
108.6393
108.6504
108.6615
108.6731
108.6907
108.6972
108.7057
108.7169
108.7279
108.739
108.75
108.7612
108.7722
108.7834
108.7945
108.8056
108.8168
108.8283
108.8463
108.8535
108.8609
108.8721
108.8832
108.8943
108.9055
108.9166
108.9279
108.9388
108.9499
108.9609
108.972
108.9836
109.0012
109.0088
109.0165
109.0275
109.0387
109.0498
109.0608
109.072
109.083
109.0942
109.1053
109.1164
109.1275
109.1391
109.1561
109.1627
109.1719
109.183
109.1942
109.2054
109.2166
109.2278
109.2388
109.2499
109.261
109.2722
109.2832
109.2948
109.3124
109.3188
109.3276
109.3388
109.3499
109.3609
109.3721
109.3832
109.3943
109.4054
109.4165
109.4276
109.4387
109.4503
109.4678
109.4754
109.4831
109.4943
109.5054
109.5165
109.5275
109.5387
109.5498
109.5608
109.5721
109.5831
109.5942
109.6057
109.6239
109.6312
109.6384
109.6495
109.6605
109.6717
109.6827
109.6939
109.705
109.7161
109.7272
109.7383
109.7494
109.761
109.7777
109.7851
109.7938
109.805
109.8161
109.8271
109.8383
109.8494
109.8605
109.8716
109.8827
109.8938
109.9051
109.9165
109.9334
109.9405
109.9493
109.9605
109.9718
109.9826
109.994
110.0053
110.0166
110.028
110.039
110.0502
110.0615
110.0729
110.0912
110.0981
110.1052
110.1159
110.127
110.1381
110.1492
110.1603
110.1714
110.1825
110.1936
110.2047
110.216
110.2275
110.2467
110.254
110.261
110.2713
110.2824
110.2936
110.3046
110.3162
110.3269
110.3381
110.3491
110.3603
110.3713
110.383
110.4008
110.4079
110.4167
110.4275
110.4379
110.449
110.4602
110.4714
110.4824
110.4935
110.5054
110.516
110.5268
110.5385
110.5596
110.5713
110.5824
110.5934
110.6045
110.6156
110.6274
110.638
110.6491
110.6601
110.6711
110.6823
110.6939
110.7114
110.7189
110.7267
110.7378
110.7489
110.76
110.7711
110.7822
110.7933
110.8044
110.8155
110.8269
110.8378
110.8495
110.8667
110.8743
110.8823
110.8933
110.9044
110.9158
110.9266
110.9378
110.9493
110.9602
110.9711
110.9822
110.9933
111.005
111.0237
111.0312
111.038
111.0488
111.0599
111.071
111.0821
111.0932
111.1043
111.1154
111.1265
111.1376
111.1487
111.1603
111.1781
111.1855
111.1931
111.2042
111.2153
111.2265
111.2376
111.2487
111.2597
111.2709
111.2822
111.2931
111.3042
111.3158
111.3333
111.3399
111.3486
111.3597
111.3708
111.3819
111.3931
111.4041
111.4153
111.4265
111.4375
111.4486
111.4597
111.4713
111.4884
111.4951
111.5044
111.5153
111.5264
111.5376
111.5489
111.56
111.5711
111.5822
111.5933
111.6044
111.6156
111.6271
111.6437
111.6509
111.66
111.6711
111.6822
111.6935
111.7047
111.7158
111.7269
111.738
111.7491
111.7603
111.7714
111.783
111.8006
111.8073
111.8152
111.8263
111.8374
111.8485
111.8596
111.8707
111.8818
111.8929
111.904
111.9151
111.9262
111.9379
111.9556
111.963
111.9706
111.9818
111.9928
112.0039
112.015
112.0262
112.0372
112.0485
112.0596
112.071
112.0818
112.0933
112.1103
112.1176
112.1261
112.1372
112.1483
112.1594
112.1706
112.1816
112.1927
112.2039
112.215
112.2261
112.2372
112.2488
112.2667
112.2743
112.2814
112.2926
112.3037
112.3149
112.3259
112.3369
112.3482
112.3592
112.3703
112.3814
112.3925
112.4042
112.422
112.4294
112.4369
112.448
112.4592
112.4702
112.4814
112.4925
112.5035
112.5147
112.5258
112.5369
112.548
112.5596
112.5764
112.5838
112.5924
112.6036
112.6146
112.6259
112.6369
112.648
112.659
112.6702
112.6813
112.6923
112.7035
112.7153
112.7329
112.7403
112.7479
112.759
112.7701
112.7812
112.7924
112.8035
112.8146
112.8257
112.8368
112.8479
112.859
112.8706
112.8871
112.8938
112.9034
112.9145
112.9257
112.9368
112.9478
112.9589
112.97
112.9811
112.9923
113.0033
113.0145
113.0261
113.0435
113.0512
113.0589
113.07
113.1483
113.1594
113.1706
113.1821
113.1998
113.2064
113.2145
113.2257
113.2367
113.2478
113.259
113.2701
113.2812
113.2923
113.3033
113.3146
113.3257
113.3371
113.3545
113.3613
113.37
113.3811
113.3922
113.4033
113.4145
113.4256
113.4365
113.4477
113.4588
113.4699
113.481
113.4927
113.5105
113.5175
113.5253
113.5364
113.5474
113.5586
113.5697
113.5808
113.5919
113.6733
113.6807
113.6919
113.703
113.7141
113.7252
113.7363
113.7475
113.7585
113.7696
113.7807
113.7918
113.8035
113.8203
113.8275
113.8363
113.8474
113.8584
113.8696
113.8807
113.8918
113.9029
113.914
113.9251
113.9363
113.9474
113.9589
113.9758
113.9829
113.9918
114.003
114.014
114.0254
114.0367
114.0481
114.0594
114.0707
114.0816
114.0927
114.1038
114.1154
114.1337
114.1406
114.1476
114.1584
114.1694
114.1806
114.1916
114.2027
114.2139
114.225
114.2363
114.2472
114.2583
114.2699
114.2877
114.2954
114.3027
114.3138
114.325
114.336
114.3471
114.3582
114.3693
114.3804
114.3915
114.4026
114.4138
114.4254
114.4428
114.4495
114.4582
114.4692
114.4803
114.4915
114.5026
114.5136
114.5253
114.536
114.547
114.5581
114.5693
114.5808
114.5986
114.6056
114.6136
114.625
114.6359
114.647
114.6582
114.6693
114.6803
114.6914
114.7026
114.7137
114.7251
114.7364
114.7542
114.7614
114.7693
114.7803
114.7914
114.8025
114.8136
114.825
114.8359
114.8469
114.858
114.8694
114.8803
114.8918
114.9089
114.9162
114.9248
114.9359
114.947
114.9581
114.9691
114.9803
114.9913
115.0024
115.0135
115.0247
115.0358
115.0474
115.0653
115.0721
115.0801
115.0912
115.1024
115.1134
115.1245
115.1357
115.1467
115.1579
115.169
115.1801
115.1912
115.2029
115.2212
115.2281
115.236
115.2467
115.2579
115.2689
115.28
115.2911
115.3021
115.3133
115.3244
115.3355
115.3467
115.3582
115.3759
115.3835
115.391
115.4022
115.4133
115.4243
115.4355
115.4465
115.4577
115.4688
115.4799
115.491
115.5021
115.5137
115.5315
115.5389
115.5465
115.5576
115.5687
115.5798
115.591
115.6025
115.6132
115.6243
115.6354
115.6465
115.6576
115.6692
115.6868
115.6938
115.7021
115.7132
115.7242
115.7354
115.7465
115.7576
115.7686
115.7798
115.7909
115.802
115.8131
115.8247
115.9357
115.9468
115.9579
115.969
115.9805
115.9977
116.0042
116.0134
116.0245
116.0357
116.047
116.0582
116.0693
116.0804
116.0915
116.1025
116.1136
116.1247
116.1364
116.1537
116.1613
116.1689
116.1801
116.1913
116.2023
116.2134
116.2245
116.2359
116.2468
116.2579
116.2689
116.28
116.2916
116.3086
116.3149
116.3245
116.3358
116.3466
116.3578
116.3689
116.3801
116.3911
116.4022
116.4133
116.4244
116.4355
116.4471
116.4646
116.6575
116.6686
116.6797
116.6908
116.7018
116.7131
116.7241
116.7352
116.7463
116.7579
116.7754
116.7821
116.7907
116.8019
116.813
116.8241
116.8352
116.8463
116.8574
116.8686
116.8797
116.8907
116.9019
116.9134
116.9309
116.9384
116.9462
116.9573
116.9684
116.9795
116.9907
117.0019
117.0129
117.024
117.0351
117.0463
117.0573
117.0689
117.0867
117.0934
117.1014
117.1125
117.1236
117.1347
117.1458
117.1568
117.1679
117.1791
117.1902
117.2013
117.2124
117.2241
117.2429
117.2505
117.2573
117.268
117.279
117.2902
117.3012
117.3124
117.3234
117.3345
117.3456
117.3567
117.3678
117.3794
117.3967
117.4034
117.4122
117.4234
117.4344
117.4456
117.4566
117.4677
117.4788
117.49
117.5011
117.5122
117.5233
117.5349
117.5524
117.5592
117.5677
117.5788
117.5899
117.601
117.6122
117.6232
117.6345
117.6458
117.6569
117.668
117.6791
117.6908
117.7082
117.715
117.7238
117.7346
117.7458
117.7568
117.768
117.7791
117.7902
117.8017
117.8124
117.8236
117.8346
117.8462
117.8632
117.8699
117.879
117.8901
117.9012
117.9124
117.9235
117.9346
117.9457
117.9568
117.9679
117.979
117.9904
118.0017
118.0192
118.0264
118.0346
118.0457
118.0567
118.0678
118.079
118.0901
118.1012
118.1124
118.1235
118.1346
118.1456
118.1572
118.1749
118.1821
118.1898
118.201
118.2121
118.2233
118.2344
118.2454
118.2565
118.2678
118.2789
118.2899
118.301
118.3127
118.3311
118.3391
118.3459
118.3563
118.3675
118.3786
118.3895
118.4008
118.4121
118.4229
118.4343
118.4453
118.4565
118.4681
118.4863
118.493
118.5006
118.5121
118.5229
118.534
118.5451
118.5562
118.6118
118.6238
118.6425
118.6498
118.6568
118.6671
118.6783
118.6894
118.7005
118.7116
118.7227
118.7339
118.745
118.756
118.7672
118.7787
118.7956
118.8023
118.8115
118.8227
118.8339
118.8448
118.8559
118.867
118.8782
118.8893
118.9003
118.9115
118.9225
118.9344
118.9521
118.9596
118.967
118.9781
118.9892
119.0004
119.0115
119.0226
119.0338
119.0448
119.0558
119.067
119.078
119.0899
119.108
119.1153
119.1228
119.1342
119.1447
119.1558
119.1669
119.178
119.1892
119.2002
119.2117
119.2225
119.2338
119.2452
119.263
119.2704
119.278
119.289
119.3002
119.3113
119.3224
119.3337
119.3447
119.3558
119.3669
119.378
119.389
119.4006
119.4181
119.4253
119.4335
119.4446
119.4557
119.4668
119.478
119.489
119.5002
119.5113
119.5224
119.5337
119.5446
119.5562
119.5738
119.5814
119.589
119.6001
119.6112
119.6224
119.6336
119.6446
119.6557
119.6669
119.678
119.6891
119.7001
119.7118
119.728
119.7362
119.7447
119.7558
119.767
119.7779
119.7891
119.8002
119.8115
119.8224
119.8336
119.8447
119.8557
119.8673
119.8853
119.8927
119.8999
119.9113
119.9221
119.9332
119.9443
119.9554
119.9665
119.9776
119.9887
119.9998
120.011
120.0226
120.0665
120.0776
120.0888
120.0998
120.111
120.1222
120.1332
120.1442
120.1553
120.1664
120.178
120.1953
120.2028
120.2109
120.2219
120.2332
120.2444
120.2557
120.2669
120.2781
120.2891
120.3002
120.3114
120.3225
120.334
120.3519
120.3596
120.3665
120.3775
120.3887
120.3997
120.4109
120.4221
120.4332
120.4442
120.4553
120.4663
120.4774
120.4891
120.5067
120.5142
120.5218
120.533
120.5442
120.5552
120.5664
120.5774
120.5885
120.5997
120.6107
120.6218
120.6329
120.6445
120.6616
120.6684
120.6774
120.6885
120.6995
120.7108
120.7218
120.733
120.7442
120.7553
120.7663
120.7774
120.7885
120.8001
120.8175
120.825
120.8329
120.844
120.8551
120.8665
120.8777
120.8888
120.8998
120.911
120.9221
120.9331
120.9443
120.9559
120.973
120.9798
120.9887
120.9998
121.011
121.0222
121.0331
121.0443
121.0554
121.0664
121.0776
121.0887
121.0998
121.1114
121.1284
121.1357
121.1442
121.1553
121.1664
121.1778
121.1889
121.1999
121.2111
121.2223
121.2334
121.2445
121.2555
121.2671
121.2847
121.2914
121.2995
121.3106
121.3661
121.3773
121.3884
121.3994
121.4105
121.4221
121.4409
121.4486
121.4555
121.4658
121.4769
121.488
121.499
121.5102
121.5213
121.5325
121.5436
121.5546
121.5657
121.5773
121.5944
121.6012
121.6102
121.6212
121.6323
121.6435
121.6546
121.6657
121.6768
121.6879
121.699
121.7101
121.7212
121.7328
121.75
121.7573
121.7656
121.7767
121.7878
121.7989
121.8101
121.8212
121.8326
121.844
121.8552
121.8663
121.8774
121.889
121.9067
121.9139
121.9213
121.9324
121.9435
121.9545
121.9657
121.9768
121.9879
121.999
122.0101
122.0212
122.0323
122.0439
122.0617
122.0693
122.0768
122.0879
122.0989
122.1101
122.1211
122.1322
122.1434
122.1544
122.1655
122.1766
122.1878
122.1994
122.2162
122.2234
122.2322
122.2434
122.2544
122.2655
122.2766
122.2877
122.2988
122.3099
122.321
122.3321
122.3435
122.3548
122.3718
122.3793
122.3876
122.3987
122.4098
122.4213
122.4325
122.4439
122.4551
122.4662
122.4773
122.4885
122.4996
122.5114
122.5291
122.5366
122.5438
122.5541
122.5652
122.5763
122.5874
122.5985
122.6096
122.6208
122.6319
122.6431
122.6541
122.6657
122.6826
122.6894
122.6985
122.7096
122.7208
122.7318
122.743
122.7541
122.7652
122.7762
122.7873
122.7984
122.8095
122.8211
122.8388
122.8462
122.8539
122.8651
122.8762
122.8875
122.8987
122.9098
122.9498
122.9584
122.966
122.977
122.9951
123.0045
123.0126
123.0225
123.032
123.0579
