1
0.9999649
0.9890674
0.9833873
0.9813541
0.9807013
0.9799285
0.9789637
0.9780264
0.9770644
0.9760566
0.9750361
0.9739915
0.9729266
0.9718469
0.9707344
0.9696032
0.9684596
0.9672995
0.966102
0.9648889
0.9636584
0.9623984
0.9611143
0.9598355
0.9585221
0.9571729
0.9558239
0.9544548
0.9530377
0.951627
0.9501933
0.9487195
0.9472419
0.9457449
0.9442244
0.942699
0.9411247
0.9395403
0.9379444
0.9363126
0.9346675
0.9329992
0.9313083
0.9295916
0.9278917
0.9260868
0.9243875
0.9226035
0.9207734
0.9189467
0.9171102
0.9152497
0.9133762
0.9114726
0.9095569
0.9076146
0.9056518
0.9036552
0.9016649
0.899636
0.8976009
0.8955388
0.8934721
0.8913655
0.889248
0.8871161
0.8839616
0.8817775
0.8795184
0.8772917
0.8750725
0.8728264
0.8705488
0.8682764
0.8659451
0.863624
0.8612581
0.8588558
0.8564908
0.8540833
0.8516481
0.8491992
0.8467407
0.8442307
0.8417665
0.8392233
0.8366493
0.8341357
0.8315681
0.8289796
0.8263707
0.823741
0.8210866
0.8184313
0.8157522
0.8129843
0.8102865
0.8075814
0.8048354
0.8020575
0.7992756
0.7964768
0.7936527
0.790814
0.7878653
0.7850895
0.7821945
0.7792893
0.776381
0.7734419
0.7704426
0.767494
0.764502
0.7614524
0.7584706
0.7554275
0.7523673
0.7493181
0.7462239
0.7431202
0.7400039
0.7368532
0.7337191
0.7305411
0.7273709
0.7241641
0.7209249
0.7176744
0.7144675
0.7111997
0.7079191
0.7046133
0.7013052
0.6979934
0.6946662
0.6913046
0.6879269
0.6845419
0.6811472
0.6777439
0.6743057
0.6707415
0.6673787
0.6639023
0.6604328
0.6569387
0.6534405
0.6499286
0.6463795
0.6428204
0.6392415
0.6356397
0.6320489
0.6284532
0.6248163
0.6211668
0.6175339
0.6138613
0.6101897
0.6064866
0.6027684
0.5990535
0.5953424
0.591611
0.5878575
0.584066
0.5802943
0.5765123
0.5726843
0.56884
0.5650424
0.5611894
0.5573159
0.5534596
0.5495806
0.5456802
0.5417627
0.5378768
0.5339434
0.5300189
0.5260632
0.5220906
0.5180888
0.514109
0.5101214
0.5061465
0.5020905
0.4980546
0.4940607
0.4899883
0.4859329
0.4818746
0.4777943
0.4736825
0.4695874
0.4654659
0.4613511
0.4572054
0.4530393
0.4489269
0.4447559
0.4405939
0.4364175
0.4322418
0.4280029
0.4238108
0.4195701
0.4153548
0.411126
0.4068784
0.4025812
0.3982415
0.3941003
0.3898007
0.3855474
0.3812312
0.3769309
0.3726013
0.3682908
0.363988
0.3596158
0.3552278
0.3508029
0.3465641
0.3422272
0.3378122
0.3334272
0.3290561
0.3246741
0.3202737
0.3158529
0.3114078
0.3069763
0.302593
0.2981442
0.2936554
0.2892216
0.2847366
0.2803121
0.2758304
0.2713675
0.2668931
0.262431
0.2579306
0.2534329
0.2489332
0.2444398
0.2397901
0.2353972
0.2308483
0.2263343
0.2218145
0.2172746
0.2126985
0.2081773
0.203628
0.1990567
0.1945156
0.1899172
0.1853795
0.1807938
0.1762337
0.1716408
0.1670678
0.1624431
0.1578699
0.1532932
0.1486464
0.1440705
0.1394738
0.1348726
0.1302367
0.1256565
0.1210352
0.116387
0.1117826
0.1071575
0.1025313
0.09789174
0.09327858
0.08862898
0.08395513
0.07939611
0.07474974
0.07010161
0.06545696
0.06080744
0.05618837
0.05152144
0.04686339
0.04223516
0.0375828
0.03294821
0.02829051
0.02359024
0.01895858
0.01433724
0.009684725
0.005022819
0.000378565
-0.004265578
-0.008927748
-0.01357745
-0.01827202
-0.02300064
-0.02754046
-0.03218064
-0.03683334
-0.04150287
-0.04615852
-0.05078376
-0.05544326
-0.06007263
-0.06471202
-0.06934525
-0.07397509
-0.07862876
-0.08324199
-0.08789749
-0.09254775
-0.09720407
-0.1018088
-0.106455
-0.1110975
-0.1156707
-0.1202608
-0.1249041
-0.1295027
-0.1341296
-0.1387608
-0.1433863
-0.1480096
-0.1525878
-0.157137
-0.1617353
-0.1663216
-0.1708773
-0.175566
-0.1800534
-0.1846562
-0.1891873
-0.1937935
-0.1983427
-0.2029168
-0.2074522
-0.2120003
-0.2165518
-0.2210958
-0.2256334
-0.2303425
-0.2346518
-0.2393057
-0.2437984
-0.2482841
-0.2527662
-0.2572095
-0.261786
-0.2662182
-0.2706695
-0.2751416
-0.2796063
-0.2840765
-0.2885692
-0.2929922
-0.2974085
-0.301887
-0.3063143
-0.3107095
-0.3151355
-0.3195633
-0.3239373
-0.328358
-0.3327639
-0.3371304
-0.3415178
-0.345895
-0.3502609
-0.3545793
-0.3589271
-0.3633026
-0.3676126
-0.3719455
-0.3762411
-0.3805197
-0.3848544
-0.3891261
-0.393419
-0.3976783
-0.4019268
-0.4062139
-0.4105219
-0.4146976
-0.4189038
-0.4231723
-0.4273363
-0.4315597
-0.4357532
-0.4399256
-0.4441258
-0.4482434
-0.4523928
-0.4565907
-0.4607599
-0.4648221
-0.4689252
-0.4730223
-0.477138
-0.4812429
-0.4852785
-0.4893532
-0.4933866
-0.4975463
-0.5014594
-0.5054865
-0.5094784
-0.5134875
-0.5174683
-0.5214382
-0.5254097
-0.529361
-0.5333968
-0.5372934
-0.5411397
-0.5450689
-0.5489641
-0.5528943
-0.5567154
-0.5605752
-0.5644042
-0.5683162
-0.5720537
-0.5758846
-0.5796693
-0.583461
-0.5872145
-0.5910046
-0.5947543
-0.5984486
-0.6023795
-0.6058873
-0.609587
-0.6132675
-0.6169319
-0.6205868
-0.6242215
-0.6278408
-0.6314657
-0.6352471
-0.6386532
-0.6422496
-0.6458008
-0.6493454
-0.6528527
-0.6563911
-0.6598914
-0.6633744
-0.6669804
-0.6702996
-0.673741
-0.6771798
-0.6806343
-0.6840003
-0.6873735
-0.690771
-0.694101
-0.6974566
-0.7007807
-0.7041019
-0.707382
-0.7106696
-0.7139975
-0.717196
-0.7204167
-0.7236244
-0.7268562
-0.7300368
-0.7332361
-0.7363642
-0.7395148
-0.7426075
-0.7457405
-0.7488083
-0.7518771
-0.7549375
-0.7579851
-0.7610068
-0.7640288
-0.7670239
-0.7699932
-0.7730221
-0.7758927
-0.7788447
-0.7817224
-0.784635
-0.7874863
-0.7903647
-0.7932095
-0.7960418
-0.7988418
-0.8016192
-0.8043883
-0.8071614
-0.8098752
-0.8126876
-0.8153138
-0.8180095
-0.8206608
-0.8233053
-0.8259305
-0.8285441
-0.8311552
-0.833735
-0.8362948
-0.8388334
-0.8413496
-0.8438633
-0.8463444
-0.848837
-0.8513649
-0.8537603
-0.8561193
-0.8585256
-0.8608764
-0.8632404
-0.8655967
-0.8679018
-0.8701985
-0.8724714
-0.8747427
-0.8769858
-0.8792197
-0.8814287
-0.8836132
-0.8857877
-0.8879294
-0.8900621
-0.8921661
-0.8942601
-0.8963389
-0.8983837
-0.9004145
-0.9024443
-0.9044238
-0.906397
-0.9083581
-0.9103101
-0.9122084
-0.9141242
-0.9159803
-0.9178294
-0.9196846
-0.9214922
-0.9232836
-0.9250587
-0.9268196
-0.9285516
-0.9302849
-0.9319763
-0.9336484
-0.9353276
-0.9369447
-0.9385659
-0.9401569
-0.9417393
-0.943273
-0.9448197
-0.9463486
-0.9478538
-0.9493567
-0.950758
-0.9521857
-0.9535938
-0.9549839
-0.9563505
-0.9576957
-0.9590339
-0.9603366
-0.9616705
-0.9628931
-0.964164
-0.9653612
-0.9665632
-0.9677429
-0.9689057
-0.9700512
-0.9711636
-0.9722693
-0.9733431
-0.9744048
-0.9754385
-0.9764431
-0.9774399
-0.9784161
-0.979366
-0.9802917
-0.9811981
-0.9820867
-0.9829482
-0.9837928
-0.9846219
-0.9854235
-0.9862071
-0.9869641
-0.9877038
-0.9884145
-0.989112
-0.989786
-0.9904398
-0.9910727
-0.9916775
-0.9922844
-0.992837
-0.9933814
-0.993907
-0.994406
-0.9948869
-0.995347
-0.9957854
-0.9961995
-0.9965996
-0.9969656
-0.9973174
-0.9976488
-0.9979545
-0.9982417
-0.9985075
-0.9987502
-0.9989721
-0.999174
-0.9993532
-0.9995074
-0.9996438
-0.9997562
-0.9998482
-0.9999183
-0.9999682
-0.999994
-0.9999993
-0.999983
-0.9999453
-0.9998856
-0.9998045
-0.9997018
-0.999577
-0.9994317
-0.9992625
-0.9990712
-0.9988632
-0.9986303
-0.9983745
-0.998099
-0.9977986
-0.9974851
-0.9971415
-0.9967769
-0.9963872
-0.9959916
-0.9955657
-0.9951173
-0.9946431
-0.9941558
-0.9936416
-0.9931063
-0.9925516
-0.9919774
-0.9913757
-0.9907473
-0.9901139
-0.9894537
-0.9887627
-0.9880607
-0.9873307
-0.9865865
-0.9858065
-0.9850202
-0.9842126
-0.9833732
-0.9825225
-0.9816458
-0.9807456
-0.979827
-0.9788873
-0.9779239
-0.9769395
-0.9759404
-0.9749149
-0.9738707
-0.9727982
-0.9717169
-0.9705967
-0.9694765
-0.9683177
-0.9671564
-0.9659612
-0.9647409
-0.9635154
-0.9622509
-0.9609792
-0.9596834
-0.9583658
-0.9570274
-0.9556561
-0.9542851
-0.9528822
-0.9514575
-0.9500167
-0.9485466
-0.9470614
-0.9455578
-0.9440371
-0.9424977
-0.9409349
-0.9393599
-0.937747
-0.9361259
-0.9344701
-0.9328059
-0.9311159
-0.9293642
-0.9276832
-0.9258897
-0.9241834
-0.9223503
-0.9205599
-0.9187426
-0.9169067
-0.9150289
-0.913148
-0.9112535
-0.9093133
-0.9073792
-0.9054152
-0.9034144
-0.9014207
-0.8993989
-0.8973594
-0.8952878
-0.8932114
-0.8911117
-0.8889775
-0.8868579
-0.8846894
-0.8824981
-0.8803054
-0.8780931
-0.8758042
-0.8736024
-0.8713221
-0.8690525
-0.866725
-0.8644066
-0.8620599
-0.8596869
-0.8573052
-0.8548961
-0.8524835
-0.85004
-0.8474492
-0.8451039
-0.8426085
-0.8400677
-0.8375455
-0.8350096
-0.8323467
-0.8298459
-0.8272417
-0.8246243
-0.821983
-0.8193264
-0.8166571
-0.8139362
-0.8112305
-0.8084822
-0.8057553
-0.8030025
-0.8002215
-0.7974284
-0.7945942
-0.7917709
-0.7889383
-0.7860547
-0.7831104
-0.7802607
-0.7773584
-0.7744302
-0.7714574
-0.7685007
-0.7655187
-0.7625227
-0.7595044
-0.7564069
-0.7534126
-0.7503489
-0.7472665
-0.7441772
-0.7410492
-0.7378373
-0.7347566
-0.7315984
-0.728322
-0.7252095
-0.7219898
-0.7187804
-0.7155581
-0.7122991
-0.7089921
-0.7057048
-0.7023897
-0.6990701
-0.6957663
-0.692416
-0.6890745
-0.685693
-0.6822747
-0.678884
-0.6754563
-0.6720206
-0.668571
-0.6650902
-0.6616246
-0.6581294
-0.6546304
-0.6511009
-0.6475517
-0.6440111
-0.6404449
-0.6368527
-0.6331924
-0.6296583
-0.6260378
-0.6224071
-0.6187702
-0.6150714
-0.6113975
-0.6077275
-0.6040311
-0.6003056
-0.5965801
-0.5928502
-0.5890886
-0.58533
-0.5814118
-0.5777627
-0.5739739
-0.5701661
-0.5663268
-0.56247
-0.5586156
-0.5547772
-0.5508932
-0.5469725
-0.5431045
-0.5391901
-0.5352608
-0.5313166
-0.527339
-0.5234307
-0.5194681
-0.5154878
-0.5114648
-0.5074733
-0.5034618
-0.4994353
-0.4953826
-0.4913333
-0.4872758
-0.4832386
-0.4791681
-0.4750731
-0.4709231
-0.4668567
-0.4627356
-0.458602
-0.4544826
-0.4503126
-0.4461754
-0.4420124
-0.4378227
-0.4336476
-0.4294248
-0.4252556
-0.4210042
-0.4167879
-0.4125434
-0.4083143
-0.4040794
-0.3998114
-0.3955501
-0.3912548
-0.3869782
-0.3826673
-0.378374
-0.3740563
-0.3697308
-0.3653961
-0.3610457
-0.3567428
-0.352381
-0.3480477
-0.3436841
-0.3392957
-0.3348818
-0.3305479
-0.326152
-0.3217409
-0.3173314
-0.3129123
-0.3084833
-0.3040566
-0.2996316
-0.2951983
-0.2907135
-0.2862565
-0.2818354
-0.2773584
-0.272884
-0.2684148
-0.2639067
-0.2594379
-0.2549494
-0.2504571
-0.2459349
-0.2414278
-0.2369237
-0.2323538
-0.2278522
-0.2233177
-0.2187943
-0.2142531
-0.2097161
-0.2051574
-0.2006184
-0.1960299
-0.1914917
-0.1869373
-0.1823283
-0.1777354
-0.1730095
-0.1686184
-0.1639809
-0.1594009
-0.1546686
-0.1502543
-0.1456186
-0.1410004
-0.1364179
-0.1318169
-0.1272088
-0.1225904
-0.1179522
-0.1133063
-0.1087072
-0.1040845
-0.09944425
-0.09483084
-0.09020732
-0.08557663
-0.08094837
-0.07629221
-0.07167149
-0.06699974
-0.06237364
-0.05772764
-0.05305848
-0.04843627
-0.04380396
-0.03915261
-0.03446849
-0.02981839
-0.02521962
-0.02055499
-0.01587704
-0.01126503
-0.006592691
-0.00194739
0.002697953
0.007360404
0.01202079
0.01666041
0.02131302
0.02596231
0.0306525
0.03527388
0.03989354
0.0445376
0.04929357
0.05400224
0.05856643
0.06321172
0.06785089
0.07244816
0.07705577
0.08167981
0.08632965
0.09096477
0.09565774
0.1002504
0.1048807
0.1094784
0.1141084
0.1187648
0.1233523
0.1297024
0.132921
0.1373352
0.1419318
0.1464446
0.1510779
0.155639
0.1602378
0.1648054
0.169408
0.1741379
0.1788319
0.183257
0.1878329
0.1924001
0.1970295
0.2015854
0.2063268
0.2106303
0.2151436
0.2196862
0.2242593
0.2287273
0.2332846
0.2378224
0.2424258
0.2469526
0.2513286
0.2558295
0.2603349
0.2648044
0.269287
0.273839
0.2782374
0.2828628
0.2873501
0.2916464
0.2960775
0.3005241
0.304975
0.3093985
0.3138039
0.3181986
0.3225729
0.3270299
0.3315108
0.3358436
0.3401693
0.3445259
0.3489479
0.3532769
0.35763
0.3619336
0.3662792
0.3706279
0.3749225
0.3792125
0.3835033
0.3878126
0.3921345
0.396386
0.4006155
0.4048928
0.4092534
0.4135057
0.4176385
0.4218349
0.4260547
0.4302557
0.4344707
0.4386483
0.4428198
0.4471115
0.4512192
0.4553994
0.4594383
0.4635496
0.4677134
0.4719908
0.4759167
0.480028
0.4841343
0.4881192
0.4921708
0.496234
0.5002456
0.5042942
0.5082924
0.5122628
0.5161639
0.520148
0.5241383
0.5280604
0.5319862
0.5359236
0.5398586
0.5438715
0.5477957
0.5517083
0.5555601
0.5593771
0.563317
0.5670544
0.5707845
0.5746231
0.5785583
0.5823139
0.5860705
0.5898975
0.5936544
0.5973353
0.6011405
0.6047294
0.6084872
0.6121519
0.615914
0.6194637
0.6231142
0.6267422
0.6303974
0.6339893
0.6375932
0.6412275
0.6454428
0.6482447
0.6537147
0.6561629
0.6588011
0.6621454
0.6656464
0.6690807
0.6726134
0.6759878
0.6794258
0.6828039
0.6862009
0.6895646
0.6929455
0.6962906
0.6995969
0.7029331
0.7062491
0.7096498
0.7128137
0.7161515
0.7195873
0.7226969
0.7258582
0.7290162
0.732263
0.7353631
0.738473
0.7415202
0.7446391
0.7477196
0.7508793
0.7539012
0.7569376
0.7601141
0.7631296
0.7660027
0.7691232
0.7721195
0.7750053
0.7778652
0.7807642
0.7836402
0.7865325
0.7893956
0.7922519
0.7950924
0.7978873
0.8007841
0.8034536
0.8062408
0.8090744
0.8117648
0.8145057
0.8170935
0.8198542
0.8225236
0.8251255
0.8279295
0.8303313
0.8329185
0.835459
0.8379818
0.8405203
0.8430403
0.8455325
0.8479766
0.8504319
0.852869
0.8553082
0.8577029
0.8601015
0.8624551
0.8647888
0.8671104
0.869423
0.8717225
0.873984
0.8762378
0.8785237
0.8806877
0.8828876
0.885231
0.8872067
0.8893325
0.8914648
0.893561
0.8956262
0.8976982
0.8998328
0.9017715
0.9037612
0.9057691
0.9077291
0.9096528
0.9116747
0.9134672
0.915388
0.9172575
0.9190898
0.9208929
0.9226864
0.9244757
0.9262397
0.9280115
0.9297084
0.9314142
0.9331391
0.9347461
0.9363886
0.938017
0.9396095
0.9411938
0.9427578
0.9442929
0.945822
0.9473253
0.9488027
0.9502612
0.9517004
0.953115
0.9545217
0.9558904
0.9572412
0.9585919
0.9598976
0.9612012
0.9624597
0.9637194
0.9649925
0.9661601
0.9674013
0.968522
0.9697068
0.970796
0.9719316
0.9729775
0.9740423
0.9750822
0.9761069
0.977109
0.9780918
0.9790477
0.9799833
0.9808974
0.9817927
0.9826596
0.9835191
0.9843478
0.98516
0.9859478
0.9867139
0.9874655
0.9881854
0.9889266
0.9895828
0.9902284
0.9908602
0.9914771
0.9920695
0.9926489
0.9932001
0.9937344
0.9942483
0.994726
0.9951932
0.9956474
0.9960601
0.9964613
0.9968417
0.997203
0.9975401
0.9978576
0.9981485
0.9984205
0.9986724
0.9989009
0.999109
0.9992926
0.9994738
0.9995993
0.9997208
0.9998195
0.9998971
0.9999536
0.9999874
0.9999999
0.9999909
0.9999594
0.9999079
0.9998323
0.9997358
0.9996205
0.9994825
0.9993222
0.9991397
0.9989368
0.9987103
0.9984637
0.9981955
0.9979053
0.9975937
0.9972534
0.9969065
0.9965283
0.9961292
0.9957116
0.9952697
0.9948086
0.9943229
0.9938188
0.9932913
0.9927434
0.9921747
0.991582
0.9909659
0.9903321
0.9896792
0.9889981
0.9882972
0.9875805
0.9868374
0.9860716
0.9852889
0.9844823
0.9836552
0.982812
0.9819434
0.9810559
0.9801365
0.9792005
0.9782549
0.9772747
0.9762727
0.9752592
0.9742263
0.9731629
0.9720826
0.9709756
0.9698607
0.9687089
0.9675457
0.9663563
0.9651552
0.9639183
0.9626729
0.9614034
0.960102
0.9587959
0.9574671
0.9561197
0.9547526
0.9533551
0.9519404
0.9505054
0.9490519
0.9475735
0.9460853
0.9445583
0.9430298
0.941465
0.9398763
0.9382867
0.9366642
0.935028
0.9333649
0.9316939
0.9299821
0.9282684
0.9264252
0.9247732
0.9229594
0.9211851
0.9193614
0.9174203
0.9156584
0.9137888
0.9118921
0.9099659
0.9080334
0.9060785
0.9040951
0.902092
0.9000784
0.8980396
0.8959893
0.8938943
0.8918113
0.8896923
0.8875594
0.8854157
0.883243
0.8810622
0.8787895
0.8766222
0.874361
0.8720782
0.8698181
0.8675072
0.8651899
0.8628438
0.8604808
0.8581082
0.8556873
0.8533003
0.8508313
0.8484083
0.8459272
0.8434487
0.8409368
0.8384028
0.835865
0.8332978
0.8307239
0.8281149
0.8255143
0.8228796
0.8202012
0.8175579
0.8148627
0.8121616
0.8094389
0.8066974
0.8039292
0.8011476
0.7983692
0.795557
0.7927254
0.789894
0.787007
0.7841353
0.7812315
0.778328
0.7754163
0.7724407
0.7694947
0.7665282
0.7634852
0.7605252
0.7574833
0.7544014
0.751317
0.7482682
0.7452067
0.7420809
0.738942
0.7358449
0.732677
0.729489
0.7263228
0.7230182
0.7198887
0.7166523
0.7133764
0.7101345
0.7068383
0.7035125
0.7002066
0.6968908
0.6932226
0.6901946
0.6867952
0.6834301
0.6800463
0.6765998
0.6731652
0.6697394
0.6662612
0.6627592
0.6592972
0.6557764
0.6522963
0.6487534
0.645188
0.6416366
0.6380494
0.6344705
0.6307665
0.6272475
0.6236299
0.6199818
0.6163502
0.6125528
0.6089768
0.6052781
0.6015528
0.5978034
0.5940654
0.5903753
0.5866134
0.5828178
0.5790422
0.5752404
0.5714273
0.5676255
0.5636929
0.5599202
0.5560728
0.5522043
0.5483047
0.5443628
0.5404767
0.5365645
0.53265
0.5286698
0.5247608
0.520789
0.5168076
0.5128378
0.5088258
0.5048023
0.5007807
0.4967553
0.4926681
0.4886719
0.4845845
0.4805434
0.4764481
0.472347
0.4682453
0.464131
0.4599961
0.4558201
0.4517057
0.4475525
0.4433697
0.4392255
0.4350462
0.4308485
0.4266229
0.4224333
0.4181282
0.413982
0.4097412
0.4054631
0.4012111
0.3969346
0.3926934
0.3884354
0.3841304
0.379765
0.3755201
0.3711997
0.3668596
0.3625604
0.3582237
0.3538676
0.3495213
0.3451468
0.3407061
0.3363737
0.3320107
0.327614
0.3232274
0.3187999
0.3144057
0.3099953
0.3055178
0.3010908
0.2966696
0.2922207
0.2877909
0.2833225
0.2788915
0.2743963
0.2698951
0.265451
0.2608502
0.2564726
0.2519674
0.2474221
0.2429333
0.2384528
0.2338888
0.2293791
0.22485
0.2201878
0.2157472
0.2112369
0.2066782
0.2021333
0.1975821
0.1930029
0.188455
0.1838791
0.1792791
0.1747264
0.1701558
0.1655439
0.1609693
0.1563537
0.1517624
0.1471782
0.1425814
0.1379815
0.1333479
0.1287592
0.1240858
0.1195101
0.1148821
0.1102696
0.10565
0.1010162
0.09639782
0.09175504
0.08712547
0.08250921
0.07788121
0.07322822
0.06857555
0.06393755
0.05930675
0.05465181
0.04992616
0.0452837
0.04068791
0.03603884
0.03143665
0.02675991
0.02213025
0.01744863
0.01280001
0.008154441
0.003499163
-0.001157144
-0.005850143
-0.01045337
-0.01513648
-0.01982021
-0.02448872
-0.02911476
-0.03371921
-0.038342
-0.04300874
-0.04769361
-0.05230028
-0.05696535
-0.06160348
-0.0662436
-0.07089276
-0.07552088
-0.08021392
-0.08479353
-0.08941884
-0.09402846
-0.09869253
-0.1033065
-0.1079358
-0.1125519
-0.1171575
-0.1218004
-0.1264008
-0.1310089
-0.1356383
-0.1402478
-0.1448867
-0.149456
-0.1540428
-0.1586395
-0.1632309
-0.1678338
-0.1724199
-0.1769975
-0.1815789
-0.1861544
-0.1906978
-0.1952633
-0.1998311
-0.2043853
-0.2089574
-0.2134644
-0.2180329
-0.2226013
-0.2270961
-0.2316046
-0.2361276
-0.2406631
-0.2451703
-0.2496822
-0.2542054
-0.2586954
-0.2632139
-0.2676457
-0.2721563
-0.2766114
-0.2810753
-0.2855339
-0.2899673
-0.2944463
-0.2988808
-0.303495
-0.3077573
-0.3122201
-0.3165828
-0.3209885
-0.3253945
-0.329779
-0.3342103
-0.3385679
-0.3429325
-0.3473282
-0.3516815
-0.3560022
-0.3603572
-0.3646972
-0.3690204
-0.3733259
-0.3776473
-0.3819877
-0.3862784
-0.3905617
-0.3948461
-0.3990826
-0.4033368
-0.4075997
-0.4118355
-0.4160607
-0.4203799
-0.4245091
-0.428726
-0.4329208
-0.4371258
-0.4413505
-0.4455158
-0.4496622
-0.4538083
-0.4579115
-0.4620379
-0.4661459
-0.470286
-0.4744233
-0.4784589
-0.4825546
-0.4866205
-0.4906594
-0.49473
-0.4987393
-0.5027908
-0.5068231
-0.5108442
-0.5148076
-0.5187674
-0.5227486
-0.5267088
-0.5306672
-0.5345955
-0.5385148
-0.5424392
-0.5463439
-0.5502415
-0.5541239
-0.5579627
-0.561818
-0.5657154
-0.5695038
-0.5733059
-0.5771323
-0.5809523
-0.5847023
-0.5884637
-0.5922178
-0.5959875
-0.5996761
-0.6034243
-0.6071698
-0.6108332
-0.6144865
-0.6181747
-0.6217963
-0.6254225
-0.6290582
-0.6326559
-0.6362554
-0.639822
-0.6433954
-0.6469657
-0.6505023
-0.6540386
-0.6575204
-0.6610383
-0.6645132
-0.6680009
-0.671423
-0.6748716
-0.6783112
-0.6817164
-0.6851334
-0.6884842
-0.6918547
-0.6952158
-0.6985398
-0.7018529
-0.705176
-0.7084809
-0.7117409
-0.7150176
-0.7182395
-0.7214872
-0.724694
-0.7278937
-0.7310606
-0.7342346
-0.7373907
-0.7405096
-0.7436401
-0.7467518
-0.7498567
-0.7529063
-0.7559379
-0.758998
-0.7620021
-0.7650272
-0.7680026
-0.7709913
-0.773919
-0.7768753
-0.7798223
-0.7827402
-0.7855744
-0.7884644
-0.7913049
-0.7941402
-0.796949
-0.7997578
-0.8025242
-0.8053323
-0.8080488
-0.8107661
-0.8134927
-0.8161828
-0.8188684
-0.8215178
-0.8241781
-0.8268118
-0.829411
-0.8319971
-0.8345631
-0.8371863
-0.8396661
-0.8421825
-0.8446772
-0.8471627
-0.8496187
-0.8520581
-0.8544784
-0.8568907
-0.8592962
-0.861661
-0.8639947
-0.8663443
-0.8686522
-0.870962
-0.873243
-0.8754885
-0.8777074
-0.8799475
-0.8821444
-0.8843245
-0.8864811
-0.888626
-0.8907582
-0.8928641
-0.8949383
-0.8969954
-0.8990517
-0.9010962
-0.9030905
-0.9050766
-0.9070442
-0.9090018
-0.9109333
-0.9128376
-0.9147114
-0.9165898
-0.9184391
-0.9202678
-0.9220734
-0.9238667
-0.9256396
-0.927401
-0.9291258
-0.9308245
-0.9325252
-0.9342358
-0.9358368
-0.9374725
-0.9390855
-0.9407091
-0.9423028
-0.9437925
-0.9453265
-0.9468175
-0.9483117
-0.949787
-0.9512178
-0.9526399
-0.954058
-0.9554269
-0.9567932
-0.9581304
-0.9594604
-0.9607674
-0.9620411
-0.9632992
-0.9645362
-0.9657525
-0.966949
-0.9681295
-0.9692773
-0.9704226
-0.9715508
-0.9726395
-0.9736987
-0.9747382
-0.975768
-0.9767743
-0.9777569
-0.978725
-0.9796672
-0.9806005
-0.9814927
-0.9823818
-0.9832338
-0.9840706
-0.9848865
-0.9856794
-0.9864516
-0.9872078
-0.9879426
-0.9886497
-0.9893386
-0.9900031
-0.9906471
-0.991271
-0.9918749
-0.9924621
-0.9930167
-0.9935672
-0.9940701
-0.9945667
-0.9950399
-0.9954924
-0.9959224
-0.9963297
-0.9967161
-0.997086
-0.9974291
-0.9977546
-0.9980527
-0.998332
-0.9985899
-0.9988258
-0.9990398
-0.9992321
-0.9994044
-0.9995541
-0.9996849
-0.9997888
-0.9998733
-0.9999366
-0.9999781
-0.9999981
-0.9999962
-0.9999727
-0.9999277
-0.9998612
-0.9997729
-0.9996631
-0.9995314
-0.9993784
-0.9992038
-0.9990085
-0.9987892
-0.9985505
-0.998289
-0.9980046
-0.9976992
-0.9973716
-0.9970285
-0.9966574
-0.9962664
-0.995856
-0.9954206
-0.9949677
-0.9944878
-0.9939904
-0.9934692
-0.9929303
-0.9923679
-0.9917846
-0.9911757
-0.9905282
-0.9898962
-0.9892322
-0.988533
-0.9878246
-0.9870835
-0.9863311
-0.985558
-0.9847565
-0.9839218
-0.983101
-0.9822347
-0.9813507
-0.9804406
-0.9794913
-0.9785699
-0.977598
-0.9765964
-0.9755924
-0.9745714
-0.9735241
-0.9724431
-0.9713528
-0.9702402
-0.9690969
-0.9679407
-0.9667594
-0.9655607
-0.9643369
-0.9630977
-0.9618407
-0.9605492
-0.9592461
-0.9579253
-0.9565408
-0.9552098
-0.9538248
-0.9524207
-0.950986
-0.9495392
-0.9480626
-0.9465778
-0.9450584
-0.9435366
-0.9419866
-0.940414
-0.9388292
-0.9372123
-0.9355835
-0.9339297
-0.9322615
-0.9305621
-0.9288548
-0.9271125
-0.9253177
-0.9235839
-0.9217885
-0.9199904
-0.9181465
-0.9162883
-0.9144232
-0.9125421
-0.9106233
-0.9086907
-0.906732
-0.9047709
-0.9027675
-0.9007568
-0.8987278
-0.8966815
-0.8946053
-0.892522
-0.8904173
-0.8882798
-0.8861074
-0.8839689
-0.8817888
-0.8795916
-0.8773699
-0.8751246
-0.8728668
-0.8705813
-0.868283
-0.8659558
-0.8636218
-0.8612841
-0.858913
-0.8565198
-0.8540997
-0.8516544
-0.8492282
-0.8467596
-0.8442915
-0.8417827
-0.8392603
-0.8367093
-0.8341604
-0.8315879
-0.8289749
-0.8263776
-0.8237463
-0.8211162
-0.8184488
-0.8157665
-0.813072
-0.8103472
-0.8075282
-0.8047625
-0.8020483
-0.7992949
-0.7964907
-0.7936913
-0.7908318
-0.7880001
-0.7850844
-0.7822348
-0.7792267
-0.7763766
-0.7734615
-0.7704966
-0.7675247
-0.76454
-0.7615059
-0.7584918
-0.75547
-0.7524164
-0.7492834
-0.7462441
-0.7431342
-0.7400191
-0.7368867
-0.7337449
-0.7305711
-0.7273958
-0.724185
-0.7209639
-0.7177311
-0.714498
-0.7112296
-0.7079523
-0.7046362
-0.7013398
-0.6980264
-0.6946767
-0.6913202
-0.6879327
-0.6845684
-0.6811748
-0.6777728
-0.6743267
-0.6709026
-0.6674393
-0.6639771
-0.6604828
-0.6569367
-0.6534317
-0.6499407
-0.6464005
-0.6428301
-0.639264
-0.6356894
-0.6320973
-0.6284775
-0.6248322
-0.6211717
-0.6175605
-0.6138874
-0.6102168
-0.6064997
-0.6028233
-0.5990914
-0.5953562
-0.5916098
-0.5878574
-0.5841056
-0.5802884
-0.5765129
-0.5726165
-0.5688764
-0.5650483
-0.5612324
-0.5573468
-0.5534568
-0.5496074
-0.5457239
-0.5418229
-0.5378942
-0.5339522
-0.5299977
-0.5260933
-0.5221257
-0.5181411
-0.5141534
-0.510061
-0.5061619
-0.5021468
-0.4980969
-0.4940659
-0.490026
-0.4859672
-0.4818619
-0.4778047
-0.4737297
-0.469578
-0.4654936
-0.4613882
-0.4572356
-0.4531121
-0.4489031
-0.4447344
-0.4405964
-0.4363588
-0.4322131
-0.4280289
-0.423794
-0.4196165
-0.4153885
-0.4111419
-0.4069238
-0.4026743
-0.3983829
-0.3941415
-0.3898662
-0.3855737
-0.3811793
-0.3769672
-0.3726667
-0.3683298
-0.3640133
-0.3596818
-0.3552847
-0.3509555
-0.3466109
-0.3422363
-0.3378813
-0.3334686
-0.3290586
-0.3246955
-0.3202703
-0.3158852
-0.3114444
-0.3070676
-0.3026007
-0.2981808
-0.2937262
-0.2892708
-0.2848154
-0.2803768
-0.2759102
-0.2714128
-0.2669619
-0.2624547
-0.2579547
-0.2534416
-0.2489369
-0.2444721
-0.2398873
-0.2354353
-0.2308883
-0.2263892
-0.2218518
-0.2173124
-0.2127459
-0.2082289
-0.2036523
-0.1991096
-0.1945018
-0.1899787
-0.1854206
-0.1808379
-0.1762644
-0.1716476
-0.1671098
-0.1625045
-0.1579257
-0.1533294
-0.1486836
-0.1441242
-0.1395201
-0.1348979
-0.1301764
-0.1256789
-0.121052
-0.1164149
-0.1117781
-0.1071797
-0.1025713
-0.09793419
-0.09333007
-0.08866506
-0.08402471
-0.07942437
-0.07478525
-0.07012454
-0.06534048
-0.06083288
-0.05616693
-0.05156642
-0.04690671
-0.04226599
-0.0190259
-0.01439169
-0.009700913
-0.005048067
-0.0003779451
0.00423878
0.008897373
0.01352431
0.01819481
0.02282774
0.02762891
0.03213872
0.03678321
0.0414231
0.04608972
0.05073342
0.0553608
0.06002982
0.06470229
0.06934194
0.07396013
0.07863472
0.0832116
0.08786462
0.09249294
0.09710976
0.1017663
0.1063674
0.1110099
0.1156367
0.1202808
0.1249753
0.1295082
0.1340818
0.1386847
0.1432997
0.1478786
0.1527031
0.1571143
0.1617633
0.1664068
0.170855
0.1754771
0.1800419
0.1845925
0.1891616
0.1937529
0.1983137
0.2028571
0.2074643
0.2119793
0.2166043
0.2210431
0.2255925
0.2300795
0.2346487
0.2391516
0.2436558
0.2482038
0.2526909
0.2572067
0.2616967
0.266169
0.2706586
0.2751121
0.2795852
0.2840323
0.2885088
0.2929434
0.2973754
0.3018483
0.306281
0.3106734
0.3151182
0.319565
0.3239795
0.3283105
0.3326966
0.3370827
0.3414811
0.3458525
0.3501922
0.3545584
0.3589115
0.3633927
0.367611
0.371912
0.3762351
0.3805589
0.3848198
0.3890944
0.3933678
0.3976484
0.4020329
0.4061661
0.4104144
0.4146556
0.418861
0.4231101
0.4272844
0.4314986
0.4357
0.4402311
0.4440444
0.4482027
0.4523709
0.4565114
0.4606446
0.4648151
0.4688919
0.4729865
0.4771749
0.4811769
0.4852472
0.4893129
0.493368
0.4974214
0.5014138
0.5054539
0.5094714
0.513554
0.5174471
0.5214003
0.5253757
0.5293371
0.5332952
0.5371844
0.5411345
0.5450831
0.5489821
0.5528557
0.5566715
0.5605237
0.5643592
0.5682256
0.5720193
0.57585
0.5796477
0.5835081
0.5871871
0.5909656
0.594715
0.5984416
0.602182
0.6058795
0.6095762
0.6132416
0.6169193
0.6205626
0.6241956
0.6278404
0.6314863
0.6351823
0.6386525
0.6422253
0.6457754
0.6497257
0.6528289
0.6563817
0.6598656
0.6633782
0.666835
0.6702682
0.6737747
0.6771411
0.6805667
0.6839671
0.6873686
0.6907427
0.694069
0.6974378
0.7007648
0.7040921
0.7073509
0.7106389
0.7139035
0.7171414
0.720381
0.7236215
0.726835
0.7300345
0.7331987
0.736331
0.7394713
0.7425867
0.7457432
0.7488143
0.7518637
0.7549521
0.7580947
0.7610306
0.7640605
0.7670015
0.7699817
0.7729278
0.7758843
0.7788687
0.7817126
0.7846041
0.7874775
0.7904689
0.7931825
0.7960098
0.7988186
0.801584
0.8043754
0.8071193
0.8098559
0.8125795
0.8153003
0.8179721
0.8206398
0.8232812
0.8259259
0.8285744
0.8311307
0.8337044
0.8362768
0.838834
0.8413461
0.8438811
0.8463395
0.8487935
0.8512304
0.853675
0.8561028
0.8585784
0.8608571
0.8632337
0.865578
0.8678722
0.8701757
0.8724563
0.8747193
0.8769597
0.879189
0.8814005
0.8835867
0.8857701
0.8879126
0.8900395
0.8921589
0.8942643
0.8963289
0.898366
0.9004154
0.9024257
0.904408
0.9063855
0.9083434
0.910274
0.912194
0.9140857
0.9159554
0.917816
0.9196568
0.9215159
0.9232748
0.9250533
0.9268196
0.9285451
0.9302571
0.9319615
0.9336377
0.935291
0.9369538
0.9385508
0.9401414
0.9417076
0.943309
0.9448129
0.9463252
0.9478183
0.9492935
0.9507591
0.9521827
0.953586
0.9549658
0.956343
0.9576886
0.9590174
0.960328
0.9616103
0.9628731
0.9641302
0.9653555
0.9665511
0.9677305
0.9688984
0.9700298
0.9711592
0.9722595
0.9733397
0.9743906
0.9754244
0.9764348
0.9774303
0.9784033
0.9793785
0.9802902
0.9811974
0.9820846
0.9829482
0.983789
0.9846115
0.9854139
0.9862016
0.9869668
0.9876981
0.9884121
0.9891108
0.9897904
0.9904396
0.9910637
0.9916743
0.9922612
0.9928343
0.9933801
0.9938991
0.9944017
0.9948852
0.9953426
0.9957772
0.9961981
0.9965982
0.9998862
0.9998051
0.9996995
0.9995781
0.9994328
0.999265
0.9990754
0.9988597
0.9986267
0.9983763
0.9981002
0.9978071
0.9974868
0.9971491
0.996787
0.9964003
0.9959957
0.9955686
0.9951204
0.9946502
0.9941585
0.9936432
0.9931085
0.9925483
0.9919798
0.9913812
0.9907587
0.9901218
0.9894596
0.9887704
0.9880693
0.9873379
0.9865922
0.9858233
0.9850299
0.9842147
0.9833831
0.9825228
0.9816515
0.9807563
0.9798387
0.978895
0.9779337
0.9769555
0.9759514
0.97492
0.9738643
0.9728113
0.9717212
0.9706122
0.9694854
0.9683285
0.9671638
0.9659693
0.9647563
0.9635118
0.9622593
0.9609784
0.9596911
0.9583694
0.9570393
0.9556708
0.954295
0.9528891
0.9514534
0.9500048
0.9485742
0.9470846
0.9455799
0.944066
0.9425148
0.940951
0.939361
0.9377661
0.9361284
0.9344831
0.932825
0.9311387
0.9294178
0.9276764
0.9259524
0.9241878
0.9223984
0.9205928
0.9187695
0.9169226
0.9150535
0.9131762
0.9112629
0.9093444
0.9073935
0.9054313
0.9034402
0.9014237
0.899417
0.8973647
0.8952962
0.8932377
0.8911396
0.8890096
0.8868518
0.8847056
0.882524
0.8803353
0.8780433
0.8758613
0.8735921
0.8713126
0.8690637
0.8667392
0.8644038
0.8620767
0.8597079
0.8573116
0.8549228
0.8523846
0.8500413
0.8475661
0.8450958
0.842613
0.8400919
0.8375583
0.8350077
0.8324648
0.8298745
0.8272651
0.8246427
0.8219892
0.8193442
0.8166798
0.8139731
0.8112357
0.8085337
0.8057886
0.8030187
0.8002074
0.7973391
0.7946334
0.7918007
0.7889537
0.7860661
0.783198
0.7802869
0.7773738
0.7744499
0.7682418
0.765896
0.763985
0.7621568
0.7602717
0.7578797
0.7548403
0.7517802
0.7487139
0.7456233
0.7425019
0.7393867
0.7362253
0.7297139
