0
0.02
0.3533334
0.438208
0.4551104
0.462604
0.4702983
0.4802764
0.491082
0.5020593
0.5131639
0.5243551
0.5353242
0.5464547
0.5575107
0.5686104
0.5797616
0.591005
0.6020154
0.6131119
0.6241814
0.6356446
0.6464232
0.6575381
0.6686727
0.6796967
0.6908087
0.7019452
0.713136
0.7242171
0.7352849
0.7464476
0.757458
0.768572
0.7796757
0.7907842
0.8019418
0.8130367
0.8241755
0.8352143
0.8463297
0.8574603
0.8685228
0.8796458
0.8907185
0.9018984
0.9129468
0.9241071
0.9352182
0.9462487
0.9574565
0.9685009
0.9796004
0.9907218
1.001799
1.012935
1.024069
1.035131
1.046223
1.057328
1.068435
1.079537
1.136632
1.1512
1.162377
1.173425
1.18451
1.19564
1.206771
1.218177
1.228992
1.240129
1.25123
1.262292
1.273474
1.284796
1.295614
1.306699
1.317818
1.328939
1.340118
1.351159
1.362268
1.373453
1.384495
1.39553
1.40663
1.418002
1.428927
1.440004
1.451182
1.462204
1.473274
1.484489
1.495477
1.506591
1.517754
1.528896
1.539926
1.551022
1.562276
1.573349
1.584367
1.595689
1.606693
1.617743
1.62882
1.639878
1.651036
1.662156
1.673162
1.684376
1.695421
1.70649
1.717656
1.728716
1.73983
1.750952
1.762064
1.773136
1.784299
1.795407
1.806412
1.81755
1.828694
1.839842
1.850833
1.862012
1.873089
1.884328
1.895312
1.906488
1.917578
1.928764
1.939744
1.950794
1.961978
1.973093
1.984158
1.995352
2.006413
2.017446
2.028616
2.039617
2.050837
2.061972
2.072985
2.084181
2.095235
2.106349
2.117425
2.128522
2.139594
2.150811
2.161836
2.17295
2.184037
2.195111
2.206275
2.217416
2.228488
2.23954
2.250726
2.261801
2.272985
2.284094
2.295213
2.306288
2.317408
2.328443
2.339537
2.350613
2.361752
2.372821
2.384154
2.39503
2.406362
2.417308
2.428402
2.439482
2.450659
2.461794
2.472791
2.484065
2.495016
2.506093
2.517219
2.528343
2.539481
2.550577
2.561588
2.572728
2.583841
2.594972
2.606181
2.617258
2.628344
2.639346
2.650451
2.661633
2.672701
2.684085
2.694944
2.706012
2.717236
2.728249
2.739403
2.750431
2.761514
2.772704
2.783727
2.794853
2.805935
2.817201
2.828281
2.839288
2.850337
2.861516
2.872578
2.88368
2.894757
2.905916
2.917123
2.928329
2.939288
2.950805
2.961499
2.972612
2.983731
2.994756
3.005841
3.017108
3.028091
3.039186
3.050319
3.061502
3.072472
3.083761
3.094784
3.105947
3.117067
3.128031
3.139146
3.150283
3.161858
3.172526
3.183729
3.1947
3.20579
3.217195
3.228038
3.239089
3.250257
3.261291
3.272422
3.283512
3.294776
3.305735
3.317184
3.328205
3.339141
3.350131
3.361328
3.372409
3.383478
3.394665
3.405687
3.416905
3.427904
3.438994
3.450077
3.461152
3.472304
3.483427
3.494478
3.505568
3.51678
3.527936
3.538924
3.550195
3.561231
3.572261
3.583314
3.594473
3.605583
3.616698
3.627772
3.638846
3.649951
3.661105
3.672157
3.683302
3.694418
3.705588
3.716738
3.727771
3.738891
3.749905
3.761028
3.772175
3.783244
3.794378
3.805465
3.816526
3.827727
3.838795
3.849845
3.861092
3.872114
3.883233
3.894507
3.905427
3.916504
3.92768
3.93877
3.949786
3.961064
3.97215
3.983213
3.994296
4.005529
4.016589
4.027593
4.038715
4.049782
4.060877
4.071957
4.083106
4.094193
4.105489
4.11646
4.127492
4.138841
4.149763
4.160854
4.172001
4.183162
4.194168
4.205267
4.21646
4.227469
4.238626
4.249651
4.260754
4.271945
4.283063
4.294086
4.305178
4.316319
4.327757
4.338737
4.349692
4.360899
4.371894
4.38326
4.394077
4.405176
4.416309
4.42751
4.438487
4.449909
4.460705
4.471832
4.48302
4.494001
4.505155
4.51623
4.52733
4.538405
4.549548
4.560654
4.57174
4.582814
4.593959
4.605059
4.616148
4.627299
4.638504
4.64944
4.660579
4.671668
4.682859
4.693923
4.705005
4.716099
4.727269
4.738417
4.749842
4.760625
4.771686
4.782941
4.794028
4.804947
4.816155
4.827233
4.838352
4.849464
4.860518
4.871599
4.882689
4.893788
4.904957
4.916191
4.92715
4.938281
4.949394
4.960463
4.971583
4.982693
4.993761
5.004831
5.015961
5.027151
5.038216
5.049317
5.060402
5.071464
5.08256
5.093686
5.104916
5.11598
5.127151
5.138098
5.149229
5.160311
5.171411
5.182549
5.193643
5.204768
5.215853
5.226954
5.238204
5.24919
5.260365
5.271399
5.282466
5.293619
5.304734
5.315857
5.326932
5.338156
5.349159
5.360317
5.371387
5.382533
5.39371
5.4048
5.415896
5.426915
5.437995
5.449145
5.460203
5.471304
5.482365
5.493509
5.50459
5.515746
5.526902
5.537963
5.549003
5.560933
5.571326
5.582355
5.593431
5.604585
5.61562
5.626768
5.637849
5.649008
5.660102
5.671232
5.682262
5.693398
5.704493
5.71566
5.726784
5.73783
5.749007
5.760025
5.77116
5.782234
5.793372
5.804474
5.815566
5.826751
5.837795
5.848846
5.860003
5.871095
5.882252
5.893278
5.904464
5.915515
5.926922
5.937744
5.948843
5.960008
5.971097
5.982164
5.993289
6.004364
6.015456
6.026656
6.037953
6.048899
6.059925
6.070995
6.082049
6.093188
6.104318
6.115437
6.126535
6.137628
6.148772
6.159863
6.170958
6.182004
6.193207
6.204286
6.215428
6.226763
6.237571
6.248688
6.259828
6.270948
6.282094
6.293246
6.304226
6.315387
6.326584
6.337541
6.348685
6.359742
6.370909
6.382288
6.393059
6.404191
6.415297
6.426394
6.437489
6.448751
6.459893
6.470876
6.481918
6.493012
6.504215
6.515175
6.526345
6.53742
6.548546
6.559686
6.570704
6.58188
6.592951
6.604061
6.615144
6.626339
6.637325
6.648475
6.65963
6.670678
6.681792
6.692936
6.704016
6.71512
6.726236
6.737293
6.748562
6.759528
6.770663
6.781863
6.793178
6.804
6.815324
6.826272
6.837321
6.848407
6.859496
6.870702
6.882147
6.892814
6.903913
6.915096
6.926224
6.937242
6.948339
6.959414
6.970603
6.981681
6.992858
7.003977
7.015025
7.026182
7.037192
7.048288
7.059347
7.070482
7.081686
7.092801
7.103854
7.114963
7.126143
7.137079
7.148197
7.159351
7.170504
7.181606
7.19263
7.203759
7.214849
7.226055
7.237104
7.248215
7.259285
7.270372
7.281586
7.292614
7.303711
7.31484
7.325995
7.337129
7.348234
7.359263
7.370325
7.382611
7.39257
7.403681
7.414775
7.425893
7.437062
7.448143
7.459203
7.470325
7.481433
7.492651
7.503948
7.514722
7.525826
7.536978
7.548119
7.559234
7.570225
7.581347
7.59256
7.603611
7.614659
7.625822
7.636837
7.648074
7.659109
7.670162
7.681279
7.692392
7.703542
7.714615
7.725803
7.73685
7.74802
7.759042
7.770129
7.781212
7.792339
7.803514
7.814627
7.825773
7.836768
7.847928
7.859099
7.870139
7.881182
7.89292
7.903476
7.914543
7.925727
7.936831
7.947955
7.958958
7.970105
7.981176
7.992429
8.003469
8.014459
8.025706
8.036688
8.047885
8.059081
8.069983
8.081133
8.092185
8.103334
8.114452
8.12559
8.136644
8.147775
8.158868
8.169925
8.181026
8.192163
8.203212
8.2148
8.225515
8.236559
8.247666
8.258804
8.269901
8.281031
8.292123
8.303187
8.314269
8.325574
8.336519
8.347589
8.358739
8.369931
8.381372
8.392091
8.403193
8.414297
8.42556
8.436563
8.447564
8.458723
8.469914
8.481061
8.492041
8.503138
8.514226
8.526195
8.536638
8.548443
8.558933
8.569968
8.58103
8.592059
8.603142
8.614176
8.625625
8.636513
8.647518
8.658675
8.67022
8.680962
8.69201
8.703972
8.714223
8.725469
8.73641
8.747533
8.758619
8.769762
8.78086
8.791969
8.803233
8.814169
8.826214
8.836398
8.847433
8.858553
8.869635
8.880709
8.891848
8.902953
8.914018
8.925393
8.936264
8.947333
8.958971
8.969651
8.980776
8.991913
9.002939
9.013933
9.025115
9.036275
9.047333
9.058374
9.069521
9.080643
9.091776
9.102942
9.113951
9.126082
9.136173
9.147333
9.158362
9.169494
9.180552
9.191675
9.202782
9.213946
9.225197
9.236234
9.247219
9.258293
9.269413
9.280493
9.291636
9.302851
9.313824
9.325225
9.336059
9.347266
9.358314
9.369372
9.380471
9.391555
9.402775
9.413738
9.424844
9.436221
9.447095
9.458267
9.469355
9.480411
9.491503
9.502659
9.5137
9.524801
9.535962
9.547075
9.558126
9.569223
9.580406
9.591474
9.602667
9.613919
9.624927
9.636094
9.647016
9.658257
9.669234
9.680307
9.691472
9.702495
9.713656
9.724779
9.735815
9.747029
9.758308
9.769303
9.780238
9.791352
9.802448
9.813579
9.825077
9.835828
9.847138
9.858091
9.869173
9.880559
9.891517
9.902433
9.913671
9.924727
9.935817
9.946918
9.957933
9.969125
9.981015
9.991342
10.00246
10.01344
10.02455
10.03567
10.04729
10.05799
10.06906
10.08018
10.09123
10.10231
10.11343
10.12454
10.13562
10.14675
10.1579
10.16899
10.18003
10.19115
10.20228
10.21341
10.22445
10.2357
10.24671
10.2578
10.26893
10.28002
10.2911
10.30225
10.31335
10.32443
10.33589
10.34668
10.35778
10.369
10.38001
10.39118
10.40221
10.4135
10.42445
10.43553
10.44673
10.45788
10.46883
10.47996
10.49109
10.50231
10.5134
10.52446
10.53557
10.54671
10.55761
10.56876
10.58005
10.591
10.60228
10.61321
10.62429
10.63538
10.64672
10.65773
10.6688
10.67982
10.69096
10.70207
10.71313
10.72425
10.73537
10.74641
10.75753
10.76864
10.77972
10.79085
10.80197
10.81316
10.82421
10.83527
10.84647
10.85756
10.86867
10.87971
10.89091
10.90196
10.91311
10.92413
10.93531
10.94637
10.95757
10.96867
10.9797
10.99077
11.00184
11.01306
11.02409
11.03523
11.04636
11.05742
11.06855
11.07958
11.09072
11.1018
11.11296
11.1241
11.13514
11.14626
11.15735
11.16856
11.17955
11.19063
11.20175
11.21288
11.22403
11.23514
11.24617
11.25728
11.26846
11.27978
11.29077
11.30172
11.31289
11.32406
11.33509
11.34619
11.35727
11.36845
11.37946
11.3906
11.40164
11.4128
11.42393
11.43508
11.44612
11.45722
11.46831
11.47946
11.49054
11.50159
11.51268
11.52379
11.53493
11.54606
11.5572
11.56836
11.57942
11.59052
11.60162
11.61267
11.62377
11.63503
11.64596
11.65715
11.6682
11.67928
11.69059
11.70161
11.71268
11.72382
11.73485
11.74596
11.75726
11.76816
11.77924
11.79049
11.80143
11.81258
11.82367
11.83479
11.84591
11.85706
11.86827
11.87921
11.8904
11.90142
11.91257
11.9236
11.93473
11.94589
11.95713
11.96806
11.97923
11.99031
12.00132
12.01242
12.02354
12.03464
12.0459
12.05692
12.06795
12.07908
12.09034
12.10139
12.11242
12.12351
12.13465
12.14583
12.15693
12.16811
12.17911
12.19023
12.20151
12.21256
12.22351
12.23464
12.24573
12.25694
12.26793
12.27909
12.29015
12.30129
12.31237
12.32347
12.33455
12.34568
12.35677
12.3679
12.37902
12.39022
12.40116
12.41234
12.4234
12.43452
12.4456
12.45672
12.46782
12.4789
12.49001
12.50114
12.51221
12.52334
12.53444
12.54556
12.55661
12.56784
12.57889
12.59004
12.60114
12.61215
12.62328
12.6344
12.64548
12.65666
12.66767
12.67888
12.69
12.70105
12.71216
12.72339
12.73438
12.74551
12.75663
12.7677
12.77875
12.78991
12.80103
12.81213
12.82319
12.83434
12.84542
12.85652
12.86759
12.8788
12.88985
12.90098
12.91207
12.92313
12.93425
12.94539
12.95646
12.96761
12.97868
12.98983
13.00085
13.01196
13.02312
13.03429
13.04532
13.05646
13.06747
13.07857
13.0897
13.10082
13.11197
13.12302
13.13414
13.14523
13.15638
13.16745
13.17851
13.1897
13.20072
13.21189
13.22298
13.23413
13.24517
13.2563
13.26741
13.27853
13.28965
13.30075
13.31186
13.32298
13.33408
13.34529
13.35636
13.36737
13.37855
13.38953
13.40064
13.41184
13.42292
13.43416
13.44515
13.45626
13.46729
13.47855
13.48962
13.50073
13.51175
13.5229
13.53432
13.5451
13.55617
13.56725
13.57835
13.58948
13.60058
13.6117
13.62283
13.63418
13.64497
13.65619
13.66718
13.67831
13.68941
13.70049
13.71165
13.7227
13.73411
13.74499
13.75603
13.76716
13.77829
13.78945
13.8006
13.8117
13.82276
13.83405
13.84502
13.85605
