1
0.9999649
0.9890674
0.9832008
0.9818839
0.9812843
0.9806585
0.9798319
0.9789174
0.9779679
0.9769863
0.9759756
0.9749643
0.9739169
0.9728557
0.9717692
0.9706566
0.9695133
0.9683729
0.9672027
0.9660145
0.9647622
0.9635644
0.9623086
0.9610297
0.959743
0.9584252
0.9570836
0.9557146
0.9543384
0.9529431
0.9515153
0.9500865
0.9486238
0.9471419
0.9456388
0.9441085
0.9425664
0.9409977
0.9394228
0.9378167
0.9361882
0.9345493
0.9328812
0.9312006
0.9294835
0.9277664
0.9260118
0.9242449
0.9224709
0.9206483
0.9188324
0.9169876
0.9151193
0.9132386
0.9113283
0.9093983
0.9074613
0.9054995
0.9035159
0.9015123
0.8994901
0.8887838
0.8859707
0.8837897
0.881615
0.8794141
0.877185
0.8749368
0.8726133
0.8703917
0.8680853
0.8657676
0.8634396
0.8610673
0.8586459
0.8563145
0.8539072
0.851474
0.849022
0.8465387
0.8440677
0.8415632
0.8390233
0.8364977
0.8339558
0.8313811
0.8287247
0.8261548
0.8235317
0.8208666
0.8182209
0.8155464
0.8128188
0.810129
0.8073912
0.8046233
0.8018433
0.799074
0.7962709
0.7934105
0.7905787
0.7877442
0.7848138
0.781949
0.7790555
0.776138
0.7732088
0.7702366
0.7672577
0.7642927
0.7612551
0.7582468
0.7552158
0.7521418
0.7490808
0.7459884
0.7428778
0.7397539
0.7366254
0.7334548
0.7302842
0.7271274
0.7239165
0.7206883
0.7174433
0.7142286
0.7109433
0.7076727
0.7043384
0.7010651
0.6977192
0.6943837
0.6910043
0.6876726
0.6843047
0.6808811
0.6774638
0.6740472
0.6705761
0.667132
0.663682
0.6601748
0.6567067
0.6531551
0.6496161
0.6461022
0.6425157
0.6389607
0.6353726
0.631783
0.6281732
0.6245579
0.6208815
0.6172546
0.6135852
0.6099116
0.6062289
0.6025032
0.5987721
0.5950511
0.5913243
0.5875391
0.583779
0.5799689
0.5761719
0.572359
0.5685487
0.5647109
0.5608901
0.5570366
0.5531776
0.5492847
0.5454041
0.5414192
0.5375833
0.5335748
0.5296914
0.525744
0.5217903
0.517791
0.5137949
0.5098375
0.5057693
0.5018069
0.497788
0.4937406
0.4896831
0.4856102
0.4815418
0.4774943
0.4733894
0.4692836
0.4651615
0.461
0.4568776
0.4527418
0.4486281
0.444466
0.4402654
0.436098
0.4318016
0.4276948
0.4234993
0.4192357
0.415043
0.4107876
0.4065716
0.4023259
0.3980303
0.3937905
0.3895023
0.3852225
0.3808632
0.376568
0.3722929
0.3679933
0.3636353
0.3593148
0.3549711
0.3506297
0.3462482
0.3418407
0.3374257
0.3331009
0.3285483
0.3243141
0.3199072
0.3154909
0.3111053
0.3066893
0.3021934
0.297805
0.2933652
0.2889039
0.284416
0.2800077
0.2754652
0.2710237
0.2665198
0.2620274
0.2575925
0.2530908
0.2485751
0.2438758
0.2395396
0.2349808
0.2305115
0.2259889
0.2213326
0.2169011
0.2123797
0.2078061
0.2032833
0.198716
0.1941608
0.1895301
0.1850209
0.180306
0.1757633
0.1712518
0.1667145
0.1620884
0.1575064
0.1529259
0.1482933
0.1437258
0.1390741
0.1345104
0.1299056
0.1253014
0.1206973
0.1160589
0.1114299
0.1068284
0.1022086
0.09753559
0.09288381
0.08829995
0.08359639
0.07898911
0.07438252
0.06976448
0.06510104
0.06045642
0.05580834
0.05117619
0.04654318
0.04189608
0.03722745
0.0326009
0.02793481
0.0232799
0.01860221
0.01393245
0.00931126
0.004653274
3.977219E-05
-0.004619387
-0.009288698
-0.01392491
-0.01858811
-0.02323101
-0.0278628
-0.0325525
-0.03718596
-0.04181064
-0.04651755
-0.05112878
-0.0557795
-0.06049387
-0.06505938
-0.06968869
-0.07435788
-0.07898931
-0.08358863
-0.08829529
-0.09291986
-0.09753294
-0.102152
-0.1068317
-0.1114366
-0.1160161
-0.1206423
-0.1252428
-0.1298521
-0.1344525
-0.1390786
-0.1436763
-0.1483572
-0.1529003
-0.1574655
-0.162158
-0.1666709
-0.1712498
-0.1758483
-0.1804485
-0.184981
-0.1895482
-0.1941496
-0.1986711
-0.2032492
-0.2077689
-0.2123159
-0.2168943
-0.2214383
-0.2259387
-0.2304621
-0.2350004
-0.2396548
-0.2441173
-0.2485649
-0.2531095
-0.2575623
-0.2621596
-0.2665296
-0.2710073
-0.2754936
-0.2800006
-0.2844118
-0.2889953
-0.2933218
-0.2977744
-0.302245
-0.3066261
-0.31107
-0.3154756
-0.3198844
-0.3242762
-0.3286877
-0.3330779
-0.3374527
-0.3418157
-0.3461993
-0.3505576
-0.3549041
-0.359267
-0.3636431
-0.3679064
-0.372241
-0.3765481
-0.3808869
-0.3851677
-0.3894476
-0.3937234
-0.3980201
-0.4022993
-0.4066761
-0.4107987
-0.4150183
-0.419303
-0.4235146
-0.4276534
-0.4318926
-0.4360732
-0.4402595
-0.444434
-0.4485769
-0.4527209
-0.456858
-0.4609887
-0.4651353
-0.4692956
-0.4733444
-0.4774464
-0.4815313
-0.4855894
-0.4896563
-0.4937088
-0.4977351
-0.5017514
-0.5057787
-0.5098166
-0.5137984
-0.5177824
-0.5217492
-0.5256963
-0.5296444
-0.533592
-0.5375645
-0.5414665
-0.5453944
-0.5492322
-0.5531225
-0.5569838
-0.5608392
-0.5646958
-0.5685249
-0.5723525
-0.5761538
-0.579948
-0.5837805
-0.5875109
-0.5912921
-0.5950134
-0.5987328
-0.6024678
-0.6061774
-0.6098765
-0.6135466
-0.6172521
-0.6208718
-0.6245288
-0.6281437
-0.6317696
-0.6353918
-0.638972
-0.6425405
-0.6460703
-0.6496058
-0.6531496
-0.6566501
-0.6601499
-0.6636227
-0.6671076
-0.670558
-0.6740175
-0.6774624
-0.6808631
-0.6842427
-0.6878784
-0.6910316
-0.6943638
-0.6976949
-0.7010341
-0.7043232
-0.7076304
-0.7109024
-0.7141821
-0.7174271
-0.7206668
-0.7238623
-0.727073
-0.7302557
-0.7334434
-0.7366029
-0.739724
-0.7428665
-0.7459483
-0.7490463
-0.7521114
-0.7551781
-0.7582185
-0.7612395
-0.7642692
-0.7672445
-0.7702051
-0.7731774
-0.7761156
-0.779054
-0.7819415
-0.7848537
-0.7877139
-0.7906483
-0.7934156
-0.796237
-0.7990575
-0.8018417
-0.8046031
-0.8073615
-0.8100902
-0.8128054
-0.8155295
-0.8182589
-0.8208858
-0.8235148
-0.8261365
-0.8287366
-0.8313389
-0.8339207
-0.8364822
-0.8390207
-0.8415397
-0.8440522
-0.8465346
-0.8489993
-0.8514352
-0.8538869
-0.8562929
-0.8586942
-0.8611177
-0.8634105
-0.8657506
-0.8680764
-0.8703794
-0.8726687
-0.8749403
-0.8771581
-0.8793935
-0.8816169
-0.8837736
-0.8859482
-0.8880868
-0.8902273
-0.8923885
-0.8944152
-0.8964911
-0.8985423
-0.9005729
-0.9025833
-0.9046042
-0.9065837
-0.9085156
-0.9104385
-0.912351
-0.9142622
-0.9161125
-0.9179783
-0.9198083
-0.921627
-0.9234279
-0.9251891
-0.9269556
-0.9286855
-0.9304013
-0.9320931
-0.9337813
-0.9354181
-0.9370591
-0.9386805
-0.940266
-0.9418406
-0.9433991
-0.9449283
-0.9464403
-0.9479335
-0.9493983
-0.9508703
-0.9522822
-0.9536955
-0.955096
-0.9564897
-0.9578025
-0.959155
-0.9604422
-0.9617208
-0.962983
-0.9642246
-0.9654583
-0.9666964
-0.9678302
-0.9689895
-0.9701364
-0.9712565
-0.9723447
-0.9734198
-0.9744718
-0.9755134
-0.9765234
-0.9775212
-0.9784927
-0.9794368
-0.9803689
-0.9812679
-0.9821526
-0.9830134
-0.9838587
-0.9846877
-0.9854887
-0.986264
-0.9870219
-0.9877631
-0.9884672
-0.9891617
-0.989837
-0.9904905
-0.9911196
-0.9917231
-0.9923108
-0.992875
-0.9934235
-0.9939427
-0.9944435
-0.9949209
-0.9953777
-0.9958178
-0.9962292
-0.9966217
-0.9969938
-0.9973449
-0.9976737
-0.99798
-0.9982629
-0.9985251
-0.9987913
-0.9989877
-0.9991862
-0.9993629
-0.9995182
-0.9996525
-0.9997641
-0.999854
-0.9999228
-0.9999698
-0.9999953
-0.9999986
-0.999981
-0.9999415
-0.99988
-0.9997969
-0.9996922
-0.9995674
-0.9994195
-0.9992485
-0.9990583
-0.9988469
-0.9986115
-0.9983577
-0.998077
-0.9977799
-0.9974608
-0.9971184
-0.9967545
-0.9963676
-0.9959619
-0.9955302
-0.9950826
-0.9946083
-0.9941188
-0.9936052
-0.9930703
-0.9925117
-0.9919291
-0.9913282
-0.9907038
-0.9900668
-0.9893988
-0.9887084
-0.9880048
-0.98728
-0.9864863
-0.9857521
-0.9849618
-0.9841416
-0.9833059
-0.9824474
-0.9815772
-0.9806744
-0.9797565
-0.978802
-0.9778445
-0.9768704
-0.9758521
-0.9748371
-0.9737808
-0.9727032
-0.9716334
-0.9705183
-0.9693921
-0.9682348
-0.9670599
-0.9658618
-0.9646519
-0.9634128
-0.962157
-0.9608846
-0.9595864
-0.9582632
-0.9569297
-0.9555093
-0.9541758
-0.9527812
-0.9513581
-0.9499104
-0.9484475
-0.9469597
-0.9454563
-0.9439364
-0.9423938
-0.9407992
-0.9392353
-0.9376336
-0.9359997
-0.9343392
-0.9326205
-0.9309909
-0.9292834
-0.9275552
-0.9257819
-0.9240295
-0.922258
-0.920441
-0.9185986
-0.9167433
-0.9148964
-0.9130101
-0.9111055
-0.9090277
-0.9071959
-0.9051045
-0.9032274
-0.901234
-0.8992165
-0.8971857
-0.8951258
-0.8930557
-0.8908876
-0.8888068
-0.8866847
-0.8845142
-0.8822477
-0.8801206
-0.8779141
-0.875504
-0.8734209
-0.8711174
-0.8688576
-0.8665416
-0.8642145
-0.8618567
-0.8594898
-0.8571019
-0.8546619
-0.8522747
-0.8496246
-0.847367
-0.8449035
-0.8424028
-0.8398924
-0.8373658
-0.8348061
-0.832236
-0.8296575
-0.8269879
-0.8244193
-0.8217861
-0.8189988
-0.8164236
-0.8137239
-0.8110034
-0.8082926
-0.8055727
-0.8027887
-0.7999926
-0.7972049
-0.7944041
-0.7915595
-0.788704
-0.7858285
-0.7829272
-0.7800502
-0.7768605
-0.774192
-0.7712249
-0.7682756
-0.7652828
-0.7622929
-0.7592689
-0.7562332
-0.7531648
-0.7500564
-0.7469909
-0.7439237
-0.7408158
-0.7376791
-0.7345378
-0.7313626
-0.7281507
-0.7249925
-0.7216949
-0.7185463
-0.7152734
-0.7120318
-0.7087715
-0.7054843
-0.7021863
-0.6988325
-0.6955402
-0.6921902
-0.6887429
-0.6854336
-0.6820186
-0.6786147
-0.6752059
-0.6717714
-0.6683025
-0.664855
-0.6613743
-0.6578605
-0.6543474
-0.6508399
-0.6473039
-0.6437262
-0.6401716
-0.6365626
-0.6329207
-0.629344
-0.625702
-0.6221268
-0.6184334
-0.6148134
-0.6111488
-0.6074404
-0.6037662
-0.6000326
-0.5962992
-0.5925817
-0.5887915
-0.5849662
-0.5812244
-0.577491
-0.5736842
-0.5698711
-0.5660335
-0.5620568
-0.5583264
-0.5543895
-0.5505652
-0.5466842
-0.5426844
-0.5388234
-0.5349659
-0.5309829
-0.5270526
-0.5230995
-0.5191307
-0.5151818
-0.5111579
-0.5068709
-0.5031375
-0.4991077
-0.4951154
-0.4910662
-0.4870059
-0.4827472
-0.4788191
-0.4747424
-0.470637
-0.4665467
-0.4624363
-0.4583036
-0.4541606
-0.4500205
-0.4458528
-0.4416693
-0.4374965
-0.4333326
-0.4291289
-0.4249138
-0.4206889
-0.4164914
-0.4122019
-0.4079939
-0.4037514
-0.3994788
-0.3952186
-0.390948
-0.386648
-0.3823553
-0.378062
-0.3736127
-0.3694167
-0.3650933
-0.360714
-0.3564078
-0.3520325
-0.3477048
-0.3432672
-0.3389534
-0.3345839
-0.3301612
-0.3257476
-0.3214077
-0.3169886
-0.3125622
-0.3080963
-0.3036723
-0.2992549
-0.2948133
-0.2903521
-0.2859778
-0.2815
-0.2769598
-0.2725473
-0.2679982
-0.2635857
-0.2591045
-0.2546174
-0.2500213
-0.2455536
-0.2410548
-0.2365735
-0.2320366
-0.2275058
-0.2229933
-0.2184509
-0.2139005
-0.2093823
-0.2048241
-0.2002695
-0.1957198
-0.1911449
-0.1865705
-0.1819625
-0.1774102
-0.1728488
-0.168226
-0.1636436
-0.159054
-0.1544854
-0.1498465
-0.1452723
-0.1406464
-0.136075
-0.1314373
-0.1268394
-0.1221862
-0.1175701
-0.1129789
-0.1083735
-0.1037605
-0.09908459
-0.09448764
-0.08983975
-0.08519798
-0.0805786
-0.07593276
-0.07132476
-0.0666686
-0.06203574
-0.05737108
-0.05271231
-0.04809477
-0.04343953
-0.03880002
-0.03410726
-0.0295062
-0.0248683
-0.02020888
-0.01554854
-0.01087834
-0.006226011
-0.001603591
0.003048904
0.00773328
0.01247518
0.0170752
0.02166246
0.02633888
0.03101854
0.03563652
0.0402809
0.04491869
0.04959552
0.05419984
0.05886203
0.06347821
0.06813966
0.07278962
0.0774499
0.0820581
0.08668973
0.09131806
0.09597006
0.1005858
0.1051889
0.1098102
0.1144348
0.1190678
0.1236968
0.1283254
0.1329584
0.137552
0.1421546
0.1467526
0.1513333
0.1559273
0.1605809
0.1651022
0.1697224
0.1742816
0.1788497
0.1835087
0.1880441
0.1925961
0.1971711
0.2017017
0.2062545
0.2108863
0.2153452
0.2198774
0.2244703
0.2289339
0.2334779
0.2379942
0.2425146
0.2470302
0.2515515
0.2560959
0.2605237
0.2650467
0.2694932
0.2739881
0.2784289
0.2829022
0.2873825
0.2918904
0.296266
0.3007315
0.3051549
0.3095436
0.3139624
0.3183785
0.3227832
0.3272426
0.3316012
0.3359586
0.3403442
0.3447756
0.3491172
0.3534424
0.3577846
0.3621385
0.3664997
0.3708223
0.3751651
0.3794345
0.3837384
0.3881004
0.3923586
0.3965751
0.4008514
0.4051007
0.4093913
0.4135852
0.4178374
0.4220412
0.4262674
0.4304615
0.4346532
0.4388278
0.443013
0.4471733
0.4513401
0.4554915
0.4596627
0.4637283
0.4678723
0.471961
0.4760613
0.4801385
0.484219
0.4882823
0.4923264
0.4963706
0.5004153
0.5044211
0.5084426
0.5124409
0.5164338
0.5203932
0.524403
0.5283382
0.5322995
0.5362284
0.5401187
0.5440351
0.5479369
0.5518146
0.5557116
0.5595423
0.5634265
0.5672684
0.5710754
0.5748884
0.5787322
0.5824798
0.586261
0.5900288
0.5937668
0.5974856
0.6012274
0.6049443
0.6086375
0.6123065
0.6159929
0.6196437
0.6232854
0.6269053
0.6305569
0.6341434
0.6377405
0.6413124
0.644861
0.6484132
0.6519589
0.6554681
0.6589865
0.6624684
0.6659588
0.6693961
0.6728459
0.6762949
0.6797364
0.6831177
0.6865168
0.6898629
0.6932214
0.6965753
0.6999076
0.7032365
0.7065204
0.709809
0.7130728
0.7163399
0.7195685
0.7227773
0.7260093
0.7291752
0.7323686
0.7355238
0.7386813
0.7417889
0.7449086
0.7480054
0.7510896
0.7541546
0.7572017
0.7602319
0.7632501
0.7662463
0.7692549
0.7722077
0.7751304
0.77808
0.7809625
0.7838602
0.7867656
0.789621
0.7925015
0.7952988
0.7981121
0.8008869
0.8037031
0.8064543
0.8091977
0.8119004
0.814618
0.8173823
0.8199763
0.8226218
0.8252504
0.8278693
0.8304746
0.8330564
0.835623
0.8381761
0.8407576
0.8431982
0.845714
0.8481618
0.850623
0.8530587
0.8554705
0.8578826
0.8602513
0.862679
0.8649739
0.8672854
0.8695971
0.8718905
0.87417
0.8764279
0.8786581
0.88086
0.8830884
0.8852345
0.8873743
