0
0.02
0.3533334
0.4373719
0.4536687
0.4607937
0.4713154
0.4827392
0.4935628
0.5044705
0.5155928
0.5266308
0.537811
0.5488836
0.559961
0.5710492
0.5821235
0.5933343
0.6043487
0.6155103
0.6265773
0.6377348
0.6488132
0.6599736
0.6710716
0.6821659
0.6932411
0.7043149
0.7155159
0.7265344
0.7376601
0.7488244
0.7599074
0.7710611
0.7821127
0.7932261
0.8043073
0.8154607
0.8266177
0.8376403
0.8487197
0.8598698
0.8709648
0.8820817
0.8931655
0.904317
0.915388
0.9265621
0.9375592
0.9487262
0.9597514
0.9708658
0.9819868
0.9932168
1.004173
1.015299
1.026417
1.037521
1.048577
1.059771
1.070862
1.081916
1.09314
1.104369
1.115372
1.126472
1.139335
1.153711
1.164731
1.175884
1.186974
1.198154
1.20918
1.22045
1.23141
1.242451
1.253547
1.264673
1.275785
1.286878
1.298041
1.309192
1.320256
1.331373
1.342497
1.353552
1.364621
1.375826
1.387046
1.397994
1.409025
1.420184
1.431252
1.442475
1.453431
1.464545
1.475705
1.486874
1.498081
1.509029
1.520089
1.531539
1.542304
1.553415
1.564514
1.57567
1.586813
1.597986
1.609182
1.620277
1.631768
1.642338
1.653817
1.664621
1.675698
1.686774
1.697804
1.70886
1.720041
1.731207
1.742224
1.753301
1.764482
1.775621
1.786696
1.797788
1.808867
1.820021
1.831079
1.842297
1.85331
1.864429
1.875514
1.886619
1.897666
1.908807
1.919972
1.931057
1.942159
1.953189
1.964301
1.975479
1.986554
1.997723
2.008765
2.019913
2.031007
2.042149
2.053162
2.064369
2.075464
2.086496
2.0976
2.108817
2.119916
2.131023
2.142103
2.153733
2.164434
2.175569
2.186574
2.197576
2.208825
2.219858
2.230924
2.241951
2.253102
2.264217
2.275355
2.286427
2.297564
2.308721
2.319836
2.330912
2.341889
2.353066
2.364144
2.375273
2.386342
2.397417
2.408504
2.419752
2.430872
2.441954
2.452964
2.464163
2.475197
2.486297
2.497424
2.508462
2.519625
2.530806
2.541883
2.552926
2.564045
2.575139
2.586231
2.59733
2.608502
2.619711
2.630673
2.641805
2.652893
2.664046
2.675087
2.686189
2.697271
2.708389
2.71963
2.73062
2.741765
2.75286
2.763925
2.775114
2.78623
2.797256
2.808319
2.81945
2.85232
2.860281
2.870036
2.881097
2.892168
2.903267
2.914355
2.925534
2.936607
2.947783
2.958771
2.969874
2.980943
2.992154
3.003194
3.014303
3.025429
3.036507
3.047611
3.05872
3.069806
3.081
3.092065
3.103156
3.114264
3.125481
3.136527
3.147566
3.158693
3.169751
3.180917
3.192136
3.203213
3.214347
3.225353
3.236496
3.247499
3.258606
3.269671
3.280837
3.292042
3.30312
3.314166
3.325279
3.336346
3.347441
3.358552
3.369639
3.381631
3.391927
3.403038
3.414137
3.425225
3.436306
3.447994
3.45981
3.47152
3.483361
3.495122
3.506912
3.518747
3.530308
3.541349
3.552496
3.563539
3.574633
3.585736
3.596836
3.608016
3.619129
3.630164
3.64132
3.652448
3.663534
3.674642
3.685735
3.696836
3.707979
3.719007
3.73012
3.741259
3.752356
3.763487
3.774544
3.785667
3.796806
3.807891
3.819017
3.83007
3.841479
3.852296
3.86351
3.874479
3.885594
3.896693
3.907856
3.918942
3.930029
3.941136
3.952252
3.963329
3.974425
3.98559
3.996687
4.007806
4.01899
4.029984
4.04109
4.05235
4.063335
4.074409
4.085489
4.096587
4.107734
4.118857
4.129882
4.141051
4.152115
4.163243
4.17441
4.185439
4.196553
4.207692
4.218781
4.230006
4.241063
4.25216
4.263227
4.274278
4.285409
4.296504
4.307627
4.318871
4.32989
4.340906
4.352034
4.363176
4.374227
4.385338
4.396461
4.407608
4.418734
4.429807
4.441031
4.452021
4.463088
4.474248
4.485365
4.496451
4.507531
4.51868
4.529786
4.540821
4.55226
4.563083
4.574126
4.585253
4.59635
4.607484
4.61868
4.629733
4.640876
4.651886
4.663073
4.674151
4.68533
4.696356
4.707396
4.718592
4.729661
4.740701
4.751882
4.762925
4.774309
4.78516
4.796333
4.807373
4.818508
4.829697
4.840676
4.851849
4.862955
4.874006
4.885107
4.896173
4.907353
4.918447
4.929533
4.940649
4.951864
4.962851
4.973953
4.985017
4.996175
5.007273
5.018495
5.029521
5.040579
5.051706
5.062828
5.073871
5.08499
5.096099
5.10727
5.118817
5.129445
5.140541
5.151638
5.162709
5.173818
5.185277
5.196067
5.207149
5.218381
5.229378
5.240511
5.251624
5.262748
5.274265
5.285344
5.296564
5.307357
5.318492
5.329399
5.340447
5.351533
5.362663
5.373685
5.384885
5.395967
5.407035
5.418503
5.429296
5.440371
5.451481
5.462584
5.473661
5.484895
5.495935
5.506994
5.518477
5.529269
5.540338
5.551424
5.5625
5.573723
5.584721
5.595856
5.606955
5.618308
5.629225
5.640253
5.65139
5.662615
5.673619
5.684694
5.695801
5.707211
5.718022
5.72942
5.740265
5.75134
5.762469
5.773499
5.784606
5.795793
5.806881
5.817986
5.829121
5.840199
5.85133
5.862443
5.8735
5.884699
5.896489
5.906821
5.917876
5.929129
5.940363
5.951246
5.962387
5.973402
5.984532
5.995717
6.006756
6.017916
6.029039
6.040178
6.051173
6.062335
6.073404
6.084487
6.095595
6.106777
6.117851
6.128946
6.14006
6.151204
6.162279
6.173307
6.184442
6.195646
6.206679
6.217789
6.228896
6.239996
6.251101
6.262224
6.273262
6.284413
6.295568
6.306589
6.317798
6.328961
6.340041
6.351349
6.362164
6.373259
6.384336
6.39545
6.406628
6.417685
6.428833
6.439874
6.450988
6.462091
6.473167
6.484492
6.495481
6.506585
6.517655
6.528859
6.539945
6.550977
6.562057
6.573125
6.584243
6.595337
6.60645
6.61758
6.629035
6.63994
6.650969
6.662225
6.673129
6.684207
6.695314
6.706413
6.717469
6.728653
6.739726
6.750856
6.762
6.773016
6.78414
6.795359
6.806358
6.817555
6.82868
6.839697
6.850907
6.861969
6.873019
6.88413
6.895258
6.906285
6.917431
6.928574
6.939699
6.950712
6.961904
6.973145
6.984046
6.995159
7.00628
7.017375
7.028531
7.039571
7.050745
7.061861
7.072908
7.083979
7.095153
7.106237
7.117383
7.128597
7.139565
7.150657
7.161824
7.172808
7.183949
7.1951
7.20613
7.21725
7.22841
7.239451
7.250552
7.261841
7.273129
7.284073
7.297695
7.306189
7.317101
7.328219
7.339329
7.350539
7.361581
7.372636
7.383906
7.394976
7.406102
7.417245
7.428084
7.439468
7.450256
7.461491
7.472509
7.483705
7.494755
7.505881
7.517012
7.528007
7.540527
7.550344
7.561486
7.572439
7.583504
7.594775
7.605706
7.616804
7.628016
7.639053
7.650141
7.661276
7.672368
7.68345
7.69455
7.705835
7.716847
7.727986
7.739031
7.750144
7.761198
7.772314
7.783465
7.794711
7.805901
7.816983
7.828139
7.83915
7.850292
7.861389
7.872555
7.883599
7.894733
7.906224
7.916986
7.928074
7.939119
7.950269
7.961443
7.972465
7.983571
7.994724
8.005879
8.016878
8.028031
8.039112
8.050187
8.061362
8.072406
8.083504
8.094561
8.105746
8.116804
8.128008
8.13905
8.150181
8.161313
8.172315
8.183444
8.194566
8.205701
8.216825
8.227901
8.238973
8.250065
8.261275
8.272259
8.28342
8.29457
8.305654
8.316702
8.327816
8.338899
8.350015
8.361108
8.372355
8.383374
8.394672
8.40572
8.41667
8.427792
8.43891
8.450034
8.461243
8.472284
8.483315
8.494411
8.505706
8.516676
8.527857
8.538826
8.549979
8.561264
8.572137
8.583241
8.594337
8.605476
8.616587
8.627761
8.638812
8.649964
8.66106
8.672071
8.683288
8.694496
8.70546
8.716536
8.727689
8.738801
8.749867
8.760999
8.772035
8.78312
8.794337
8.805365
8.816494
8.82799
8.83886
8.849844
8.860976
8.871999
8.88308
8.894252
8.905404
8.916459
8.927674
8.938707
8.949836
8.96106
8.971994
8.983087
8.994338
9.00528
9.016376
9.027654
9.038633
9.049789
9.060766
9.071893
9.082984
9.094119
9.105219
9.116343
9.127527
9.138591
9.149733
9.16068
9.171807
9.182954
9.194016
9.205583
9.21632
9.227508
9.238515
9.2496
9.260687
9.271811
9.282907
9.294005
9.305175
9.316202
9.327433
9.338411
9.349554
9.360645
9.371716
9.382955
9.393904
9.405071
9.416171
9.427484
9.438454
9.449492
9.460746
9.471662
9.482811
9.493926
9.505089
9.516291
9.527488
9.538383
9.549459
9.560528
9.571653
9.582736
9.593836
9.604955
9.616117
9.627239
9.638366
9.649384
9.660476
9.671605
9.682699
9.693886
9.704978
9.715991
9.727116
9.738275
9.749391
9.76047
9.771637
9.782887
9.793771
9.804893
9.816002
9.827061
9.838264
9.849434
9.860434
9.871484
9.882608
9.893733
9.904786
9.915889
9.927127
9.938149
9.949302
9.960337
9.971497
9.982534
9.993693
10.00481
10.01588
10.027
10.03851
10.04918
10.06035
10.07146
10.08256
10.09364
10.10472
10.11583
10.12696
10.13849
10.14923
10.1602
10.17136
10.18245
10.19359
10.20468
10.2158
10.22688
10.23817
10.24918
10.26033
10.2713
10.28242
10.29357
10.30462
10.31573
10.32687
10.33794
10.34904
10.36012
10.37133
10.38235
10.39352
10.40457
10.41574
10.42681
10.43795
10.44903
10.4601
10.47116
10.48228
10.49343
10.50453
10.51566
10.52675
10.53795
10.54965
10.56025
10.57129
10.58229
10.59338
10.60445
10.61559
10.6267
10.63782
10.64888
10.66004
10.67109
10.68223
10.69331
10.70452
10.71551
10.72664
10.73781
10.74886
10.76
10.77103
10.78215
10.79328
10.80439
10.81548
10.82661
10.83791
10.8489
10.86006
10.87126
10.88212
10.89334
10.90446
10.91568
10.92657
10.93763
10.94879
10.95989
10.97093
10.98215
10.99356
11.00424
11.01554
11.02654
11.03756
11.04866
11.05984
11.07087
11.08199
11.0931
11.10424
11.11572
11.12648
11.13753
11.14865
11.15977
11.17092
11.18228
11.1931
11.20418
11.2153
11.22637
11.23753
11.2486
11.2597
11.27083
11.28193
11.29301
11.30415
11.31532
11.32655
11.33746
11.34858
11.35967
11.37079
11.38186
11.39307
11.40405
11.41515
11.42625
11.43756
11.44856
11.45959
11.47073
11.48186
11.49304
11.50416
11.51518
11.52623
11.53756
11.54853
11.55966
11.57077
11.5821
11.59301
11.6041
11.61512
11.62617
11.63738
11.64852
11.65957
11.67075
11.68175
11.69294
11.70392
11.71501
11.72614
11.73746
11.74858
11.75961
11.77075
11.78178
11.7929
11.8039
11.81494
11.82611
11.83727
11.84833
11.85945
11.87052
11.8816
11.89273
11.90388
11.91489
11.92606
11.93738
11.94833
11.95939
11.97043
11.98156
11.99264
12.00379
12.01497
12.026
12.03742
12.04826
12.05933
12.07041
12.08155
12.09262
12.10379
12.11485
12.12596
12.13707
12.14812
12.15923
12.17046
12.18146
12.19258
12.20369
12.21511
12.22593
12.23704
12.24814
12.25927
12.27028
12.28148
12.29253
12.30363
12.31469
12.32579
12.33693
12.34808
12.35912
12.37026
12.38143
12.39246
12.40357
12.41474
12.42584
12.43698
12.44797
12.4591
12.47022
12.4813
12.49241
12.50353
12.51464
12.52571
12.53758
12.54798
12.55904
12.5703
12.5813
12.59237
12.60351
12.61464
12.62585
12.63692
12.64805
12.65917
12.67017
12.68134
12.69235
12.70348
12.71449
12.72575
12.7368
12.74786
12.75892
12.77006
12.78119
12.79231
12.80343
12.81452
12.82556
12.83715
12.84787
12.85896
12.87005
12.88122
12.89229
12.90332
12.91441
12.92555
12.93675
12.94775
12.95885
12.96993
12.98104
12.9922
13.00327
13.01443
13.02551
13.03686
13.04769
13.05883
13.06989
13.08101
13.09208
13.10319
13.11431
13.12547
13.13682
13.14767
13.15876
13.16987
13.18095
13.1923
13.20319
13.21426
13.22535
13.23691
13.24764
13.25874
13.2698
13.28094
13.29215
13.30317
13.31424
13.32532
13.33673
13.34763
13.35868
13.36973
13.38101
13.39194
13.4031
13.41413
13.42527
13.43645
13.4476
13.4586
13.46969
13.48076
13.49198
13.50311
13.51415
13.5253
13.53633
13.5475
13.55854
13.56964
13.58076
13.59188
13.60299
13.61412
13.62517
13.63625
13.64738
13.65866
13.66974
13.68093
13.69197
13.703
13.71405
13.72512
13.73627
13.74736
13.75846
13.76955
13.78064
13.7918
13.8029
13.81518
13.82511
13.83622
13.84756
13.85845
13.86953
13.88057
13.89174
13.90286
13.91391
13.92506
13.93615
13.94729
13.9585
13.96963
13.98073
13.99172
14.0028
14.01424
14.02507
14.03625
14.04725
14.05835
14.06943
14.08056
14.09159
14.10269
14.11388
14.125
14.13606
14.14722
14.15827
14.16935
14.18044
14.1917
14.20271
14.21383
14.22489
14.23612
14.24714
14.25823
14.26926
14.28047
14.29151
14.30265
14.31376
14.32484
14.336
14.34705
14.35816
14.36923
14.38035
14.39148
14.4026
14.41369
14.42479
14.43598
14.44708
14.45811
14.4692
14.48029
14.4915
14.5025
14.51368
14.52484
14.53582
14.547
14.55804
14.56916
14.58026
14.59146
14.60242
14.61356
14.62473
14.63581
14.64699
14.65808
14.66919
14.68045
14.6914
14.70254
14.71365
14.72463
14.73594
14.74708
14.75797
14.76923
14.78022
14.79162
14.80241
14.81355
14.82461
14.83578
14.8469
14.85795
14.86905
14.88014
14.8912
14.90244
14.91346
14.92455
14.93565
14.94681
14.95788
14.96901
14.98007
14.99117
15.00242
15.01342
15.0245
15.03562
15.04673
15.05807
15.0689
15.08002
15.09114
15.10221
15.11332
15.12445
15.13555
15.14664
15.15774
15.16886
15.17998
15.19118
15.20218
15.21337
15.22442
15.23546
15.24665
15.25771
15.26878
15.2799
15.29103
15.30213
15.31323
15.32432
15.33546
15.34658
15.35765
15.36883
15.37986
15.39099
15.4021
15.41321
15.42425
15.43537
15.44649
15.4576
15.46869
15.47981
15.49089
15.50204
15.51319
15.52431
15.5353
15.54647
15.55756
15.56866
15.57972
15.59088
15.60196
15.61306
15.62423
15.63532
15.64647
15.6576
15.66873
15.67985
15.69127
15.70196
15.71301
15.7241
15.73524
15.7464
15.75749
15.76859
15.77987
15.79085
15.8019
15.81303
15.82404
15.83571
15.84634
15.85743
15.86849
15.87963
15.89078
15.9019
15.91294
15.92407
15.93519
15.94642
15.95743
15.96849
15.97959
15.99074
16.00184
16.01292
16.02403
16.03511
16.04627
16.05733
16.06844
16.07948
16.09061
16.10172
16.11285
16.12394
16.13507
16.14624
16.15724
16.16841
16.17947
16.19061
16.20182
16.21282
16.22399
16.23497
16.24613
16.2572
16.26826
16.27941
16.29053
16.30177
16.31277
16.32385
16.33497
16.34607
16.35717
16.36825
16.37945
16.39044
16.40161
16.4127
16.42379
16.43491
16.44606
16.45721
16.46821
16.47933
16.49041
16.50155
16.51264
16.52373
16.53486
16.54604
16.55709
16.56815
16.57928
16.59034
16.60147
16.61266
16.6237
16.63476
16.64661
16.65708
16.66814
16.67924
16.69039
16.70139
16.71252
16.72359
16.73477
16.74598
16.75704
16.76814
16.77915
16.79028
16.80142
16.81252
16.82372
16.83513
16.8459
16.85707
16.86804
16.87913
16.89023
16.90137
16.91247
16.9237
16.93464
16.9463
16.95685
16.96794
16.97907
16.9902
17.00144
17.01242
17.02348
17.03457
17.04575
17.05682
17.06792
17.0791
17.09008
17.1012
17.11236
17.12343
17.13461
17.14571
17.15673
17.16784
17.17897
17.19012
17.20127
17.21227
17.2234
17.23468
17.24563
17.25679
17.26789
17.27895
17.29004
17.30111
17.31226
17.32336
17.33454
17.34564
17.35668
17.36774
17.37888
17.39005
17.40106
17.4122
17.42337
17.43435
17.44568
17.45662
17.46769
17.47885
17.48996
17.50104
17.51213
17.52325
17.53436
17.54591
17.55658
17.56766
17.5788
17.58984
17.60098
17.61207
17.62321
17.63431
17.64565
17.65654
17.66758
17.67877
17.68991
17.70123
17.71206
17.7231
17.73427
17.74567
17.75649
17.76754
17.77876
17.79001
17.80099
17.812
17.82314
17.83459
17.84578
17.85656
17.86772
17.87866
17.88977
17.90091
17.91205
17.92305
17.93416
17.94569
17.95644
17.96751
17.97858
17.98962
18.00081
18.012
18.02303
18.03413
18.04552
18.05636
18.06741
18.07858
18.08958
18.1007
18.11184
18.12293
18.13404
18.14538
18.15629
18.16746
18.17847
18.18962
18.20069
18.21182
18.22288
18.23421
18.24533
18.25639
18.26744
18.27845
18.28957
18.30065
18.31177
18.32293
18.33396
18.34501
18.35621
18.36727
18.37836
18.38957
18.40062
18.41183
18.42278
18.43395
18.44502
18.45615
18.4672
18.47838
18.48945
18.50052
18.51163
18.52276
18.53383
18.54495
18.55611
18.56716
18.57829
18.58937
18.60045
18.61165
18.62274
18.63387
18.64496
18.65602
18.66709
18.67827
18.68938
18.7005
18.71162
18.72262
18.73381
18.74488
18.756
18.76705
18.77822
18.78947
18.80042
18.81144
18.82269
18.83436
18.84484
18.85609
18.8672
18.87821
18.88926
18.90049
18.91162
18.9226
18.93368
18.9449
18.95596
18.96696
18.97816
18.98927
19.00032
19.01176
19.0225
19.03362
19.04476
19.0559
19.067
19.07799
19.08915
19.10031
19.11135
19.12248
19.13356
19.14469
19.15583
19.16687
19.17797
19.18907
19.20019
19.21125
19.22242
19.23355
19.2446
19.25592
19.26686
19.27794
19.28907
19.30013
19.31128
19.32234
19.33344
19.34458
19.35578
19.36685
19.37793
19.389
19.40023
19.41136
19.42232
19.43342
19.44461
19.45568
19.46667
19.47785
19.48895
19.50004
19.51113
19.52221
19.53336
19.54446
19.55559
19.56677
19.57785
19.58887
19.59996
19.6111
19.62218
19.63332
19.64442
19.65556
19.66661
19.67772
19.68886
19.69999
19.71107
19.72223
19.73326
19.74436
19.75551
19.76654
19.77767
19.7888
19.80021
19.81101
19.8221
19.83317
19.84431
19.85548
19.86654
19.87767
19.88874
19.89993
19.91098
19.9221
19.93316
19.94439
19.95557
19.96646
19.97762
19.98864
19.99975
20.01093
20.02197
20.03318
20.04424
20.05532
20.06639
20.07751
20.08863
20.09978
20.11083
20.12195
20.13306
20.14416
20.15532
20.16634
20.17747
20.18864
20.19974
20.21091
20.2219
20.23302
20.24418
20.2553
20.26635
20.27746
20.28852
20.29966
20.3116
20.32183
20.33292
20.34417
20.35536
20.3665
20.37757
20.3885
20.39983
20.41075
20.42184
20.43301
20.44438
20.4552
20.46632
20.47735
20.4885
20.4996
20.51066
20.52173
20.53285
20.54399
20.55518
20.56626
20.57726
20.58834
20.59945
20.61063
20.62167
20.63279
20.64392
20.65511
20.66608
20.67723
20.68855
20.69945
20.71056
20.72165
20.73277
20.7439
20.75502
20.76604
20.77719
20.7883
20.79942
20.81058
20.82163
20.83286
20.84416
20.85492
20.86604
20.87711
20.88826
20.89939
20.91045
20.92154
20.93269
20.94375
20.95498
20.96609
20.97714
20.98823
20.99938
21.01047
21.02153
21.0326
21.04376
21.05492
21.06595
21.07706
21.0881
21.0992
21.11031
21.12159
21.13256
21.14366
21.15481
21.16585
21.17704
21.18808
21.19923
21.21031
21.22136
21.2325
21.24366
21.25477
21.26587
21.27708
21.28808
21.29914
21.31023
21.32137
21.33243
21.34359
21.35469
21.36578
21.37683
21.388
21.39913
21.41019
21.4216
21.43248
21.44352
21.45468
21.46569
21.47679
21.48797
21.49904
21.51014
21.52126
21.53236
21.54348
21.55465
21.56569
21.57686
21.58794
21.59904
21.61011
21.62119
21.63231
21.64342
21.65456
21.66563
21.67698
21.68798
21.69897
21.71007
21.72115
21.73244
21.74342
21.75451
21.76555
21.7767
21.78782
21.79891
21.81003
21.82111
21.83218
21.84334
21.85477
21.86552
21.87662
21.88781
21.89894
21.90995
21.92103
21.93216
21.94336
21.95491
21.96618
21.97693
21.98829
21.99959
22.01107
22.02276
22.03307
22.04493
22.05561
22.06582
22.07671
22.08766
22.09879
22.10992
22.12102
22.13212
22.14317
22.15432
22.16536
22.17649
22.18757
22.19869
22.2107
22.22088
22.23207
22.24312
22.25425
22.26532
22.27646
22.28757
22.29865
22.31039
22.32095
22.33196
22.34306
22.3542
22.36534
22.37637
22.38754
22.39861
22.40971
22.42086
22.43202
22.44299
22.45423
22.46522
22.47631
22.48746
22.49855
22.50966
22.52082
22.53185
22.543
22.5541
22.56519
22.57639
22.58737
22.59847
22.6096
22.62079
22.63182
22.64293
22.65417
22.66527
22.6764
22.68738
22.69853
22.70955
22.72066
22.73178
22.74281
22.75404
22.7651
22.77616
22.78727
22.79841
22.80954
22.8206
22.83196
22.84293
22.85438
22.86505
22.87614
22.88723
22.89835
22.90952
22.92056
22.93164
22.94275
22.95405
22.96497
22.9761
22.98732
22.99839
23.00938
23.02052
23.03161
23.04268
23.0541
23.06494
23.07608
23.08716
23.09826
23.10948
23.12054
23.1316
23.14276
23.15402
23.16488
23.17597
23.18706
23.19821
23.20952
23.22041
23.2315
23.24265
23.25422
23.26487
23.27595
23.2871
23.29821
23.30929
23.32037
23.3315
23.34261
23.35368
23.36493
23.37586
23.38702
23.3981
23.40917
23.42032
23.43148
23.44251
23.45375
23.46469
23.47589
23.48701
23.49804
23.50916
23.52023
23.53136
23.54247
23.5536
23.56467
23.57578
23.58699
23.59796
23.60916
23.62021
23.6313
23.64241
23.65356
23.66487
23.67581
23.68688
23.698
23.70905
23.72014
23.73127
23.74236
23.75348
23.76468
23.77568
23.78681
23.79785
23.80922
23.82012
23.83124
23.84231
23.85344
23.86486
23.87563
23.88677
23.89794
23.90898
23.92011
23.93118
23.94231
23.9534
23.96446
23.97557
23.98672
23.99783
24.00891
24.02
24.0311
24.04224
24.05334
24.06443
24.07559
24.08661
24.0977
24.10901
24.11999
24.13115
24.14227
24.15341
24.16439
24.17548
24.1866
24.19772
24.20885
24.21988
24.23112
24.24211
24.2533
24.26434
24.27539
24.28655
24.29767
24.30882
24.32012
24.33125
24.34206
24.35321
24.36429
24.37536
24.38653
24.39756
24.4087
24.41979
24.43106
24.44202
24.45313
24.46427
24.4754
24.48646
24.49756
24.50866
24.51975
24.53083
24.54258
24.55309
24.56422
24.57529
24.58642
24.59746
24.60864
24.61975
24.63085
24.64195
24.65305
24.66423
24.67525
24.68634
24.69754
24.70857
24.71962
24.73076
24.74188
24.75293
24.76405
24.77585
24.78636
24.79743
24.80879
24.81964
24.83079
24.84199
24.85309
24.86416
24.87515
24.88625
24.89735
24.90846
24.91957
24.93068
24.94183
24.95292
24.96401
24.9751
24.98621
24.99736
25.0085
25.0195
25.03063
25.04171
25.05282
25.06402
25.07502
25.08612
25.09722
25.10835
25.1195
25.1306
25.14163
25.15277
25.16397
25.17517
25.18618
25.19727
25.20833
25.21944
25.23055
25.24169
25.25278
25.26391
25.27491
25.2861
25.29718
25.30824
25.31942
25.33046
25.34159
25.35266
25.36382
25.37487
25.38601
25.39709
25.40821
25.41932
25.43041
25.44153
25.45265
25.46378
25.47502
25.48591
25.49707
25.50824
25.51928
25.53038
25.54151
25.5526
25.5637
25.57479
25.58593
25.59696
25.60812
25.61923
25.63037
25.64141
25.65255
25.66377
25.67484
25.68589
25.69701
25.70805
25.71912
25.73025
25.74158
25.75249
25.76358
25.77468
25.7859
25.79698
25.80805
25.81913
25.8302
25.8414
25.85256
25.86357
25.8747
25.88578
25.89687
25.90794
25.9191
25.93016
25.94135
25.95238
25.96348
25.97462
25.98569
25.99679
26.00803
26.01903
26.03012
26.04146
26.05231
26.06354
26.07454
26.08562
26.09686
26.10787
26.11897
26.13001
26.1412
26.15229
26.16343
26.17447
26.18557
26.19672
26.20815
26.21898
26.23007
26.24134
26.2524
26.26344
26.27447
26.28562
26.29673
26.30775
26.3189
26.32997
26.34106
26.35222
26.36332
26.37441
26.38552
26.39661
26.40778
26.41883
26.42997
26.44105
26.45213
26.46325
26.47435
26.48544
26.4966
26.50771
26.51879
26.52993
26.54095
26.5521
26.56329
26.57436
26.58549
26.59653
26.60763
26.61879
26.62985
26.64091
26.65206
26.66319
26.67424
26.6854
26.6965
26.70753
26.71879
26.72984
26.74082
26.752
26.76312
26.77418
26.7853
26.79642
26.80749
26.81858
26.82977
26.84094
26.85206
26.86316
26.87424
26.88527
26.89638
26.90745
26.91858
26.92972
26.94077
26.95195
26.96302
26.97412
26.98523
26.9963
27.0074
27.01858
27.02967
27.04072
27.0519
27.06298
27.07405
27.08513
27.09625
27.10737
27.11851
27.12963
27.14068
27.15179
27.16291
27.17398
27.18516
27.1962
27.20731
27.21843
27.22954
27.24065
27.25173
27.263
27.27411
27.28515
27.29628
27.30729
27.31841
27.32948
27.34068
27.35168
27.36281
27.37399
27.38508
27.39623
27.4072
27.41834
27.4294
27.44053
27.45166
27.46275
27.47393
27.48499
27.49617
27.50722
27.51827
27.52933
27.54044
27.55158
27.56271
27.57384
27.58493
27.59597
27.6071
27.61824
27.62931
27.6404
27.65164
27.66337
27.6738
27.68489
27.69596
27.70706
27.71819
27.72926
27.74036
27.75148
27.7629
27.77373
27.78487
27.79638
27.80709
27.81811
27.82918
27.84034
27.85146
27.86287
27.87369
27.88478
27.8959
27.90698
27.91805
27.92916
27.94028
27.95141
27.96314
27.97368
27.98475
27.99586
28.00692
28.01801
28.02912
28.04022
28.05133
28.06277
28.07359
28.08466
28.09575
28.10689
28.11807
28.1291
28.14018
28.15126
28.1627
28.17352
28.18461
28.19605
28.20685
28.21796
28.22903
28.24013
28.25122
28.26252
28.27353
28.28458
28.29568
28.30688
28.3179
28.32906
28.3408
28.35122
28.36244
28.37372
28.38449
28.39558
28.40672
28.41778
28.42899
28.44058
28.45111
28.4623
28.47335
28.48445
28.49555
28.50669
28.51783
28.52887
28.53999
28.55115
28.5622
28.57335
28.58448
28.59552
28.60659
28.61772
28.62886
28.63994
28.65106
28.66214
28.67327
28.68436
28.69546
28.70656
28.71782
28.7289
28.73995
28.75101
28.76215
28.77324
28.78452
28.79548
28.80652
28.81758
28.82879
28.83982
28.85094
28.86218
28.87321
28.88429
28.89551
28.90647
28.91757
28.9287
28.93979
28.95088
28.96198
28.9731
28.98423
28.99533
29.00647
29.01752
29.02864
29.03979
29.0509
29.06194
29.07307
29.08413
29.09519
29.10638
29.11758
29.1286
29.13965
29.15079
29.16188
29.17304
29.18413
29.19539
29.20636
29.21738
29.22865
29.23971
29.25076
29.2619
29.27307
29.28414
29.29529
29.30628
29.31738
29.32852
29.33962
29.35075
29.36198
29.37303
29.38406
29.39514
29.40621
29.41739
29.42846
29.4396
29.45067
29.46179
29.47289
29.48396
29.49533
29.50616
29.51734
29.5284
29.53949
29.55059
29.56169
29.57286
29.58393
29.59497
29.60611
29.61723
29.62835
29.63948
29.65056
29.66164
29.67286
29.68385
29.69497
29.70618
29.71726
29.72839
29.73938
29.75051
29.76158
29.77269
29.78379
29.79491
29.80601
29.81739
29.82828
29.83942
29.85047
29.86157
29.87274
29.88377
29.89487
29.90598
29.91707
29.92814
29.93929
29.95038
29.96148
29.97256
29.98377
29.99483
30.00594
30.01703
30.02813
30.03926
30.05033
30.06148
30.07256
30.08364
30.09472
30.10587
30.11704
30.12811
30.13927
30.15033
30.16141
30.17269
30.18357
30.19466
30.20581
30.21688
30.22803
30.23916
30.25023
30.26133
30.27247
30.28355
30.29475
30.30576
30.3169
30.32793
30.33907
30.35019
30.3613
30.3724
30.38354
30.39481
30.40571
30.4169
30.42806
30.43905
30.45021
30.46123
30.47234
30.48347
30.49455
30.50563
30.51676
30.5279
30.53902
30.55012
30.56125
30.57235
30.58354
30.5945
30.60579
30.6168
30.62793
30.63894
30.65009
30.66126
30.67235
30.68339
30.69456
30.70566
30.71665
30.72783
30.73896
30.75001
30.76117
30.77227
30.78333
30.79447
30.80555
30.81665
30.82779
30.83888
30.85021
30.8612
30.87229
30.88328
30.89441
30.90547
30.91663
30.92771
30.93874
30.94989
30.96096
30.97212
30.9832
30.99432
31.00539
31.01654
31.02763
31.03876
31.0499
31.06105
31.07215
31.08317
31.09423
31.10534
31.11652
31.12762
31.13869
31.1498
31.16089
31.17215
31.18311
31.19421
31.20531
31.21645
31.2276
31.23869
31.24977
31.26088
31.27224
31.28308
31.29415
31.30532
31.31638
31.32751
31.33857
31.34973
31.36085
31.37213
31.38308
31.39414
31.40519
31.41631
31.42744
31.43858
31.44975
31.46084
31.47215
31.48301
31.4944
31.50516
31.51626
31.52739
31.53861
31.54961
31.56067
31.57189
31.58295
31.59398
31.60512
31.61622
31.62732
31.63844
31.6495
31.66068
31.67177
31.68293
31.6942
31.70507
31.71615
31.72732
31.73838
31.7495
31.76056
31.77166
31.78285
31.79392
31.80499
31.81614
31.82722
31.8383
31.84961
31.86059
31.87162
31.88294
31.89398
31.90512
31.9161
31.9272
31.93832
31.94951
31.96093
31.97167
31.98279
31.99388
32.005
32.01598
32.02716
32.03819
32.04938
32.06046
32.07157
32.08265
32.09378
32.10497
32.11603
32.12711
32.13821
32.14933
32.16047
32.17151
32.18263
32.19371
32.20486
32.21593
32.22699
32.23815
32.24927
32.26033
32.27144
32.28258
32.29384
32.30474
32.31592
32.327
32.33806
32.34923
32.36033
32.37138
32.38256
32.39368
32.40471
32.41583
32.42694
32.43806
32.44917
32.46025
32.47142
32.48252
32.49366
32.50476
32.51579
32.52697
32.53806
32.54906
32.56019
32.57129
32.58241
32.59354
32.60484
32.61576
32.62691
32.63797
32.64904
32.66013
32.67132
32.68245
32.69355
32.7046
32.71572
32.72697
32.73786
32.74901
32.76008
32.77123
32.78239
32.79343
32.80453
32.81667
32.82676
32.83788
32.84906
32.8602
32.87123
32.88231
32.89341
32.90449
32.91558
32.92669
32.93797
32.94891
32.96003
32.97123
32.98225
32.99336
33.00446
33.01557
33.02661
33.03772
33.04886
33.05996
33.07109
33.08217
33.09339
33.10442
33.11548
33.12656
33.1377
33.1488
33.15994
33.17096
33.18214
33.19318
33.20433
33.21541
33.22654
33.23769
33.24906
33.25989
33.27096
33.28237
33.29313
33.30429
33.31544
33.32658
33.33757
33.34868
33.35976
33.37093
33.38208
33.39355
33.4043
33.41534
33.42661
33.43763
33.44865
33.45971
33.47087
33.48203
33.49303
33.5042
33.51558
33.52639
33.53768
33.54872
33.55983
33.57087
33.58201
33.59304
33.60408
33.6152
33.62632
33.63758
33.64856
33.65968
33.67079
33.68191
33.69299
33.70408
33.71525
33.72627
33.73735
33.74855
33.75963
33.77071
33.78186
33.79288
33.80405
33.81514
33.82626
33.83735
33.8484
33.8596
33.87075
33.88186
33.89293
33.90412
33.91512
33.92617
33.93732
33.94842
33.9595
33.97062
33.98171
33.99278
34.00414
34.01505
34.0262
34.03726
34.04836
34.05946
34.07053
34.08168
34.0928
34.10413
34.11508
34.12611
34.13717
34.14837
34.15943
34.17051
34.18171
34.19275
34.20398
34.21489
34.22607
34.23715
34.24855
34.25937
34.27046
34.28158
34.29276
34.30378
34.31489
34.32602
34.33718
34.34816
34.35932
34.37045
34.38157
34.39264
34.40371
34.41481
34.42599
34.43717
34.44812
34.45948
34.47038
34.48158
34.49262
34.50371
34.5148
34.52583
34.53697
34.54811
34.55916
34.57035
34.58164
34.59264
34.60371
34.61475
34.62587
34.63692
34.64812
34.65955
34.67031
34.6816
34.6925
34.70359
34.71463
34.72579
34.73684
34.748
34.75912
34.77022
34.78153
34.79252
34.80364
34.81461
34.82604
34.83758
34.84797
34.85906
34.87025
34.88161
34.89249
34.90348
34.91459
34.92572
34.93678
34.9479
34.95914
34.97008
34.98145
34.99229
35.00348
35.01456
35.02561
35.03676
35.04785
35.05928
35.07005
35.08145
35.09224
35.10334
35.11454
35.12558
35.1367
35.14779
35.15897
35.16998
35.1811
35.19224
35.20333
35.2144
35.22556
35.23663
35.24778
35.25891
35.27016
35.28107
35.29219
35.30327
35.31435
35.3255
35.33658
35.34765
35.35881
35.36998
35.38099
35.39214
35.40327
35.41433
35.42554
35.43658
35.44765
35.45871
35.46989
35.48106
35.49204
35.50322
35.51427
35.52541
35.53649
35.54761
35.55874
35.56978
35.58101
35.592
35.60318
35.61434
35.62541
35.63655
35.64761
35.65869
35.66993
35.68101
35.69205
35.70307
35.71416
35.72529
35.7365
35.74746
35.75864
35.76969
35.78098
35.79197
35.80305
35.81419
35.82521
35.83633
35.84745
35.85861
35.86964
35.88081
35.89206
35.90299
35.91414
35.92515
35.93631
35.94736
35.95848
35.96957
35.98074
35.99196
36.00298
36.01427
36.02539
36.03634
36.04766
36.05858
36.06965
36.08074
36.09193
36.10299
36.11402
36.12514
36.1362
36.14738
36.15837
36.16949
36.18064
36.19178
36.2029
36.21393
36.2251
36.23616
36.24722
36.25838
36.26961
36.28062
36.29178
36.30282
36.31392
36.32503
36.33611
36.34715
36.35842
36.36939
36.38057
36.39166
36.40272
36.41385
36.42498
36.43604
36.44716
36.45821
36.46937
36.48049
36.49156
36.50269
36.51385
36.52494
36.53601
36.54718
36.55822
36.56936
36.58044
36.59155
36.60262
36.61381
36.6249
36.63598
36.64708
36.65856
36.66969
36.6805
36.69162
36.70266
36.71373
36.72486
36.73587
36.74703
36.75816
36.76921
36.78036
36.79218
36.80257
36.81368
36.82486
36.8359
36.84701
36.85809
36.86921
36.88032
36.89161
36.90265
36.91356
36.92469
36.9358
36.94688
36.95798
36.96909
36.98034
36.99147
37.00246
37.01369
37.02463
37.03571
37.04686
37.05793
37.06905
37.08016
37.09128
37.10236
37.11351
37.12456
37.13578
37.1468
37.15789
37.16898
37.18009
37.19131
37.20235
37.21342
37.22456
37.23568
37.24673
37.25786
37.26898
37.28004
37.29128
37.3023
37.31336
37.32456
37.33558
37.34758
37.35778
37.36889
37.38002
37.39116
37.40226
37.41337
37.42451
37.43554
37.44675
37.45773
37.46884
37.47993
37.49115
37.50221
37.5133
37.52435
37.53546
37.54659
37.55775
37.56885
37.57994
37.59109
37.60225
37.61338
37.6244
37.63555
37.64667
37.65781
37.669
37.67994
37.69172
37.70226
37.71349
37.72455
37.73568
37.7466
37.75785
37.76876
37.77982
37.79107
37.80214
37.81318
37.82426
37.83728
37.84651
37.85762
37.86879
37.87988
37.89102
37.90199
37.91314
37.92418
37.93531
37.9464
37.9575
37.96859
37.97969
37.9908
38.00193
38.01302
38.02415
38.03523
38.04636
38.05739
38.0686
38.07968
38.09074
38.10188
38.11296
38.12407
38.13516
38.14626
38.15738
38.16849
38.17959
38.1907
38.20187
38.21292
38.22418
38.23516
38.24639
38.25739
38.2685
38.27962
38.29088
38.3019
38.31293
38.32397
38.3351
38.34618
38.35743
38.36841
38.37959
38.39069
38.40176
38.41285
38.42394
38.43505
38.44612
38.45723
38.46858
38.47948
38.49066
38.502
38.51279
38.52389
38.53508
38.5461
38.55719
38.5683
38.57939
38.59051
38.60167
38.61271
38.62381
38.63495
38.64609
38.65711
38.6683
38.67941
38.69061
38.70159
38.71267
38.72377
38.7349
38.74599
38.75707
38.76828
38.7794
38.79063
38.80155
38.81266
38.82375
38.83514
38.84612
38.8571
38.86827
38.87933
38.89041
38.90151
38.91262
38.92368
38.93485
38.94596
38.95697
38.96844
38.97925
38.99049
39.00156
39.01251
39.02362
39.03474
39.04584
39.05693
39.06812
39.07917
39.09032
39.10143
39.11249
39.12357
39.1347
39.1458
39.15696
39.168
39.17912
39.19055
39.20135
39.21249
39.22351
39.23463
39.24577
39.25683
39.26795
39.27906
39.29015
39.30131
39.31246
39.32345
39.3346
39.34565
39.35681
39.36789
39.37897
39.3902
39.40129
39.41237
39.42344
39.43458
39.44569
39.45678
39.46795
39.47892
39.49008
39.50122
39.51236
39.52339
39.53451
39.5456
39.5568
39.56779
39.57893
39.59017
39.60114
39.6122
39.62342
39.63451
39.64558
39.65663
39.66775
39.6789
39.69025
39.70123
39.71225
39.72337
39.73457
39.74567
39.75686
39.76778
39.77908
39.79019
39.80113
39.81218
39.82341
39.83569
39.84582
39.85662
39.86769
39.87881
39.89061
39.9011
39.91221
39.92325
39.93455
39.94544
39.95666
39.96764
39.97894
39.9903
40.00097
40.01202
40.02318
40.03431
40.04535
40.05645
40.06755
40.07869
40.0902
40.10096
40.11198
40.12312
40.13427
40.1453
40.15636
40.16761
40.17865
40.18985
40.20084
40.21198
40.22303
40.23417
40.24533
40.25634
40.26753
40.27859
40.28971
40.30097
40.31212
40.32309
40.33419
40.34525
40.35646
40.36753
40.37857
40.38979
40.40081
40.41188
40.42295
40.4341
40.44518
40.45624
40.46734
40.4785
40.4896
40.50081
40.51184
40.52302
40.53402
40.54506
40.55629
40.56733
40.57874
40.58947
40.60064
40.61179
40.62285
40.63397
40.64509
40.65611
40.66734
40.6784
40.68948
40.70057
40.71199
40.72282
40.73392
40.74503
40.75611
40.76723
40.77831
40.78944
40.80061
40.81167
40.82279
40.83419
40.84513
40.85617
40.86753
40.8784
40.88946
40.90058
40.91163
40.92274
40.93385
40.94496
40.95605
40.96709
40.97828
40.98935
41.00045
41.01161
41.02274
41.03376
41.04486
41.05595
41.06715
41.07817
41.08925
41.10036
41.11155
41.1226
41.13376
41.14497
41.1559
41.16705
41.17852
41.18924
41.20038
41.21143
41.22252
41.2337
41.2448
41.25581
41.26694
41.27858
41.28913
41.30034
41.31142
41.32251
41.33368
41.34468
41.35587
41.36694
41.37804
41.38914
41.40023
41.41141
41.42247
41.43374
41.44562
41.4557
41.4669
41.47803
41.48914
41.50021
41.51129
41.52239
41.53349
41.54462
41.55573
41.56678
41.5786
41.58897
41.6002
41.61131
41.62239
41.63351
41.64468
41.65567
41.66676
41.67789
41.68912
41.70031
41.71126
41.72231
41.73347
41.74452
41.75558
41.76671
41.77787
41.78903
41.80012
41.81128
41.82225
41.83414
41.84443
41.85559
41.86665
41.87776
41.8889
41.90028
41.91128
41.92236
41.93334
41.94443
41.95562
41.96659
41.97775
41.98884
41.99997
42.0111
42.02216
42.03324
42.04433
42.05545
42.06692
42.07801
42.08877
42.09985
42.11106
42.12206
42.13317
42.14431
42.1554
42.16661
42.17765
42.18871
42.19987
42.21095
42.22203
42.23314
42.26654
42.27761
42.28949
42.29982
42.31099
42.32209
42.33312
42.3442
42.35547
42.36658
42.37754
42.38865
42.39981
42.41087
42.42212
42.43306
42.44432
42.45533
42.46637
42.47752
42.48863
42.49971
42.51088
42.52202
42.53311
42.54409
42.55549
42.56642
42.57754
42.58858
42.59966
42.61088
42.66626
42.67739
42.68848
42.69971
42.71071
42.7218
42.73299
42.74403
42.7551
42.76627
42.77737
42.78842
42.79958
42.81063
42.8218
42.8336
42.84398
42.85509
42.86624
42.87729
42.88848
42.89954
42.91063
42.92178
42.93282
42.94487
42.95536
42.96633
42.97748
42.98837
42.99958
43.01057
43.02161
43.03279
43.04398
43.05495
43.06606
43.07713
43.08825
43.09946
43.11047
43.12163
43.13271
43.14378
43.15496
43.16602
43.1771
43.18824
43.19966
43.21048
43.22157
43.23276
43.24377
43.25486
43.26603
43.27712
43.2882
43.29937
43.31041
43.32159
43.33263
43.34376
43.35487
43.36588
43.37703
43.38816
43.39931
43.41041
43.42146
43.43254
43.44401
43.45474
43.46584
43.47699
43.48807
43.49923
43.51037
43.52144
43.53249
43.54361
43.55468
43.5659
43.57704
43.58799
43.59913
43.61028
43.6214
43.63251
43.6436
43.6546
43.66586
43.67701
43.68798
43.69912
43.71021
43.72131
43.7324
43.74347
43.75463
43.76583
43.77691
43.7879
43.79907
43.8102
43.82138
43.83237
43.84343
43.8546
43.86567
43.8768
43.8879
43.89914
43.91027
43.92128
43.93226
43.94345
43.95452
43.96557
43.97687
43.98787
43.99914
44.01006
44.02129
44.03231
44.04341
44.05446
44.06555
44.07672
44.08778
44.09892
44.10998
44.12116
44.13227
44.14331
44.15442
44.16564
44.17762
44.18775
44.19897
44.21001
44.22103
44.23219
44.24327
44.25433
44.26549
44.27662
44.28774
44.29904
44.30986
44.32098
44.33212
44.34327
44.35429
44.36541
44.37653
44.38775
44.39914
44.40985
44.421
44.43204
44.44325
44.45427
44.46596
44.47646
44.48758
44.49921
44.50981
44.5209
44.53198
44.54311
44.55423
44.56532
44.57641
44.58754
44.59953
44.60984
44.62086
44.63195
44.64312
44.65411
44.66529
44.67656
44.68749
44.6995
44.70971
44.72084
44.73193
44.74303
44.75418
44.7652
44.77631
44.78744
44.79868
44.8097
44.8208
44.83197
44.8433
44.85419
44.86522
44.87635
44.88742
44.89854
44.90972
44.92072
44.93189
44.943
44.95398
44.96518
44.97622
44.98756
44.99849
45.00959
45.02068
45.03177
45.04299
45.05401
45.06533
45.07624
45.0873
45.09837
45.10952
45.12065
45.13171
45.14285
45.15393
45.16502
45.17612
45.18722
45.19842
45.20943
45.22064
45.23175
45.24277
45.25394
45.26499
45.27611
45.28716
45.29828
45.30947
45.32052
45.33162
45.34276
45.35379
45.36496
45.37609
45.38715
45.39827
45.40939
45.42046
45.43162
45.44273
45.45388
45.46499
45.47602
45.48705
45.49819
45.50934
45.52039
45.5316
45.54256
45.55368
45.56479
45.57589
45.58702
45.59811
45.60933
45.62038
45.63151
45.6426
45.65365
45.66483
45.6759
45.68706
45.69815
45.7092
45.72034
45.73145
45.74249
45.75364
45.76472
45.77579
45.78695
45.79849
45.80914
45.82032
45.8315
45.84255
45.85356
45.86467
45.87575
45.88687
45.89822
45.90912
45.92019
45.93133
45.94257
45.95351
45.9646
45.97577
45.98685
45.99835
46.00902
46.02016
46.03129
46.04236
46.05348
46.06462
46.07573
46.08685
46.09791
46.10919
46.12014
46.13129
46.1423
46.1535
46.16452
46.17568
46.18679
46.19784
46.20894
46.22004
46.23116
46.24231
46.25338
46.26447
46.27559
46.2869
46.29791
46.30916
46.31999
46.33135
46.34222
46.35337
46.36444
46.37552
46.38676
46.39783
46.40889
46.41996
46.43102
46.4422
46.45356
46.46446
46.47552
46.48659
46.49768
46.50878
46.51995
46.53098
46.54209
46.5533
46.56434
46.57547
46.58652
46.59759
46.60879
46.61995
46.63098
46.6421
46.65325
46.66438
46.67538
46.68652
46.69757
46.70869
46.71986
46.73092
46.74198
46.75311
46.76423
46.77542
46.78647
46.79757
46.80864
46.8198
46.83096
46.842
46.85326
46.86423
46.87532
46.88642
46.89749
46.90865
46.91969
46.93085
46.94205
46.95318
46.9641
46.97527
46.98634
46.99747
47.00856
47.01968
47.0308
47.04206
47.05297
47.06406
47.07526
47.08639
47.09736
47.10857
47.11963
47.1308
47.1419
47.15299
47.16411
47.17518
47.18626
47.19753
47.20848
47.21958
47.23068
47.24186
47.25289
47.26403
47.27513
47.28622
47.29731
47.30839
47.31952
47.33064
47.34174
47.35293
47.36398
47.37503
47.38622
47.39731
47.40834
47.41948
47.43055
47.44175
47.45273
47.46386
47.47496
47.48606
47.49717
47.5083
47.51941
47.53051
47.54165
47.55365
47.56385
47.57496
47.58604
47.59713
47.60831
47.61938
47.63049
47.64154
47.65268
47.66385
47.67521
47.686
47.69753
47.70837
47.71936
47.73043
47.7415
47.75269
47.76377
47.77484
47.78617
47.79712
47.80821
47.81927
47.83044
47.84144
47.8526
47.86374
47.87482
47.88589
47.89707
47.90807
47.91924
47.93034
47.94154
47.95252
47.9636
47.97467
47.98585
47.99694
48.00807
48.01926
48.03037
48.04139
48.0525
48.06409
48.07471
48.08577
48.09685
48.1081
48.11914
48.13049
48.1413
48.15243
48.16371
48.17515
48.18579
48.19698
48.2081
48.21907
48.23027
48.24126
48.25237
48.26348
48.27456
48.28571
48.29684
48.30789
48.31905
48.3302
48.34126
48.35233
48.36348
48.37462
48.38578
48.39682
48.40788
48.41899
48.43003
48.44124
48.45238
48.5635
48.5745
48.58559
48.59667
48.60795
48.61893
48.63
48.64115
48.65215
48.66355
48.67443
48.68559
48.69657
48.70788
48.71883
48.72996
48.74098
48.7521
48.76323
48.77437
48.78547
48.79721
48.80795
48.81879
48.83007
48.84096
48.8521
48.86325
48.87435
48.88541
48.89657
48.90772
48.91875
48.92978
48.94092
48.95212
48.96315
48.97424
48.98536
48.99653
49.0076
49.01869
49.02974
49.04095
49.05198
49.0631
49.0742
49.0853
49.09641
49.10759
49.11868
49.12974
49.14086
49.15189
49.16302
49.1741
49.1853
49.19663
49.20746
49.21873
49.22976
49.2412
49.25194
49.26313
49.27415
49.28541
49.29631
49.30742
49.3185
49.32972
49.34076
49.35194
49.363
49.374
49.38527
49.39629
49.40739
49.4186
49.4296
49.44077
49.45185
49.46305
49.47396
49.48511
49.49621
49.50724
49.51851
49.52956
49.54062
49.55171
49.56285
49.57412
49.58504
49.59615
49.60728
49.61842
49.62948
49.64057
49.65165
49.66287
49.67392
49.68502
49.6961
49.70724
49.71835
49.7295
49.74048
49.75163
49.76284
49.77391
49.78498
49.79606
49.80717
49.81831
49.82939
49.84044
49.85187
49.86275
49.87384
49.88498
49.89603
49.90713
49.9182
49.92929
49.9404
49.95154
49.96261
49.97375
49.98486
49.99597
50.00706
50.01823
50.02927
50.04045
50.05148
50.06256
50.07391
50.08479
50.09591
50.10709
50.11818
50.12922
50.14027
50.15146
50.16253
50.17368
50.18481
50.19592
50.20696
50.21821
50.22932
50.24054
50.25159
50.26276
50.27371
50.28487
50.29591
50.30696
50.31807
50.32912
50.34019
50.35145
50.3624
50.3735
50.38465
50.3958
50.40688
50.41805
50.42908
50.44018
50.45126
50.46236
50.47344
50.48461
50.4957
50.50692
50.51796
50.529
50.54014
50.55121
50.56231
50.57343
50.58455
50.59563
50.60674
50.61791
50.62898
50.64009
50.65134
50.66247
50.67339
50.68455
50.69563
50.70684
50.71786
50.72888
50.74002
50.75142
50.76227
50.77336
50.78449
50.79556
50.80666
50.81786
50.8292
50.84008
50.85115
50.86229
50.87329
50.88442
50.89553
50.90672
50.91777
50.92885
50.93992
50.95107
50.96214
50.97341
50.98441
50.99548
51.00654
51.01776
51.02884
51.03992
51.05099
51.06214
51.07317
51.08429
51.09536
51.10648
51.11764
51.1288
51.13992
51.15088
51.162
51.17316
51.18423
51.19532
51.20646
51.21758
51.22865
51.23978
51.25086
51.26202
51.27315
51.28426
51.29534
51.30651
51.31775
51.32883
51.33974
51.35086
51.36197
51.37306
51.38417
51.39529
51.40639
51.41746
51.42859
51.43975
51.45079
51.46195
51.47294
51.48408
51.4952
51.5063
51.5175
51.52893
51.5397
51.55074
51.56182
51.57293
51.58409
51.59526
51.60625
51.61735
51.6285
51.63959
51.65065
51.66182
51.67288
51.68401
51.69509
51.70625
51.71749
51.72863
51.7396
51.75076
51.76172
51.77283
51.78399
51.79519
51.80616
51.81732
51.82841
51.83946
51.85061
51.86178
51.87281
51.8839
51.89501
51.90616
51.9173
51.92834
51.93948
51.95056
51.96164
51.9727
51.98386
51.99496
52.00607
52.01723
52.02827
52.03938
52.05047
52.06168
52.07267
52.08378
52.09486
52.10605
52.11721
52.12823
52.13935
52.15045
52.16154
52.17264
52.18377
52.19488
52.20607
52.21718
52.22816
52.23927
52.25035
52.2615
52.27264
52.2837
52.29488
52.30593
52.31717
52.32819
52.3392
52.35043
52.36155
52.37293
52.38377
52.39479
52.40588
52.41708
52.42812
52.43924
52.45032
52.46141
52.47247
52.48368
52.49471
52.50581
52.51709
52.5281
52.53913
52.55049
52.56159
52.57255
52.58361
52.59467
52.60586
52.61692
52.62801
52.63909
52.65015
52.66127
52.67239
52.68358
52.69461
52.70584
52.71686
52.72797
52.73901
52.75016
52.76126
52.77233
52.78346
52.79454
52.80573
52.81688
52.82793
52.83922
52.85018
52.86119
52.87231
52.88338
52.89455
52.90565
52.91672
52.92778
52.93895
52.94999
52.96117
52.97226
52.98339
52.99458
53.00562
53.0167
53.02779
53.03888
53.04999
53.0611
53.0722
53.08328
53.09509
53.10551
53.11662
53.12779
53.13883
53.15001
53.16101
53.17215
53.18353
53.19439
53.20557
53.21655
53.22769
53.23873
53.24987
53.261
53.27207
53.28315
53.29438
53.30548
53.31651
53.32767
53.33873
53.34986
53.36095
53.37205
53.38322
53.39435
53.40551
53.41677
53.42759
53.43867
53.44975
53.46102
53.47197
53.48312
53.49424
53.50552
53.51664
53.52755
53.53864
53.5498
53.56083
53.57193
53.5832
53.59414
53.6055
53.61675
53.62751
53.6386
53.64966
53.66083
53.67194
53.6831
53.69417
53.70523
53.71663
53.72739
53.73853
53.74962
53.7607
53.77193
53.78295
53.79412
53.80521
53.81652
53.82738
53.83846
53.84958
53.86068
53.87179
53.88319
53.89401
53.90514
53.91622
53.92742
53.93845
53.94951
53.96061
53.97173
53.98295
53.99398
54.00505
54.01622
54.02728
54.03842
54.04951
54.06059
54.07169
54.0829
54.09388
54.105
54.11616
54.12725
54.13833
54.14941
54.16054
54.17169
54.18282
54.19408
54.20498
54.21605
54.22718
54.23838
54.24937
54.26051
54.27171
54.28271
54.29386
54.30495
54.31603
54.32713
54.33828
54.34933
54.36044
54.37156
54.38271
54.39381
54.40487
54.41597
54.42705
54.43836
54.44934
54.46058
54.47168
54.48266
54.49376
54.50491
54.51609
54.52704
54.53813
54.54935
54.56033
54.57152
54.5826
54.59367
54.60476
54.61591
54.62698
54.6381
54.6492
54.66031
54.67141
54.6827
54.69384
54.70479
54.71581
54.72694
54.73805
54.74914
54.76027
54.7714
54.78245
54.79357
54.80465
54.81581
54.82701
54.83797
54.84918
54.86057
54.87138
54.88241
54.89351
54.90461
54.91576
54.92685
54.93793
54.94905
54.96013
54.97124
54.98241
54.99347
55.00455
55.01575
55.02678
55.0379
55.04902
55.06012
55.07121
55.08235
55.09347
55.10451
55.11565
55.12677
55.13819
55.1489
55.16002
55.17121
55.18258
55.19338
55.20445
55.21561
55.22666
55.2378
55.24886
55.25996
55.27108
55.28222
55.29336
55.30442
55.31554
55.32678
55.33769
55.34884
55.35993
55.37099
55.38217
55.3932
55.40435
55.41541
55.4266
55.4379
55.44879
55.45987
55.47099
55.48226
55.49327
55.50439
55.51547
55.52654
55.53758
55.54875
55.5598
55.57095
55.58207
55.59311
55.60425
55.61536
55.62651
55.63765
55.64866
55.66
55.67094
55.68212
55.69318
55.70456
55.71535
55.72644
55.73758
55.74865
55.75978
55.77089
55.78197
55.7933
55.80416
55.81529
55.82643
55.83748
55.84861
55.85974
55.87081
55.88193
55.89306
55.90411
55.91521
55.92633
55.93746
55.94861
55.96056
55.97071
55.98188
55.99304
56.00409
56.01519
56.02634
56.03743
56.04847
56.05959
56.07072
56.08183
56.09298
56.10423
56.11515
56.12627
56.13761
56.1485
56.15963
56.1707
56.18173
56.19287
56.20396
56.21509
56.2262
56.23727
56.24837
56.25964
56.27063
56.28173
56.29287
56.30418
56.31504
56.32617
56.3372
56.34831
56.35946
56.37053
56.38166
56.39275
56.40407
56.41508
56.42607
56.43719
56.44828
56.4594
56.47056
56.48162
56.49274
56.50389
56.515
56.5262
56.53778
56.54843
56.55943
56.57054
56.58163
56.59267
56.60386
56.61489
56.62604
56.63712
56.64817
56.65926
56.67045
56.68155
56.69265
56.70379
56.71481
56.72606
56.737
56.74812
56.75928
56.77036
56.78144
56.79263
56.8037
56.81481
56.82592
56.83721
56.8482
56.85929
56.87034
56.8815
56.89251
56.90362
56.91476
56.92586
56.93698
56.94806
56.95915
56.97022
56.98137
56.99253
57.00356
57.01468
57.02579
57.03693
57.04805
57.05907
57.0702
57.0813
57.09237
57.10356
57.11463
57.12576
57.13683
57.14794
57.15905
57.17013
57.1813
57.19242
57.20351
57.21461
57.22573
57.3479
57.37007
57.38118
57.39231
57.40339
57.41446
57.42562
57.43687
57.44797
57.45894
57.47016
57.48116
57.49225
57.50362
57.51459
57.52555
57.53668
57.54773
57.55888
57.57003
57.58113
57.59233
57.60336
57.6144
57.62555
57.75878
57.76986
57.78094
57.79202
57.80349
57.81433
57.82547
57.83648
57.84755
57.85872
57.86978
57.88092
57.89199
57.90312
57.91429
57.9253
57.93643
57.94751
57.95861
57.96983
57.98085
57.99199
58.00365
58.01421
58.02536
58.03637
58.0475
58.05856
58.06969
58.08077
58.09189
58.10315
58.11415
58.12566
58.13629
58.14743
58.15855
58.16961
58.18085
58.1919
58.20309
58.21407
58.22519
58.23628
58.24733
58.25853
58.26958
58.28075
58.29177
58.30286
58.31407
58.32519
58.33649
58.34729
58.35846
58.36948
58.38061
58.39178
58.40285
58.41396
58.4251
58.43628
58.4473
58.45838
58.46947
58.48056
58.49178
58.50281
58.51397
58.52509
58.53611
58.54723
58.55837
58.56944
58.58051
58.5917
58.60284
58.61393
58.62507
58.63627
58.64727
58.65834
58.66945
58.68055
58.69166
58.70278
58.71416
58.72492
58.73604
58.7472
58.75832
58.76937
58.78053
58.79162
58.8027
58.81379
58.82494
58.83604
58.84718
58.85826
58.86934
58.8804
58.89153
58.90272
58.91368
58.92495
58.93591
58.94704
58.95821
58.96923
58.98036
58.9915
59.00262
59.01367
59.02484
59.03593
59.04698
59.05818
59.06921
59.08027
59.0914
59.10253
59.11364
59.12487
59.13588
59.14692
59.15806
59.16917
59.18032
59.1914
59.20254
59.21365
59.22515
59.23582
59.24688
59.25802
59.26912
59.28025
59.29132
59.30241
59.31354
59.32491
59.3358
59.3469
59.358
59.36913
59.38015
59.39127
59.4024
59.41354
59.42474
59.43573
59.44676
59.45788
59.46898
59.48017
59.49124
59.50241
59.51345
59.52491
59.53563
59.54677
59.55788
59.56895
59.58006
59.59117
59.60237
59.61338
59.62467
59.63558
59.64672
59.65834
59.66918
59.68029
59.69123
59.70229
59.71338
59.72458
59.73558
59.74665
59.75776
59.80214
59.81327
59.82437
59.83568
59.8466
59.85802
59.86923
59.88008
59.89122
59.9022
59.9133
59.92442
59.93555
59.9466
59.95768
59.96878
59.97992
59.9911
60.00212
60.01315
60.02425
60.03548
60.04656
60.0577
60.06871
60.07981
60.09095
60.10205
60.11316
60.12436
60.13543
60.14659
60.15754
60.16867
60.17981
60.19086
60.20194
60.21309
60.22418
60.23534
60.2464
60.25754
60.2686
60.27974
60.29083
60.30207
60.31306
60.32415
60.33526
60.34636
60.35743
60.36856
60.37968
60.39082
60.40193
60.41298
60.42411
60.43528
60.44632
60.45746
60.46852
60.47956
60.49071
60.50184
60.51297
60.52404
60.53523
60.54626
60.55735
60.56844
60.57952
60.59068
60.62397
60.63517
60.64623
60.65762
60.66845
60.67953
60.69061
60.70187
60.71288
60.72396
60.73514
60.74614
60.75752
60.76845
60.77945
60.79053
60.80169
60.81279
60.82387
60.83553
60.84613
60.85728
60.86834
60.87945
60.89053
60.90171
60.91273
60.92392
60.93499
60.94604
60.95712
60.96832
60.97935
60.99055
61.00163
61.01271
61.0238
61.03493
61.04598
61.05713
61.0682
61.07938
61.09039
61.10161
61.11264
61.12374
61.13483
61.14595
61.15705
61.16813
61.17927
61.1904
61.20147
61.21259
61.22368
61.23487
61.2459
61.257
61.26813
61.27927
61.29032
61.30157
61.3125
61.32365
61.33482
61.34587
61.35696
61.36808
61.37919
61.39036
61.4014
61.41251
61.42355
61.43474
61.44585
61.45691
61.46802
61.47911
61.49063
61.50133
61.51244
61.52365
61.53465
61.54592
61.55687
61.56796
61.57914
61.59014
61.60134
61.61236
61.62347
61.63464
61.64568
61.65678
61.66796
61.6791
61.69017
61.70139
61.71236
61.72345
61.73463
61.7457
61.75683
61.76818
61.77903
61.79008
61.80128
61.81234
61.82345
61.83531
61.84558
61.85679
61.95662
61.96775
61.97884
61.99005
62.00109
62.01226
62.02326
62.03445
62.04553
62.05658
62.06776
62.07884
62.08989
62.10104
62.11214
62.12327
62.13448
62.14555
62.1567
62.16784
62.17876
62.18991
62.20106
62.2122
62.22321
62.23451
62.24545
62.25651
62.26762
62.27874
62.28998
62.30094
62.31203
62.32323
62.33456
62.34533
62.35643
62.36765
62.37866
62.38978
62.40094
62.41199
62.42313
62.43436
62.44535
62.45644
62.46749
62.47869
62.4897
62.50087
62.51192
62.52302
62.53424
62.54527
62.55653
62.56765
62.57859
62.58978
62.60088
62.61219
62.62299
62.63432
62.6453
62.65646
62.66752
62.6786
62.68967
62.70073
62.71184
62.72294
62.73402
62.74519
62.75632
62.7674
62.7785
62.78969
62.80074
62.81195
62.82291
62.83507
62.84516
62.85633
62.8674
62.87844
62.88953
62.90065
62.91176
62.92293
62.93397
62.94514
62.95617
62.96726
62.97832
62.98952
63.00057
63.01167
63.0228
63.03391
63.04525
63.05606
63.06717
63.07825
63.0894
63.10061
63.11166
63.1229
63.13387
63.14499
63.15604
63.16716
63.17829
63.22277
63.23382
63.24498
63.25609
63.26713
63.27825
63.28934
63.3004
63.31158
63.32268
63.33375
63.34492
63.35595
63.36707
63.37817
63.38926
63.40039
63.41157
63.42261
63.43372
63.44486
63.45594
63.46702
63.47808
63.48924
63.50034
63.5115
63.52255
63.53368
63.54486
63.55589
63.56702
63.57806
63.58915
63.60033
63.61142
63.62251
63.63361
63.64472
63.6558
63.66698
63.67803
63.68917
63.70029
63.71139
63.72266
63.73355
63.74467
63.75577
63.76686
63.778
63.7891
63.80017
63.81129
63.82243
63.83377
63.84468
63.85589
63.86687
63.87802
63.88904
63.90014
63.91122
63.92238
63.93348
63.94454
63.95564
63.96675
63.97784
63.98895
64.00011
64.01122
64.02234
64.03348
64.0445
64.05562
64.06673
64.07782
64.0889
64.1
64.11118
64.12227
64.13338
64.14445
64.15561
64.16667
64.1778
64.18895
64.19999
64.21114
64.22217
64.23328
64.24447
64.25557
64.26662
64.27773
64.28882
64.29996
64.31104
64.32212
64.33323
64.34446
64.35548
64.36656
64.37769
64.38882
64.39992
64.41098
64.4221
64.43319
64.44438
64.45544
64.46649
64.4776
64.48875
64.49995
64.51094
64.52207
64.53316
64.54461
64.55536
64.5665
64.57757
64.58868
64.59989
64.61095
64.62203
64.63313
64.64426
64.65539
64.66648
64.67761
64.6887
64.6998
64.71101
64.72192
64.73306
64.74418
64.75548
64.76636
64.77747
64.78854
64.79966
64.81087
64.82193
64.833
64.84421
64.85539
64.86636
64.87799
65.07734
65.08842
65.09955
65.11064
65.12186
65.13293
65.14402
65.15512
65.16616
65.17757
65.18839
65.19955
65.21063
65.22175
65.23282
65.244
65.25503
65.26626
65.2773
65.28838
65.29946
65.31064
65.32185
65.33275
65.34411
65.35498
65.36607
65.37734
65.38824
65.39944
65.41051
65.4216
65.4328
65.44387
65.45488
65.46598
65.47713
65.48826
65.49934
65.51045
65.52159
65.66597
65.67709
65.68822
65.69929
65.71039
65.72141
65.73257
65.74379
65.75481
65.7659
65.77699
65.78808
65.79916
65.81036
65.82144
65.83248
65.84361
65.85474
65.86591
65.87696
65.88836
65.89941
65.91026
65.92145
65.93252
65.94361
65.95468
65.96577
65.97691
65.98803
65.99935
66.01025
66.02133
66.03239
66.04358
66.05472
66.06577
66.07684
66.08791
66.09908
66.11016
66.12129
66.13241
66.14358
66.15457
66.16566
66.17675
66.18784
66.19895
66.21018
66.2212
66.23234
66.24357
66.25451
66.26567
66.27674
66.28786
66.29896
66.31002
66.32114
66.33223
66.34376
66.35444
66.36565
66.37666
66.38773
66.39893
66.41
66.4211
66.43221
66.44383
66.45443
66.46548
66.47659
66.48772
66.49884
66.50995
66.52112
66.5322
66.54387
66.55446
66.5655
66.57656
66.58771
66.59888
66.60989
66.62103
66.63224
66.64333
66.65437
66.66556
66.67678
66.68764
66.69879
66.70984
66.72112
66.73209
66.74315
66.75433
66.76537
66.77652
66.78767
66.79865
66.80981
66.82099
66.83214
66.84319
66.85464
66.86546
66.87644
66.88754
66.89864
66.90976
66.9209
66.93199
66.94306
66.95421
66.96532
66.97643
66.98782
66.99861
67.00979
67.02087
67.03197
67.04298
67.05418
67.06524
67.07635
67.08743
67.09853
67.10964
67.1208
67.13187
67.14302
67.15414
67.16521
67.17634
67.18737
67.1985
67.20961
67.22064
67.23183
67.24294
67.25455
67.26515
67.2763
67.28737
67.29851
67.30961
67.32071
67.33176
67.34286
67.35403
67.36509
67.3762
67.38731
67.39841
67.40953
67.42064
67.43174
67.4428
67.454
67.46502
67.4761
67.48727
67.49833
67.50948
67.52052
67.5317
67.54279
67.55396
67.56501
67.57613
67.58714
67.59827
67.60948
67.62049
67.6316
67.64275
67.65417
67.66508
67.67611
67.68715
67.69827
67.70937
67.7204
67.73156
67.74265
67.75382
67.76501
67.77601
67.78706
67.79821
67.80934
67.82037
67.8315
67.84266
67.85384
67.86492
67.87601
67.88712
67.89823
67.90927
67.92047
67.93154
67.94308
67.95379
67.96487
67.97861
67.98706
67.99788
68.0088
68.01983
68.03104
68.04222
68.05326
68.06418
68.07541
68.08635
68.09744
68.10902
68.12125
68.131
68.14191
68.15305
68.1646
68.17535
68.18635
68.19735
68.20851
68.21956
68.23077
68.24177
68.25294
68.26399
68.27508
68.28622
68.29745
68.30844
68.31951
68.33058
68.34171
68.353
68.36419
68.3754
68.38667
68.39779
68.40903
68.42009
68.4312
68.44231
68.45347
68.46452
68.47562
68.48676
68.49788
68.50896
68.52013
68.5312
68.5425
68.55353
68.56451
68.57555
68.58666
68.59777
68.60889
68.62003
68.63138
68.64227
68.65343
68.66444
68.67558
68.68663
68.69781
68.70888
68.71992
68.73108
68.74218
68.75327
68.76436
68.7755
68.78657
68.7977
68.80882
68.82009
68.83107
68.84221
68.85339
68.86438
68.87545
68.88657
68.89764
68.90878
68.91988
68.93116
68.94204
68.95322
68.96429
68.97566
68.98653
68.9976
69.00884
69.01981
69.03092
69.04202
69.05315
69.06427
69.07536
69.08646
69.09759
69.10875
69.11981
69.1309
69.14201
69.15313
69.16425
69.17529
69.18638
69.19753
69.20866
69.21966
69.23077
69.24191
69.25305
69.26416
69.27527
69.28635
69.29747
69.30858
69.31976
69.33076
69.34196
69.353
69.36406
69.37527
69.38631
69.39738
69.40854
69.41985
69.43072
69.44212
69.45301
69.46399
69.4752
69.48628
69.49734
69.50846
69.51958
69.53065
69.54179
69.55288
69.56396
69.57504
69.58617
69.59734
69.6084
69.61948
69.63065
69.64174
69.65292
69.66399
69.67506
69.68619
69.69731
69.70837
69.71944
69.73057
69.74168
69.75278
69.76389
69.77495
69.78615
69.7972
69.8083
69.81944
69.83051
69.84165
69.85305
69.86394
69.87502
69.88628
69.89716
69.90824
69.91936
69.93044
69.94166
69.95274
69.96379
69.97494
69.98602
69.99706
70.00819
70.01931
70.03044
70.04153
70.05267
70.06373
70.07479
70.0859
70.09718
70.10818
70.11929
70.13049
70.14156
70.15276
70.16368
70.17477
70.18591
70.19701
70.2081
70.21917
70.23037
70.24142
70.253
70.2638
70.27473
70.28585
70.29697
70.30803
70.3192
70.33026
70.34141
70.35271
70.36366
70.3747
70.38576
70.39691
70.40819
70.41911
70.43025
70.44133
70.45266
70.46352
70.47462
70.48573
70.49686
70.50791
70.51908
70.53019
70.54127
70.55258
70.56355
70.57461
70.58576
70.59682
70.60822
70.6191
70.6301
70.64126
70.65259
70.66341
70.67464
70.68572
70.69678
70.70786
70.71906
70.73006
70.74115
70.75251
70.76344
70.77448
70.78559
70.79668
70.80775
70.81896
70.83005
70.84111
70.85262
70.86349
70.87457
70.88555
70.8967
70.90782
70.91887
70.93002
70.94112
70.95242
70.96329
70.97437
70.98546
70.9966
71.00768
71.01876
71.02999
71.04105
71.05247
71.06329
71.07439
71.08545
71.09653
71.10764
71.11884
71.12994
71.14095
71.15234
71.16324
71.17441
71.18565
71.19656
71.20762
71.21875
71.22984
71.241
71.25204
71.26321
71.27431
71.28542
71.29652
71.30765
71.31867
71.32977
71.34133
71.35194
71.36311
71.37429
71.38528
71.39639
71.40763
71.41859
71.42976
71.4409
71.45202
71.46304
71.47414
71.4853
71.49641
71.50748
71.51855
71.52967
71.54079
71.55193
71.56303
71.57412
71.5852
71.59634
71.60738
71.61848
71.62967
71.64074
71.65189
71.66364
71.67428
71.68514
71.69625
71.70734
71.71843
71.72961
71.74074
71.75182
71.76295
71.77433
71.7851
71.79621
71.80737
71.81847
71.8295
71.84062
71.85184
71.86289
71.87417
71.88508
71.89615
71.90726
71.91833
71.92946
71.94063
71.9517
71.96297
71.97391
71.98551
71.99607
72.0072
72.01829
72.0294
72.0405
72.05162
72.06282
72.07394
72.08503
72.09602
72.10712
72.11834
72.12936
72.14043
72.15155
72.16277
72.17386
72.18493
72.19604
72.20722
72.21832
72.22938
72.2405
72.25155
72.26274
72.27386
72.28509
72.29597
72.30702
72.31821
72.32928
72.34032
72.35151
72.36259
72.37371
72.38483
72.39594
72.40705
72.41816
72.42931
72.44032
72.45145
72.46255
72.47363
72.48479
72.4959
72.50697
72.51807
72.52918
72.54037
72.55138
72.56245
72.57357
72.5848
72.59592
72.60693
72.61805
72.62918
72.64026
72.65134
72.66262
72.67357
72.68467
72.69589
72.70694
72.71796
72.72912
72.74024
72.75134
72.76254
72.77353
72.78468
72.79569
72.80678
72.8179
72.82905
72.84013
72.85125
72.86234
72.8735
72.88455
72.89574
72.90675
72.91791
72.92896
72.94007
72.95122
72.96227
72.97337
72.9845
72.9956
73.00668
73.01781
73.02899
73.04006
73.05122
73.06232
73.07339
73.0845
73.09557
73.10667
73.11778
73.12881
73.14
73.15118
73.16219
73.17336
73.18436
73.1955
73.2067
73.2177
73.22878
73.24004
73.25111
73.26226
73.27332
73.28443
73.29545
73.3066
73.31767
73.3288
73.33989
73.35103
73.36218
73.37318
73.38429
73.39545
73.40647
73.41765
73.42878
73.43982
73.45094
73.46207
73.47314
73.48422
73.49535
73.50644
73.51762
73.52866
73.53978
73.55092
73.56207
73.57309
73.58419
73.59531
73.60637
73.61754
73.62859
73.63978
73.65099
73.66193
73.67312
73.68417
73.69526
73.70647
73.71746
73.72864
73.7397
73.75082
73.76196
73.77305
73.78412
73.7952
73.8063
73.81747
73.82857
73.83959
73.85083
73.86195
73.87298
73.88406
73.89509
73.90623
73.9174
73.92847
73.93958
73.95069
73.96179
73.97295
73.9841
73.99561
74.00618
74.01733
74.02845
74.0395
74.05065
74.06179
74.0729
74.08393
74.09502
74.10615
74.11729
74.12837
74.13954
74.15058
74.16171
74.17282
74.18392
74.19498
74.20609
74.21725
74.22834
74.2394
74.25052
74.26177
74.27283
74.28395
74.29507
74.3063
74.31732
74.32832
74.33937
74.35051
74.36166
74.37273
74.38383
74.39493
74.40601
74.41712
74.42828
74.43933
74.45049
74.46168
74.4727
74.48379
74.49491
74.50616
74.51708
74.52826
74.5394
74.5505
74.56176
74.57298
74.58379
74.59487
74.60603
74.61703
74.62814
74.63926
74.65032
74.66149
74.67254
74.68362
74.69477
74.70594
74.71696
74.72807
74.73919
74.75027
74.76155
74.77254
74.78362
74.79471
74.80598
74.81696
74.82808
74.83912
74.85022
74.86147
74.87257
74.88367
74.89494
74.90591
74.91694
74.92801
74.93916
74.9502
74.96133
74.97237
74.98348
74.99487
75.00569
75.01687
75.02791
75.03902
75.05013
75.06128
75.07239
75.08345
75.09454
75.10567
75.11678
75.1279
75.13898
75.15014
75.16134
75.17229
75.18343
75.1945
75.20565
75.21674
75.22788
75.23897
75.25002
75.26157
75.27225
75.28341
75.29446
75.3056
75.31666
75.3278
75.33907
75.35007
75.36162
75.37225
75.3834
75.39444
75.40552
75.41663
75.42768
75.43881
75.44998
75.46142
75.47212
75.4833
75.49437
75.50549
75.51661
75.52769
75.53889
75.54987
75.5619
75.57213
75.58321
75.59427
75.60547
75.61654
75.62761
75.63869
75.64985
75.66124
75.67211
75.68318
75.6945
75.70538
75.71643
75.72763
75.73871
75.74986
75.76102
75.77203
75.78312
75.79424
75.80531
75.81643
75.82756
75.8386
75.84984
75.86092
75.87202
75.88308
75.89414
75.90533
75.91636
75.92749
75.93887
75.9497
75.96095
75.97186
75.98308
75.99419
76.00533
76.0163
76.02742
76.03852
76.04975
76.06081
76.07187
76.08299
76.09404
76.10518
76.11625
76.12738
76.13852
76.14956
76.16107
76.17178
76.18295
76.19402
76.20509
76.2162
76.22735
76.23839
76.24957
76.26068
76.27181
76.28294
76.29418
76.30509
76.31625
76.32726
76.33841
76.34953
76.36055
76.37178
76.38299
76.39397
76.40517
76.41617
76.42727
76.4383
76.44942
76.46058
76.47182
76.48325
76.49393
76.50496
76.51606
76.5272
76.53826
76.54934
76.56046
76.57182
76.58273
76.594
76.60497
76.61606
76.62746
76.63837
76.64944
76.66046
76.67171
76.68292
76.69377
76.70484
76.71596
76.72712
76.73815
76.74958
76.76038
76.77155
76.78268
76.79372
76.80482
76.81597
76.82703
76.83813
76.84926
76.86036
76.87152
76.88257
76.89375
76.90479
76.91595
76.92698
76.93813
76.94915
76.96027
76.9716
76.98251
76.99365
77.00473
77.01581
77.02692
77.03802
77.04913
77.06026
77.07139
77.0825
77.09366
77.10465
77.11575
77.12688
77.138
77.14908
77.16022
77.17133
77.18244
77.19359
77.20461
77.21568
77.22688
77.2379
77.2491
77.26013
77.27139
77.28243
77.29353
77.30457
77.31567
77.32681
77.33809
77.34908
77.3601
77.37135
77.38232
77.39348
77.40459
77.4156
77.42676
77.43794
77.4491
77.46006
77.47115
77.48226
77.49337
77.50449
77.51556
77.52667
77.57112
77.58227
77.59333
77.60444
77.61554
77.62662
77.6377
77.64889
77.66039
77.6711
77.6822
77.6933
77.70435
77.71556
77.7266
77.73769
77.74882
77.7599
77.77105
77.7821
77.79325
77.80435
77.81543
77.82656
77.83762
77.84872
77.85986
77.87108
77.88213
77.89318
77.90425
77.91538
77.92645
77.93755
77.9487
77.95977
77.971
77.98205
77.99311
78.00434
78.01534
78.02647
78.03752
78.04864
78.05977
78.07088
78.08196
78.0931
78.10416
78.11523
78.12634
78.13747
78.14862
78.15968
78.17084
78.18198
78.19305
78.20415
78.21521
78.22638
78.2374
78.24853
78.25967
78.27106
78.28188
78.29297
78.30418
78.31526
78.32628
78.33786
78.34858
78.3596
78.37086
78.3818
78.393
78.404
78.41511
78.42628
78.43761
78.44862
78.4597
78.47076
78.48201
78.49331
78.50402
78.51512
78.52615
78.53732
78.54839
78.55952
78.57062
78.5817
78.59283
78.60394
78.61504
78.62615
78.63718
78.64841
78.65949
78.67072
78.68174
78.69276
78.70388
78.71498
78.72614
78.73717
78.74829
78.75938
78.77054
78.78161
78.79275
78.80386
78.81496
78.82602
78.83717
78.84834
78.85935
78.87051
78.88162
78.89269
78.90379
78.91499
78.92606
78.93707
78.9482
78.95937
78.97037
78.98182
78.99268
79.00375
79.01484
79.02596
79.037
79.04816
79.05927
79.0703
79.08147
79.09254
79.10364
79.11485
79.12585
79.13698
79.14816
79.15917
79.17033
79.18142
79.19252
79.20361
79.21471
79.22582
79.23691
79.24803
79.25916
79.27037
79.28141
79.29249
79.30355
79.31469
79.32574
79.33686
79.34807
79.35903
79.37022
79.38129
79.39243
79.4035
79.41467
79.42583
79.43687
79.44796
79.45901
79.47013
79.48129
79.49239
79.50356
79.51462
79.52576
79.5369
79.54789
79.55901
79.57016
79.58142
79.59232
79.60342
79.61455
79.62565
79.63673
79.64783
79.65903
79.67015
79.68122
79.6923
79.70342
79.71442
79.72552
79.73674
79.7478
79.75889
79.77
79.78114
79.79223
79.80349
79.81444
79.82558
79.83674
79.84778
79.85893
79.87018
79.88108
79.89226
79.90384
79.91447
79.92551
79.93653
79.94801
79.95879
79.97014
79.98127
79.99216
80.00323
80.0143
80.0254
80.03652
80.04771
80.05875
80.07019
80.08098
80.09209
80.10357
80.11425
80.12541
80.13664
80.14758
80.15872
80.17004
80.18094
80.19204
80.2032
80.21418
80.22541
80.23641
80.24765
80.25864
80.27001
80.28093
80.29196
80.30307
80.31419
80.32527
80.33636
80.34747
80.35874
80.36983
80.3808
80.39195
80.40302
80.41415
80.42523
80.43657
80.44753
80.45852
80.46963
80.48088
80.49196
80.50298
80.51413
80.52516
80.53626
80.54744
80.55862
80.56967
80.58105
80.59186
80.60297
80.61401
80.62511
80.63618
80.64732
80.65847
80.66978
80.68077
80.69188
80.703
80.71399
80.72507
80.73613
80.74734
80.75845
80.76949
80.78084
80.79174
80.80289
80.8141
80.8251
80.83614
80.84727
80.85835
80.86949
80.88068
80.8918
80.90278
80.91395
80.92505
80.93653
80.94723
80.95828
80.96935
80.98069
80.99158
81.00272
81.01396
81.02489
81.03653
81.04711
81.05826
81.06959
81.08049
81.09157
81.10276
81.11456
81.12492
81.13605
81.14707
81.15821
81.16946
81.1804
81.19151
81.20256
81.21368
81.22481
81.23592
81.24702
81.25811
81.26922
81.28117
81.2923
81.30276
81.31382
81.32481
81.33588
81.34702
81.3582
81.36927
81.38045
81.39147
81.40253
81.4136
81.42472
81.43586
81.44706
81.4581
81.46915
81.48033
81.49146
81.50247
81.51363
81.52468
81.53577
81.54688
81.55803
81.56911
81.58027
81.59132
81.60258
81.61354
81.62486
81.63577
81.64686
81.65797
81.66911
81.68031
81.69141
81.70253
81.71376
81.72469
81.73576
81.74686
81.758
81.76909
81.78019
81.79121
81.80236
81.81346
81.82462
81.83575
81.84673
81.85789
81.86897
81.88013
81.89123
81.90224
81.91344
81.92454
81.93562
81.94673
81.95808
81.96888
81.98004
81.99113
82.00221
82.01336
82.02447
82.03561
82.04663
82.05779
82.06897
82.07997
82.09109
82.10222
82.11327
82.12434
82.13549
82.14667
82.15859
82.16884
82.17997
82.19111
82.20219
82.21349
82.22449
82.2356
82.24657
82.2577
82.26876
82.27989
82.29108
82.30211
82.31319
82.32424
82.33534
82.34644
82.35757
82.36871
82.37988
82.39096
82.40201
82.41309
82.4242
82.43532
82.44643
82.45753
82.46862
82.47981
82.49088
82.50197
82.5135
82.52423
82.5354
82.54646
82.55748
82.56859
82.57979
82.59084
82.60191
82.61305
82.62414
82.63525
82.64642
82.65762
82.66875
82.68016
82.69103
82.70194
82.71297
82.7241
82.73524
82.74634
82.75745
82.76852
82.7797
82.79076
82.80195
82.81297
82.82409
82.83554
82.84648
82.85748
82.86852
82.87961
82.89073
82.90189
82.91303
82.92406
82.9351
82.94621
82.95727
82.96843
82.97963
82.99064
83.00193
83.01292
83.02405
83.03503
83.0462
83.05729
83.06837
83.07949
83.09056
83.10167
83.11285
83.12392
83.13495
83.14615
83.15724
83.16833
83.17947
83.19054
83.20171
83.21281
83.22387
83.23494
83.24604
83.25721
83.26836
83.27947
83.29085
83.30165
83.31297
83.32388
83.33499
83.34618
83.35732
83.36826
83.37949
83.3904
83.4016
83.41258
83.42378
83.43481
83.44598
83.45708
83.46822
83.47936
83.49043
83.50147
83.51259
83.52377
83.53481
83.54591
83.55701
83.56812
83.57938
83.59035
83.60145
83.61257
83.62371
83.63475
83.64582
83.657
83.66815
83.67929
83.69031
83.70148
83.71275
83.72372
83.73472
83.74584
83.75697
83.76797
83.77935
83.79024
83.80138
83.81243
83.82354
83.83476
83.84576
83.85694
83.86796
83.87917
83.89017
83.90124
83.91238
83.92355
83.93466
83.9457
83.95676
83.96788
83.97935
83.99013
84.00122
84.01237
84.02344
84.03452
84.04567
84.05671
84.06787
84.07902
84.0902
84.10115
84.11225
84.12347
84.13446
84.14563
84.15668
84.16781
84.17897
84.19007
84.20135
84.21221
84.22331
84.23449
84.24563
84.25666
84.26777
84.27893
84.29002
84.3011
84.31219
84.32325
84.33437
84.3455
84.35658
84.3677
84.37887
84.38997
84.40114
84.41209
84.42329
84.43431
84.44543
84.45655
84.46772
84.47884
84.48997
84.50106
84.51208
84.52319
84.53427
84.54536
84.55655
84.56767
84.57876
84.58981
84.60093
84.61221
84.62318
84.63423
84.64538
84.65647
84.66761
84.67884
84.68977
84.701
84.71242
84.72311
84.73433
84.74537
84.75658
84.76762
84.77866
84.79062
84.80087
84.81193
84.82302
84.83488
84.84532
84.85649
84.86763
84.87859
84.88966
84.90081
84.91219
84.92301
84.93411
84.94525
84.95627
84.96735
84.9786
84.98962
85.00082
85.01189
85.02309
85.03405
85.04513
85.05628
85.06736
85.07846
85.08957
85.1007
85.11182
85.12293
85.13397
85.1451
85.15617
85.16736
85.17847
85.1895
85.20063
85.21174
85.22279
85.23396
85.24502
85.25656
85.2673
85.27841
85.28948
85.30061
85.31186
85.32279
85.33395
85.345
85.35608
85.36727
85.37833
85.38946
85.40063
85.41164
85.42278
85.43385
85.44499
85.45606
85.46712
85.47829
85.48947
85.50047
85.51158
85.52273
85.5338
85.54488
85.55604
85.56714
85.57823
85.58936
85.60046
85.61157
85.62262
85.63372
85.64495
85.65599
85.66706
85.67819
85.68927
85.70053
85.71185
85.7226
85.73369
85.7448
85.75594
85.76705
85.77825
85.78929
85.80072
85.81153
85.82262
85.83472
85.84486
85.85593
85.86718
85.87824
85.88927
85.90041
85.91146
85.92256
85.93391
85.94495
85.956
85.96719
85.97806
85.9892
86.00045
86.01167
86.02242
86.03354
86.04465
86.05582
86.06688
86.07799
86.08929
86.10022
86.11148
86.12238
86.1335
86.14458
86.15569
86.16683
86.17795
86.18929
86.20023
86.21123
86.22233
86.23344
86.24454
86.25574
86.26685
86.27789
86.28897
86.30046
86.3112
86.32227
86.33342
86.34448
86.35561
86.36676
86.37783
86.38903
86.40015
86.41135
86.42232
86.43333
86.44447
86.45555
86.46667
86.47784
86.48893
86.50004
86.51114
86.52216
86.53329
86.54455
86.55563
86.56661
86.57776
86.58884
86.60054
86.61106
86.62216
86.6333
86.64436
86.65546
86.66656
86.68077
86.69192
86.70297
86.71403
86.72517
86.73645
86.74738
86.75847
86.76959
86.78067
86.79179
86.80288
86.81403
86.82522
86.83673
86.87463
86.88265
86.89045
86.89719
86.90826
86.9193
86.93042
86.94156
86.95259
86.9637
86.97479
86.98599
86.99713
87.00817
87.01919
87.03031
87.04156
87.05254
87.06365
87.07478
87.08588
87.097
87.10814
87.11917
87.13032
87.14141
87.15249
87.16357
87.17474
87.18589
87.197
87.20815
87.21918
87.23032
87.24157
87.25279
87.26405
87.27543
87.28667
87.29811
87.30919
87.32043
87.3318
87.34307
87.35435
87.3656
87.37681
87.38818
87.39948
87.41067
87.42175
87.43288
87.44397
87.45506
87.46614
87.47729
87.48841
87.49957
87.51067
87.5217
87.5328
87.54394
87.55505
87.56612
87.57722
87.58836
87.59949
87.6106
87.62177
87.63274
87.64389
87.65493
87.66619
87.67747
87.68843
87.69948
87.71047
87.7216
87.73273
87.74383
87.75494
87.76601
87.77713
87.78823
87.7994
87.81049
87.82164
87.83265
87.84374
87.85491
87.866
87.87724
87.8885
87.89964
87.91043
87.92146
87.93264
87.9437
87.95478
87.96592
87.97711
87.98815
87.99924
88.01031
88.02146
88.03256
88.04366
88.05474
88.0659
88.07702
88.0881
88.09924
88.11031
88.12143
88.13255
88.14359
88.15484
88.16581
88.1769
88.18809
88.19916
88.21025
88.22138
88.23255
88.24357
88.25464
88.26575
88.27693
88.28807
88.29913
88.31017
88.32129
88.33244
88.34356
88.35458
88.36577
88.37688
88.38798
88.39908
88.41015
88.42126
88.43231
88.44357
88.45457
88.46565
88.47675
88.48792
88.49903
88.51016
88.52119
88.53234
88.54343
88.5545
88.56567
88.57681
88.58783
88.599
88.61006
88.62116
88.63232
88.64339
88.65443
88.66582
88.67686
88.68789
88.69894
88.71
88.72109
88.73235
88.74332
88.75449
88.7655
88.77663
88.78777
88.79887
88.80997
88.82103
88.83224
88.84331
88.85444
88.86551
88.8766
88.8879
88.89883
88.91006
88.9211
88.93247
88.94333
88.95441
88.96548
88.97652
88.98794
88.99886
89.00985
89.02104
89.0321
89.04317
89.05425
89.06541
89.07649
89.08778
89.09868
89.10982
89.12088
89.1321
89.14312
89.15424
89.16536
89.17645
89.18779
89.19863
89.20971
89.22102
89.23195
89.24307
89.25417
89.26528
89.27643
89.28767
89.29864
89.30972
89.32081
89.33192
89.34302
89.35413
89.3653
89.37641
89.38753
89.39857
89.40967
89.42075
89.43185
89.44294
89.45415
89.46545
89.4763
89.48766
89.49853
89.50961
89.52071
89.53192
89.54298
89.55404
89.56514
89.57626
89.5877
89.59845
89.60958
89.62086
89.63174
89.64284
89.65401
89.66511
89.67635
89.68739
89.69843
89.70948
89.72057
89.73167
89.74283
89.75391
89.76503
89.77612
89.78723
89.79838
89.80944
89.82061
89.8317
89.84294
89.85385
89.86505
89.8761
89.88721
89.89832
89.90942
89.92078
89.93161
89.9427
89.95398
89.96507
89.97614
89.98721
89.99842
90.00938
90.02046
90.03152
90.04269
90.05376
90.06491
90.07647
90.0871
90.09821
90.1093
90.12038
90.13148
90.14264
90.15384
90.16485
90.17609
90.18707
90.19814
90.20924
90.22033
90.23154
90.2426
90.25365
90.26479
90.27589
90.28703
90.29813
90.30933
90.32034
90.33143
90.34254
90.3536
90.36472
90.37582
90.38689
90.39812
90.40914
90.42021
90.43157
90.44255
90.45362
90.4648
90.47581
90.48693
90.49805
90.50909
90.52022
90.53133
90.54246
90.55358
90.56468
90.57576
90.58688
90.59795
90.60904
90.62022
90.63125
90.64237
90.65348
90.66466
90.6757
90.68678
90.69793
90.70898
90.72009
90.73129
90.74249
90.75351
90.76456
90.7757
90.78674
90.7979
90.80898
90.82014
90.83118
90.84227
90.85345
90.86447
90.87564
90.88669
90.89784
90.9089
90.91998
90.93125
90.9422
90.95328
90.96442
90.97555
90.98663
90.99792
91.009
91.01997
91.03111
91.04217
91.05324
91.06437
91.07549
91.08665
91.09772
91.10881
91.11989
91.13103
91.14214
91.15318
91.16437
91.17543
91.18653
91.19764
91.20877
91.21986
91.231
91.24215
91.25314
91.26427
91.27538
91.28654
91.29764
91.30872
91.3198
91.33096
91.34272
91.35312
91.36423
91.37537
91.38648
91.39764
91.40867
91.41975
91.43085
91.44196
91.45303
91.46414
91.4753
91.4864
91.49755
91.50861
91.51972
91.53083
91.54193
91.55309
91.56414
91.57526
91.58633
91.59744
91.60855
91.6197
91.6308
91.64205
91.65296
91.66406
91.67527
91.68652
91.6974
91.7086
91.71957
91.73075
91.74181
91.75293
91.764
91.77511
91.78628
91.79738
91.80845
91.81955
91.8307
91.84181
91.8529
91.86405
91.87508
91.88662
91.89735
91.90841
91.91983
91.93069
91.94176
91.95277
91.9639
91.97511
91.98611
91.99726
92.00837
92.01954
92.03059
92.04185
92.05284
92.06393
92.07502
92.08611
92.0972
92.10836
92.11938
92.13053
92.14165
92.15269
92.16383
92.175
92.18604
92.19716
92.20827
92.21936
92.2305
92.2417
92.25267
92.26377
92.27495
92.28599
92.29746
92.30824
92.31927
92.33054
92.34151
92.35264
92.36372
92.37486
92.38593
92.39727
92.40817
92.41927
92.43039
92.44144
92.45255
92.46364
92.47481
92.48597
92.49727
92.50819
92.5192
92.5303
92.54142
92.55258
92.56365
92.57478
92.58582
92.59709
92.60812
92.61922
92.63028
92.64144
92.65248
92.66361
92.67477
92.68581
92.69707
92.70807
92.7191
92.73021
92.74129
92.75243
92.76353
92.77466
92.78576
92.79717
92.80795
92.8191
92.83022
92.84127
92.85244
92.86353
92.87464
92.88571
92.8968
92.90797
92.91905
92.93017
92.94125
92.95242
92.96346
92.97454
92.98571
92.99683
93.00788
93.01894
93.03056
93.04122
93.0524
93.06346
93.07453
93.08564
93.09679
93.10802
93.119
93.13004
93.14114
93.1524
93.16338
93.17444
93.18559
93.19665
93.20774
93.21889
93.22996
93.24104
93.25214
93.26337
93.27444
93.2855
93.29661
93.30769
93.31882
93.33001
93.34097
93.35209
93.36324
93.37432
93.3855
93.3966
93.40766
93.4189
93.4299
93.44096
93.45214
93.46314
93.47427
93.4854
93.4965
93.5076
93.51877
93.52992
93.54103
93.55221
93.56316
93.57437
93.58541
93.59644
93.60757
93.61868
93.62978
93.64085
93.65196
93.66312
93.67429
93.6853
93.69641
93.70752
93.71859
93.72976
93.7408
93.75204
93.76301
93.77424
93.78528
93.79632
93.80751
93.81853
93.82968
93.84074
93.85194
93.8631
93.87405
93.88529
93.89632
93.90742
93.91853
93.92964
93.94076
93.95177
93.96291
93.97409
93.98549
93.99629
94.0074
94.01846
94.0296
94.04081
94.0518
94.06289
94.074
94.08508
94.09616
94.10734
94.11842
94.12969
94.14067
94.15189
94.16287
94.17399
94.18509
94.19623
94.20752
94.21845
94.22955
94.24053
94.25177
94.26276
94.27391
94.285
94.2961
94.30719
94.31834
94.32941
94.34052
94.35165
94.3627
94.37385
94.38497
94.39608
94.40721
94.41829
94.42936
94.44051
94.45171
94.4627
94.4738
94.48531
94.496
94.50719
94.51824
94.52933
94.54042
94.55153
94.5626
94.57372
94.58485
94.59592
94.60712
94.61822
94.6293
94.6404
94.6515
94.66273
94.67378
94.68487
94.69598
94.7076
94.71812
94.72932
94.74048
94.75151
94.7627
94.77367
94.7849
94.796
94.80699
94.81831
94.82938
94.84031
94.85148
94.86259
94.87363
94.88499
94.89603
94.90701
94.91807
94.92937
94.94025
94.95146
94.96246
94.97361
94.98463
94.99577
95.00725
95.01801
95.0291
95.04013
95.05129
95.0624
95.07355
95.08458
95.09568
95.10693
95.11787
95.12908
95.14012
95.15129
95.16241
95.17346
95.18467
95.19582
95.20684
95.21794
95.22899
95.24011
95.25159
95.26233
95.2734
95.2846
95.29559
95.30676
95.31782
95.32893
95.34002
95.3511
95.36224
95.37336
95.38441
95.39557
95.40668
95.41782
95.4289
95.44012
95.45108
95.46217
95.47327
95.4844
95.49548
95.50665
95.51775
95.52882
95.54
95.55107
95.56209
95.57334
95.58436
95.59554
95.60661
95.61774
95.6288
95.63991
95.65096
95.66207
95.67319
95.68436
95.69539
95.70663
95.71766
95.72879
95.73993
95.75108
95.7622
95.77337
95.78439
95.79551
95.80648
95.81757
95.82867
95.83974
95.85094
95.86197
95.87313
95.88419
95.89528
95.90651
95.91753
95.92863
95.9398
95.9509
95.96214
95.97314
95.98417
95.99529
96.00637
96.01748
96.02863
96.03974
96.05088
96.06221
96.07298
96.08423
96.09516
96.1064
96.11742
96.12855
96.13961
96.1507
96.16185
96.17292
96.18414
96.19513
96.20629
96.21748
96.2285
96.23969
96.25071
96.26184
96.27299
96.28405
96.29516
96.3063
96.31734
96.32854
96.33962
96.35062
96.36205
96.37303
96.38393
96.39503
96.40623
96.41727
96.42838
96.43955
96.45056
96.46175
96.47279
96.48462
96.49503
96.50613
96.51728
96.52847
96.53938
96.55051
96.56165
96.57276
96.58385
96.59501
96.6062
96.61719
96.62828
96.63937
96.6505
96.66164
96.67265
96.68465
96.6949
96.70689
96.71715
96.72822
96.73931
96.75043
96.76152
96.77264
96.78372
96.79482
96.80626
96.81706
96.82814
96.83949
96.85044
96.86156
96.87267
96.88377
96.89484
96.90638
96.91705
96.92812
96.93924
96.95033
96.96145
96.97253
96.98367
96.99487
97.00612
97.01698
97.02804
97.03915
97.05031
97.06143
97.07251
97.0836
97.09469
97.10611
97.11691
97.12804
97.13914
97.15029
97.16136
97.17243
97.18361
97.19471
97.20602
97.21687
97.22798
97.23904
97.25017
97.26128
97.27238
97.28351
97.29466
97.30608
97.31679
97.32798
97.33907
97.35014
97.36133
97.3725
97.3836
97.39459
97.40569
97.4168
97.42789
97.43899
97.45008
97.46126
97.47232
97.48348
97.4945
97.50561
97.51676
97.52783
97.53891
97.55002
97.56114
97.57227
97.58333
97.59444
97.60558
97.61675
97.62782
97.63888
97.64999
97.66112
97.67216
97.68328
97.69456
97.70552
97.71669
97.72772
97.7388
97.74992
97.76108
97.77222
97.78326
97.79433
97.80544
97.81659
97.8277
97.83875
97.84991
97.861
97.87215
97.88322
97.89429
97.90541
97.91656
97.9277
97.93875
97.94981
97.96096
97.97205
97.98325
97.99426
98.00534
98.01648
98.02757
98.03872
98.04987
98.06095
98.07208
98.08319
98.09417
98.10532
98.11647
98.12753
98.1387
98.14972
98.16087
98.17196
98.18308
98.19425
98.20537
98.21653
98.22755
98.23868
98.24965
98.26087
98.27204
98.28381
98.29417
98.30525
98.31637
98.32756
98.33855
98.34973
98.36086
98.37192
98.383
98.39483
98.40559
98.41672
98.42755
98.4388
98.44986
98.4611
98.47182
98.48302
98.49405
98.50513
98.51632
98.52746
98.53854
98.54966
98.56065
98.57172
98.58282
98.59392
98.60509
98.61621
98.62732
98.63836
98.64944
98.66087
98.67171
98.68312
98.69402
98.70515
98.71612
98.72724
98.73829
98.7494
98.76049
98.77173
98.78278
98.79393
98.80492
98.81612
98.82726
98.83827
98.84949
98.86059
98.87166
98.88272
98.89397
98.90502
98.91605
98.92718
98.93821
98.94936
98.9604
98.97154
98.98265
98.99382
99.0049
99.01606
99.02707
99.03814
99.04929
99.06036
99.07157
99.0826
99.09396
99.10484
99.11601
99.12707
99.1381
99.14929
99.16034
99.17155
99.18266
99.19369
99.20477
99.21593
99.22701
99.23807
99.24915
99.2603
99.27164
99.28266
99.29362
99.30476
99.31582
99.32708
99.33803
99.34917
99.36025
99.37139
99.38245
99.39359
99.40472
99.41584
99.4269
99.438
99.44914
99.46021
99.47132
99.48254
99.49373
99.50471
99.51582
99.52686
99.53802
99.5491
99.56023
99.5713
99.58237
99.59344
99.60457
99.61575
99.62679
99.63797
99.64896
99.6601
99.67122
99.68237
99.69343
99.70453
99.7157
99.72675
99.73786
99.74896
99.76007
99.77116
99.78223
99.79341
99.80449
99.81573
99.82671
99.8379
99.84888
99.86004
99.87113
99.88225
99.89332
99.90447
99.91557
99.92674
99.93806
99.94895
99.95999
99.97103
99.98217
99.99332
100.0043
100.0155
100.0266
100.0377
100.0488
100.0599
100.071
100.0821
100.0932
100.1044
100.1156
100.1265
100.1376
100.1487
100.1599
100.1709
100.1821
100.1931
100.2043
100.2154
100.2265
100.2376
100.2487
100.2599
100.2709
100.282
100.2931
100.3042
100.3155
100.3265
100.3375
100.3486
100.3597
100.3709
100.382
100.3931
100.4042
100.4154
100.4264
100.4375
100.4486
100.4597
100.4708
100.482
100.493
100.5041
100.5153
100.5264
100.5375
100.5486
100.5597
100.571
100.5821
100.5931
100.6042
100.6153
100.6263
100.6374
100.6485
100.6596
100.6709
100.6819
100.6929
100.7041
100.7151
100.7263
100.7373
100.7484
100.7595
100.7707
100.7818
100.7929
100.804
100.8151
100.8263
100.8373
100.8484
100.8596
100.8706
100.8818
100.8928
100.904
100.9151
100.9262
100.9372
100.9483
100.9594
100.9705
100.9817
100.9928
101.0039
101.015
101.0261
101.0372
101.0483
101.0594
101.0705
101.0816
101.0927
101.1039
101.1149
101.126
101.1371
101.1482
101.2371
101.2482
101.2593
101.2705
101.2815
101.2926
101.3038
101.3149
101.3261
101.3371
101.3482
101.3593
101.3704
101.3815
101.3926
101.4036
101.415
101.4259
101.437
101.4481
101.4592
101.4703
101.4815
101.4925
101.5037
101.515
101.5259
101.537
101.5481
101.5592
101.6592
101.6703
101.6813
101.6924
101.7035
101.715
101.7257
101.7369
101.748
101.7591
101.7703
101.7813
101.7924
101.8035
101.8151
101.8258
101.8368
101.8479
101.8591
101.8701
101.8812
101.8923
101.9035
101.9148
101.9257
101.9368
101.9478
101.9589
101.9701
101.9812
101.9923
102.0034
102.0148
102.0256
102.0367
102.0478
102.0589
102.07
102.0811
102.0922
102.1033
102.1147
102.1256
102.1366
102.1478
102.1589
102.17
102.181
102.1922
102.2033
102.2144
102.2255
102.2366
102.2477
102.2588
102.2699
102.2811
102.2922
102.3033
102.3143
102.3255
102.3365
102.3477
102.3588
102.3699
102.381
102.392
102.4032
102.4143
102.4254
102.4365
102.4476
102.4588
102.4699
102.481
102.492
102.5033
102.5142
102.5254
102.5365
102.5475
102.5586
102.5698
102.5808
102.5921
102.6039
102.6143
102.6255
102.6365
102.6475
102.6586
102.6698
102.6809
102.692
102.7035
102.7141
102.7252
102.7364
102.7475
102.7585
102.7697
102.7808
102.7918
102.803
102.8141
102.8252
102.8364
102.8475
102.8586
102.8697
102.8808
102.8919
102.9031
102.9142
102.9251
102.9362
102.9473
102.9585
102.9696
102.9807
102.9918
103.0029
103.014
103.0251
103.0362
103.0474
103.0585
103.0695
103.0808
103.0917
103.1029
103.114
103.1251
103.1361
103.1473
103.1583
103.1695
103.1806
103.1917
103.2028
103.214
103.225
103.2365
103.2472
103.2583
103.2694
103.2806
103.2916
103.3028
103.3138
103.325
103.336
103.3471
103.3582
103.3695
103.3804
103.3916
103.4027
103.4138
103.4249
103.4361
103.4471
103.4582
103.4693
103.4805
103.4916
103.5027
103.5138
103.525
103.5359
103.5471
103.5585
103.5692
103.5804
103.5915
103.6026
103.6137
103.6248
103.6359
103.647
103.6582
103.6694
103.7137
103.7248
103.7358
103.747
103.758
103.7692
103.7803
103.7914
103.8025
103.8136
103.8247
103.8359
103.847
103.8581
103.8691
103.8803
103.8914
103.9025
103.9136
103.9246
103.9358
103.9469
103.9579
103.969
103.9802
103.9916
104.0024
104.0135
104.0246
104.0358
104.0469
104.1025
104.1135
104.1246
104.1357
104.147
104.1579
104.169
104.1802
104.1913
104.2023
104.2134
104.2245
104.2356
104.2467
104.2578
104.269
104.28
104.2912
104.3024
104.3134
104.3246
104.3356
104.3466
104.3579
104.3689
104.38
104.3911
104.4022
104.4134
104.4245
104.4355
104.4466
104.4579
104.4688
104.48
104.4911
104.5021
104.5132
104.5244
104.5355
104.5466
104.558
104.5688
104.5799
104.5909
104.6021
104.6132
104.6243
104.6354
104.6465
104.6577
104.6688
104.6798
104.6912
104.7021
104.7132
104.7243
104.7354
104.7464
104.7575
104.7687
104.7798
104.7908
104.802
104.8132
104.8243
104.8353
104.8465
104.8576
104.8686
104.8797
104.8909
104.9019
104.913
104.9242
104.9352
104.9466
104.9574
104.9685
104.9797
104.9909
105.002
105.013
105.0241
105.0352
105.0463
105.0574
105.0685
105.0797
105.0908
105.1019
105.1129
105.1241
105.1352
105.1462
105.1574
105.1685
105.1796
105.1906
105.2018
105.2129
105.224
105.2352
105.2462
105.2573
105.2684
105.2795
105.2906
105.3018
105.3128
105.3241
105.3351
105.3462
105.3573
105.3683
105.3795
105.3907
105.4018
105.4128
105.4239
105.435
105.4461
105.4572
105.4683
105.4794
105.4905
105.5016
105.5128
105.5241
105.535
105.5461
105.5572
105.5682
105.5794
105.5904
105.6016
105.6127
105.6238
105.6349
105.646
105.6571
105.6683
105.6793
105.6904
105.7017
105.7127
105.7238
105.735
105.7461
105.7571
105.7682
105.7793
105.7904
105.8015
105.8126
105.8238
105.8348
105.8459
105.8571
105.8681
105.8792
105.8904
105.9014
105.9125
105.9236
105.9349
105.9459
105.957
105.9681
105.9792
105.9903
106.0014
106.0126
106.0237
106.0348
106.0458
106.057
106.068
106.0791
106.0902
106.1013
106.1124
106.1235
106.1347
106.1457
106.1568
106.168
106.179
106.1901
106.2013
106.2124
106.2235
106.2346
106.2457
106.2568
106.2679
106.279
106.2901
106.3013
106.3123
106.3236
106.3345
106.3456
106.3568
106.3678
106.379
106.3901
106.4013
106.4122
106.4234
106.4345
106.4456
106.4567
106.4678
106.479
106.4902
106.5012
106.5122
106.5234
106.5344
106.5455
106.5566
106.5677
106.5789
106.5899
106.6014
106.6122
106.6233
106.6345
106.6455
106.6567
106.6677
106.6788
106.69
106.7011
106.7122
106.7235
106.7344
106.7455
106.7566
106.7677
106.7788
106.7902
106.8011
106.8121
106.8235
106.8348
106.8454
106.8567
106.8677
106.8787
107.0009
107.012
107.0236
107.0344
107.0456
107.0566
107.0678
107.0788
107.0898
107.101
107.112
107.1239
107.1343
107.1452
107.1564
107.1675
107.1786
107.1897
107.2008
107.212
107.2234
107.2342
107.2452
107.2564
107.2675
107.2786
107.2896
107.3007
107.3119
107.3232
107.3341
107.3451
107.3562
107.3674
107.3785
107.3896
107.4007
107.4119
107.4231
107.4341
107.4452
107.4563
107.4675
107.4785
107.4895
107.5008
107.5118
107.523
107.5343
107.5452
107.5562
107.5674
107.5784
107.5894
107.6006
107.6117
107.6229
107.6339
107.645
107.6562
107.6672
107.6783
107.6894
107.7005
107.7117
107.723
107.734
107.7449
107.7561
107.7672
107.7783
107.7894
107.8005
107.8117
107.8231
107.8345
107.8451
107.8561
107.8672
107.8783
107.8893
107.9005
107.9116
107.9226
107.9338
107.9449
107.956
107.967
107.9782
108.1115
108.1225
108.1337
108.1447
108.1559
108.167
108.178
108.1893
108.2003
108.2114
108.2225
108.2337
108.2447
108.256
108.267
108.278
108.2892
108.3002
108.3113
108.3225
108.3335
108.3447
108.3558
108.3669
108.378
108.3891
108.4003
108.4113
108.4223
108.4335
108.4446
108.4557
108.4668
108.478
108.4891
108.5006
108.5113
108.5224
108.5335
108.5446
108.5557
108.5669
108.5779
108.589
108.6001
108.6115
108.6223
108.6334
108.6445
108.6557
108.6667
108.6779
108.689
108.7001
108.7112
108.7222
108.7334
108.7444
108.7556
108.7667
108.7777
108.7889
108.8
108.8112
108.8223
108.8342
108.8444
108.856
108.8667
108.8777
108.889
108.9
108.9111
108.9222
108.9333
108.9444
108.9555
108.9667
108.9776
108.9888
109.0001
109.0111
109.0221
109.0332
109.0443
109.0554
109.0666
109.0777
109.0887
109.0999
109.1111
109.1221
109.1332
109.1442
109.1554
109.1665
109.1776
109.1887
109.1998
109.2109
109.222
109.2331
109.2442
109.2554
109.2664
109.2776
109.2887
109.2998
109.3109
109.3219
109.3331
109.3441
109.3553
109.3664
109.3778
109.3886
109.3997
109.4109
109.4219
109.4331
109.4442
109.4555
109.4663
109.4774
109.4885
109.4997
109.5107
109.5219
109.533
109.5441
109.5552
109.5662
109.5774
109.5886
109.5996
109.6107
109.6218
109.633
109.644
109.6551
109.6662
109.6774
109.6885
109.6996
109.7107
109.7217
109.7328
109.744
109.755
109.7662
109.7773
109.7884
109.7995
109.8106
109.8217
109.8334
109.844
109.8551
109.8662
109.8773
109.8883
109.8995
109.9106
109.9217
109.9329
109.9439
109.9552
109.966
109.9772
109.9883
109.9995
110.0105
110.0216
110.0327
110.0438
110.055
110.066
110.0771
110.0882
110.0994
110.1104
110.1216
110.1327
110.1437
110.1548
110.166
110.1771
110.1882
110.1993
110.2108
110.2216
110.2327
110.2438
110.2549
110.2659
110.277
110.2882
110.2993
110.3103
110.3215
110.3326
110.3437
110.3548
110.366
110.377
110.388
110.3992
110.4103
110.4214
110.4326
110.4436
110.4547
110.4658
110.4769
110.4881
110.4992
110.5103
110.5215
110.5325
110.5436
110.5547
110.5658
110.5769
110.588
110.5991
110.6102
110.6213
110.6324
110.6435
110.6546
110.6658
110.677
110.688
110.6991
110.7102
110.7212
110.7324
110.7434
110.7545
110.7657
110.7768
110.7879
110.799
110.8101
110.8213
110.8324
110.8435
110.8546
110.8657
110.8769
110.8879
110.899
110.9102
110.9212
110.9324
110.9434
110.9547
110.9657
110.9769
110.988
110.9995
111.0099
111.0211
111.0323
111.0434
111.0544
111.0655
111.0766
111.0877
111.0989
111.1099
111.1211
111.1325
111.1433
111.1544
111.1655
111.1766
111.1877
111.1988
111.2099
111.221
111.2321
111.2432
111.2544
111.2655
111.2766
111.2877
111.2988
111.3098
111.321
111.3322
111.3432
111.3543
111.3655
111.3765
111.3876
111.3988
111.4098
111.4209
111.4322
111.4432
111.4544
111.4653
111.4765
111.4877
111.4988
111.5099
111.5209
111.5322
111.5431
111.5542
111.5653
111.5764
111.5875
111.5986
111.6098
111.6208
111.632
111.643
111.6541
111.6653
111.6765
111.6874
111.6986
111.7097
111.7207
111.7321
111.7429
111.7541
111.7653
111.7763
111.7874
111.7985
111.8096
111.8207
111.8323
111.8429
111.854
111.8651
111.8763
111.8874
111.8985
111.9096
111.9207
111.932
111.943
111.9539
111.965
111.9761
111.9873
111.9984
112.0096
112.0207
112.032
112.0429
112.054
112.0651
112.0762
112.0873
112.0983
112.1095
112.1206
112.1319
112.1428
112.1539
112.165
112.1761
112.1872
112.1984
112.2094
112.2205
112.2322
112.2428
112.2538
112.2649
112.276
112.2872
112.2983
112.3094
112.3206
112.332
112.3428
112.3539
112.365
112.3761
112.3873
112.3982
112.4093
112.4205
112.4319
112.4426
112.4541
112.4649
112.476
112.4875
112.4982
112.5094
112.5204
112.532
112.5428
112.5539
112.5649
112.576
112.5872
112.5982
112.6093
112.6206
112.632
112.6428
112.654
112.6656
112.6764
112.6872
112.6983
112.7095
112.7205
112.7322
112.7428
112.7538
112.7649
112.7761
112.7871
112.7983
112.8094
112.8207
112.8324
112.8427
112.8547
112.8648
112.8763
112.8871
112.8982
112.9092
112.9202
112.9318
112.9425
112.9536
112.9647
112.9758
112.987
112.9987
113.0094
113.0202
113.0315
113.0425
113.0535
113.0648
113.0758
113.0868
113.0979
113.109
113.1201
113.1313
113.1423
113.1534
113.1646
113.1756
113.1867
113.1978
113.209
113.22
113.2312
113.2422
113.2534
113.2645
113.2756
113.2867
113.2979
113.309
113.3202
113.3312
113.3422
113.3533
113.3644
113.3755
113.3867
113.398
113.4089
113.42
113.4312
113.4423
113.4535
113.4644
113.4755
113.4867
113.4977
113.5089
113.5199
113.531
113.5421
113.5531
113.5643
113.5754
113.5865
113.5976
113.6087
113.62
113.6311
113.642
113.6531
113.6643
113.6754
113.6865
113.6975
113.7087
113.7197
113.7309
113.7422
113.7534
113.7643
113.7753
113.7865
113.7975
113.8086
113.8198
113.8309
113.842
113.8531
113.8642
113.8753
113.8864
113.8975
113.9086
113.9197
113.9308
113.942
113.953
113.9641
113.9752
113.9864
113.9975
114.0086
114.0197
114.0309
114.042
114.0531
114.0641
114.0752
114.0864
114.0977
114.1088
114.1199
114.1309
114.142
114.1529
114.1641
114.1751
114.1862
114.1974
114.2088
114.2199
114.2308
114.2419
114.2531
114.2641
114.2752
114.2863
114.2975
114.3085
114.3196
114.3307
114.3417
114.3528
114.3639
114.375
114.3861
114.3972
114.4084
114.4195
114.4305
114.4417
114.4527
114.4639
114.475
114.4861
114.4971
114.5083
114.5194
114.5305
114.5416
114.5528
114.5639
114.5749
114.586
114.5971
114.6082
114.6193
114.6307
114.6417
114.6527
114.6648
114.6749
114.6861
114.6972
114.7082
114.7193
114.7304
114.7415
114.7526
114.7637
114.7748
114.7859
114.797
114.8081
114.8192
114.8304
114.8415
114.8528
114.8638
114.875
114.8859
114.8971
114.9082
114.9193
114.9304
114.9416
114.9527
114.9642
114.9749
114.9859
114.997
115.0082
115.0192
115.0304
115.0416
115.0525
115.0636
115.0747
115.0858
115.0969
115.108
115.1191
115.1305
115.1415
115.1526
115.1636
115.1746
115.1858
115.1968
115.208
115.2191
115.2302
115.2413
115.2523
115.2635
115.2745
115.2856
115.2968
115.3079
115.319
115.3302
115.3413
115.3523
115.3634
115.3745
115.3856
115.3968
115.4079
115.4189
115.4301
115.4412
115.4523
115.5523
115.5633
115.5745
115.5855
115.5966
115.6078
115.6189
115.6301
115.6412
115.6523
115.6633
115.6746
115.6856
115.6967
115.7077
115.7189
115.73
115.7411
115.7521
115.7634
115.7744
115.7856
115.7966
115.8078
115.8188
115.8299
115.8411
115.8522
115.8633
115.8743
115.8854
115.8965
115.9075
115.9187
115.9298
115.9409
115.952
115.9632
115.9742
115.9853
115.9965
116.0075
116.0187
116.0298
116.041
116.0521
116.063
116.0742
116.0852
116.0964
116.1075
116.1186
116.1297
116.1408
116.1522
116.163
116.1742
116.1853
116.1964
116.2074
116.2185
116.2296
116.2408
116.2519
116.263
116.2741
116.2853
116.2965
116.3074
116.3186
116.3297
116.3407
116.3519
116.363
116.374
116.3851
116.3962
116.4075
116.4186
116.4297
116.4408
116.453
116.4629
116.4741
116.4852
116.4963
116.5074
116.5184
116.5295
116.5407
116.5517
116.5628
116.5739
116.5851
116.5961
116.6073
116.6184
116.6295
116.6406
116.6519
116.6628
116.6739
116.685
116.6961
116.7073
116.7185
116.7294
116.7407
116.7516
116.7627
116.7738
116.7849
116.7961
116.8072
116.8183
116.8294
116.8406
116.8516
116.8627
116.8738
116.8849
116.8961
116.9071
116.9182
116.9293
116.9404
116.9515
116.9626
116.9737
116.9849
116.9961
117.0071
117.0181
117.0293
117.0405
117.0516
117.0626
117.0737
117.0848
117.0959
117.107
117.1181
117.1292
117.1403
117.1515
117.1626
117.1736
117.1848
117.1958
117.2071
117.2181
117.2293
117.2404
117.2514
117.2625
117.2735
117.2847
117.2959
117.3069
117.318
117.3291
117.3402
117.3513
117.3625
117.3735
117.3847
117.3957
117.4069
117.4179
117.4291
117.4402
117.4513
117.4623
117.4734
117.4846
117.4957
117.5068
117.518
117.529
117.5401
117.5513
117.5624
117.5734
117.5845
117.5956
117.6068
117.6179
117.629
117.6401
117.6512
117.6623
117.6734
117.6844
117.6956
117.7069
117.7179
117.729
117.7401
117.7512
117.7622
117.7733
117.7844
117.7955
117.8066
117.8178
117.8291
117.84
117.8511
117.8622
117.8733
117.8844
117.8955
117.9066
117.9177
117.9289
117.9399
117.951
117.9622
117.9732
117.9844
117.9955
118.0065
118.0176
118.0287
118.0399
118.051
118.0621
118.0732
118.0843
118.0954
118.1065
118.1176
118.1287
118.14
118.151
118.162
118.1731
118.1843
118.1953
118.2065
118.2175
118.2286
118.2398
118.2509
118.2621
118.2732
118.2843
118.2954
118.3064
118.3175
118.3286
118.3397
118.3509
118.3619
118.373
118.3842
118.3953
118.4064
118.4174
118.4286
118.4398
118.4509
118.4619
118.473
118.4841
118.4952
118.5063
118.5175
118.5285
118.5399
118.5507
118.5619
118.5729
118.584
118.5951
118.6063
118.6173
118.6284
118.6399
118.6508
118.6617
118.6729
118.684
118.6954
118.7065
118.7173
118.7286
118.7397
118.7506
118.7618
118.7729
118.784
118.795
118.8062
118.8173
118.8284
118.8402
118.8507
118.8618
118.8728
118.8839
118.895
118.9061
118.9173
118.9283
118.9398
118.9505
118.9616
118.9727
118.9845
118.995
119.006
119.0172
119.0283
119.0395
119.0505
119.0616
119.0728
119.0838
119.095
119.106
119.1171
119.1282
119.1395
119.1504
119.1616
119.1727
119.1838
119.1949
119.2061
119.2171
119.2282
119.2393
119.2504
119.2615
119.2726
119.2838
119.2948
119.306
119.3172
119.3283
119.3394
119.3504
119.3615
119.3725
119.3838
119.3948
119.4059
119.417
119.4281
119.4393
119.4503
119.4614
119.4725
119.4836
119.4947
119.5058
119.5169
119.528
119.5393
119.5502
119.5613
119.5724
119.5835
119.5947
119.6058
119.6169
119.628
119.6391
119.6502
119.6613
119.6723
119.6836
119.6951
119.7057
119.7168
119.728
119.739
119.7502
119.7613
119.7724
119.7835
119.7946
119.8056
119.8168
119.828
119.8391
119.8502
119.8613
119.8723
119.8834
119.8945
119.9056
119.9167
119.9279
119.939
119.9501
119.9611
119.9725
119.9834
119.9944
120.0056
120.0167
120.0281
120.0389
120.05
120.0611
120.0722
120.0833
120.0944
120.1055
120.1166
120.1277
120.1391
120.1499
120.1611
120.1722
120.1832
120.1943
120.2054
120.2165
120.2276
120.2388
120.2499
120.261
120.272
120.2832
120.2943
120.3054
120.3166
120.3276
120.3387
120.3501
120.3614
120.3721
120.3832
120.3943
120.4054
120.4165
120.4276
120.4386
120.4498
120.4609
120.4721
120.4835
120.4942
120.5053
120.5164
120.5275
120.5387
120.5497
120.5608
120.5719
120.5831
120.5942
120.6052
120.6164
120.6276
120.6386
120.6497
120.6608
120.6719
120.6832
120.6941
120.7052
120.7163
120.7274
120.7385
120.7497
120.7607
120.7719
120.783
120.7941
120.8053
120.8163
120.8274
120.8386
120.8496
120.8608
120.8719
120.8829
120.894
120.9051
120.9162
120.9273
120.9385
120.9495
120.9606
120.9718
120.9828
120.9939
121.0051
121.0162
121.0273
121.0384
121.0496
121.0607
121.0721
121.0828
121.094
121.105
121.116
121.1272
121.1383
121.1495
121.1605
121.1716
121.1828
121.1938
121.205
121.216
121.2271
121.2383
121.2495
121.2605
121.2716
121.2827
121.2938
121.3049
121.3161
121.3272
121.3382
121.3494
121.3605
121.3716
121.3827
121.3939
121.405
121.416
121.4271
121.4382
121.4493
121.4604
121.4715
121.4826
121.4937
121.5048
121.5159
121.527
121.5385
121.5493
121.5604
121.5714
121.5825
121.5937
121.6047
121.6158
121.627
121.6385
121.6492
121.705
121.7159
121.7269
121.738
121.7491
121.7602
121.7714
121.7824
121.7935
121.8047
121.8158
121.8269
121.8382
121.8492
121.8602
121.8714
121.8824
121.8935
121.9045
121.9157
121.927
121.9379
121.9491
121.9601
121.9712
121.9824
121.9934
122.0045
122.0157
122.0269
122.038
122.049
122.0601
122.0712
122.0823
122.0935
122.1045
122.1156
122.1267
122.1378
122.149
122.1601
122.1711
122.1824
122.1934
122.2045
122.2155
122.2269
122.2379
122.249
122.26
122.2711
122.2822
122.2933
122.3045
122.3155
122.3266
122.3378
122.3488
122.3599
122.3711
122.3821
122.3932
122.4043
122.4154
122.4266
122.438
122.4491
122.46
122.4714
122.4823
122.4933
122.5044
122.5154
122.5265
122.5376
122.5489
122.5599
122.571
122.5821
122.5932
122.6042
122.6154
122.6265
122.6376
122.6488
122.66
122.6712
122.6821
122.6931
122.7042
122.7153
122.7264
122.7375
122.7486
122.7597
122.7708
122.7819
122.7931
122.8042
122.8153
122.8263
122.8378
122.8488
122.8599
122.8709
122.8819
122.893
122.9041
122.9152
122.9263
122.9374
122.9486
122.9598
122.9707
122.9819
122.993
123.0042
123.0152
123.0263
123.0374
123.0488
123.0596
123.0707
123.082
123.093
123.104
123.1152
123.1264
123.1373
123.1485
123.1596
123.1707
123.1818
123.1929
123.204
123.215
123.2262
123.2373
123.2484
123.2595
123.2707
123.2817
123.2928
123.3039
123.3151
123.3261
123.3372
123.3484
123.3595
123.3706
123.3816
123.3929
123.4039
123.415
123.4261
123.4372
123.4483
123.4594
123.4705
123.4817
123.4928
123.5038
123.5151
123.5261
123.5372
123.5482
123.5593
123.5705
123.5817
123.5927
123.6038
123.6149
123.626
123.637
123.6482
123.6594
123.6706
123.6816
123.6926
123.7037
123.7148
123.7259
123.7372
123.7483
123.7592
123.7703
123.7815
123.7926
123.8037
123.8148
123.8259
123.837
123.8482
123.8592
123.8703
123.8814
123.8925
123.9035
123.9148
123.9258
123.9369
123.9481
123.9592
123.9702
123.9814
123.9924
124.0035
124.0147
124.0259
124.0369
124.0482
124.0591
124.0702
124.0813
124.0924
124.1035
124.1146
124.1258
124.1369
124.148
124.1591
124.1702
124.1814
124.1924
124.2036
124.2146
124.2256
124.2369
124.248
124.259
124.2701
124.2812
124.2923
124.3034
124.3145
124.3257
124.3368
124.3478
124.359
124.37
124.3812
124.3923
124.4034
124.4145
124.4256
124.4367
124.4479
124.459
124.47
124.4812
124.4922
124.5033
124.5146
124.5259
124.5367
124.5481
124.5589
124.57
124.5811
124.5921
124.6033
124.6144
124.6254
124.6365
124.6479
124.6589
124.6701
124.6812
124.6922
124.7032
124.7143
124.7255
124.7365
124.7477
124.7588
124.7698
124.781
124.7921
124.8033
124.8143
124.8255
124.8369
124.8478
124.8589
124.8699
124.881
124.892
124.9031
124.9143
124.9253
124.9364
124.9477
124.9587
124.9698
124.9813
124.992
125.003
125.0142
125.0252
125.0363
125.0478
125.0586
125.0697
125.0808
125.0919
125.103
125.1141
125.1252
125.1364
125.1478
125.1586
125.1696
125.2118
125.2207
125.2294
125.236
125.2432
125.2543
125.2654
125.2766
125.2877
125.2988
125.3098
125.3209
125.3447
