0
0.02
0.3533334
0.4829727
0.506732
0.5147097
0.5226427
0.5306565
0.5415657
0.5524675
0.5636497
0.5746163
0.5859132
0.5973172
0.6080875
0.6191276
0.6302549
0.6417599
0.6681063
0.6779968
0.6857558
0.69695
0.7080637
0.7190644
0.7301688
0.7412503
0.7524877
0.7634231
0.7747337
0.7855939
0.7974637
0.8171203
0.8246648
0.831511
0.8413426
0.8524745
0.8633556
0.8745592
0.8856518
0.896639
0.9079652
0.9188389
0.93001
0.9411923
0.9527556
0.971209
0.9788737
0.9858871
0.9966726
1.007735
1.019009
1.029909
1.041047
1.052245
1.063193
1.074609
1.085414
1.096585
1.108444
1.127582
1.135439
1.14235
1.152261
1.163134
1.174415
1.185489
1.196505
1.207934
1.219066
1.229837
1.241046
1.252548
1.263622
1.282049
1.289522
1.296473
1.307667
1.318936
1.32973
1.340877
1.35242
1.363078
1.374588
1.385382
1.396594
1.407956
1.424791
1.445978
1.454023
1.463128
1.474209
1.485295
1.496398
1.507562
1.518566
1.529921
1.540892
1.551891
1.563026
1.5745
1.593404
1.601315
1.609254
1.618429
1.629646
1.640656
1.651774
1.663856
1.674121
1.68514
1.696217
1.707402
1.71854
1.730017
1.749138
1.756692
1.763693
1.774016
1.785056
1.796176
1.807286
1.818552
1.829694
1.840699
1.851964
1.862817
1.873911
1.91519
1.935719
1.943588
1.951867
1.962753
1.974158
1.985135
1.996211
2.007216
2.018386
2.029524
2.04108
2.060248
2.067586
2.075454
2.085143
2.096053
2.107388
2.118296
2.129544
2.140814
2.151822
2.162714
2.174013
2.184903
2.19658
2.216037
2.223571
2.230638
2.240443
2.251778
2.262685
2.273799
2.284941
2.296134
2.307237
2.318192
2.329422
2.34056
2.352978
2.372608
2.380419
2.388409
2.395945
2.407158
2.418241
2.429852
2.440467
2.451861
2.462657
2.473649
2.484699
2.495822
2.507431
2.526123
2.533573
2.540561
2.551308
2.562486
2.573601
2.584605
2.595753
2.606864
2.618014
2.629064
2.640249
2.651817
2.663436
2.682599
2.690371
2.697925
2.706843
2.718012
2.729007
2.74038
2.751451
2.762385
2.773497
2.784686
2.79591
2.806909
2.84408
2.863992
2.87345
2.8846
2.895709
2.906872
2.918108
2.928981
2.940234
2.951204
2.962297
2.973896
2.992499
3.000777
3.008609
3.017984
3.029009
3.040237
3.051196
3.06238
3.073599
3.084581
3.095779
3.106828
3.117923
3.129416
3.148044
3.155505
3.162487
3.173394
3.184409
3.195485
3.206865
3.217706
3.228762
3.240268
3.251005
3.262241
3.273194
3.284864
3.304522
3.312599
3.320475
3.328929
3.340173
3.351096
3.362302
3.373211
3.38445
3.395522
3.406487
3.417917
3.428979
3.441478
3.462612
3.473766
3.484445
3.49545
3.50653
3.517596
3.528712
3.539809
3.550892
3.562011
3.573094
3.584165
3.595771
3.617438
3.624127
3.631816
3.63975
3.650925
3.66273
3.673187
3.684235
3.695296
3.706435
3.717603
3.728554
3.739772
3.751498
3.771071
3.779185
3.78723
3.795135
3.806334
3.817502
3.82851
3.839939
3.851035
3.861862
3.873089
3.884483
3.895239
3.932763
3.952182
3.961978
3.973143
3.98404
3.995221
4.006208
4.017304
4.028523
4.03979
4.050783
4.062389
4.081545
4.088945
4.096089
4.106177
4.117308
4.130044
4.139711
4.150785
4.161762
4.173082
4.183923
4.195067
4.206095
4.217703
4.236427
4.244037
4.250853
4.261632
4.272862
4.283932
4.294938
4.306057
4.317338
4.328643
4.339553
4.350547
4.361989
4.374387
4.395175
4.40378
4.411531
4.419196
4.428607
4.439494
4.450504
4.461698
4.472733
4.48405
4.495143
4.506217
4.51717
4.528615
4.546962
4.554537
4.561478
4.572644
4.583673
4.594725
4.605875
4.617823
4.628087
4.639216
4.650489
4.661816
4.672689
4.684162
4.70282
4.710402
4.71742
4.728062
4.739423
4.750366
4.761346
4.77251
4.783643
4.794767
4.805808
4.816998
4.82817
4.865164
4.884829
4.89487
4.905805
4.916888
4.928131
4.939247
4.950334
4.961285
4.972484
4.98349
4.995265
5.014747
5.022524
5.030416
5.039051
5.050312
5.061243
5.072342
5.083441
5.094673
5.105681
5.116908
5.128167
5.139222
5.150725
5.169819
5.177447
5.184539
5.194502
5.205757
5.216902
5.228041
5.239012
5.250126
5.261163
5.272249
5.283367
5.294479
5.306233
5.324869
5.332519
5.339561
5.34993
5.361221
5.372157
5.383315
5.394413
5.405834
5.416583
5.427686
5.438763
5.449931
5.463776
5.484995
5.494731
5.506256
5.517664
5.528191
5.539323
5.550195
5.561714
5.572891
5.583583
5.594504
5.605743
5.61794
5.637246
5.645455
5.653565
5.662058
5.672579
5.683342
5.694645
5.705983
5.716682
5.727739
5.738965
5.749888
5.761007
5.772909
5.792201
5.799892
5.80724
5.816473
5.827708
5.838805
5.849784
5.860865
5.871954
5.883014
5.894103
5.905633
5.916352
5.927947
5.94703
5.954566
5.961658
5.97183
5.982944
5.99404
6.005797
6.016341
6.027433
6.038493
6.049572
6.060654
6.071858
6.083852
6.10289
6.110669
6.117514
6.127294
6.138457
6.149745
6.160762
6.171782
6.182871
6.194055
6.205292
6.216618
6.227349
6.239096
6.257749
6.265303
6.272208
6.282828
6.293969
6.305444
6.316536
6.327317
6.338541
6.349618
6.360663
6.3717
6.383076
6.395371
6.414435
6.422516
6.42936
6.438373
6.449422
6.460581
6.471824
6.482995
6.494054
6.505042
6.516413
6.52748
6.538323
6.549964
6.569744
6.577399
6.584222
6.593799
6.605154
6.616781
6.627178
6.638251
6.649451
6.660692
6.671661
6.682911
6.693877
6.705468
6.724429
6.731986
6.738958
6.749263
6.760375
6.771589
6.782873
6.793649
6.804955
6.816198
6.827001
6.838213
6.849511
6.86081
6.879057
6.886739
6.893632
6.905004
6.916141
6.926997
6.938107
6.949228
6.960295
6.971727
6.982852
6.993557
7.004929
7.016662
7.035403
7.043134
7.050098
7.060191
7.071416
7.082604
7.093578
7.104717
7.115904
7.126864
7.138103
7.149129
7.16012
7.171777
7.190455
7.198411
7.206435
7.215897
7.226854
7.237954
7.249224
7.26026
7.271402
7.28243
7.293486
7.304701
7.315872
7.327247
7.346312
7.353879
7.360813
7.371352
7.382352
7.393332
7.404701
7.415791
7.426695
7.438041
7.449045
7.460052
7.471404
7.482886
7.50122
7.50866
7.515552
7.526681
7.537902
7.54914
7.560063
7.571156
7.582589
7.593344
7.604526
7.615767
7.626674
7.638213
7.658233
7.666027
7.673642
7.682263
7.693244
7.70445
7.71582
7.726563
7.737994
7.748927
7.759913
7.771018
7.782076
7.793688
7.812623
7.819797
7.826711
7.837935
7.848961
7.859831
7.871088
7.882086
7.893253
7.904493
7.915599
7.926495
7.937925
7.949487
7.968133
7.975635
7.98273
7.99314
8.004373
8.015556
8.026447
8.037824
8.048904
8.059781
8.070908
8.081926
8.093083
8.104812
8.124199
8.1315
8.139077
8.148619
8.159817
8.170798
8.182117
8.192997
8.204257
8.215484
8.226368
8.237451
8.248622
8.260159
8.278984
8.286593
8.293668
8.304019
8.315384
8.326311
8.337404
8.348677
8.359597
8.370704
8.381777
8.392885
8.40424
8.415713
8.435008
8.44231
8.449261
8.45949
8.470784
8.481978
8.492858
8.504129
8.515306
8.52621
8.537313
8.54855
8.559531
8.571147
8.590605
8.599793
8.607547
8.615298
8.626624
8.637362
8.648349
8.659924
8.671474
8.681746
8.692878
8.703964
8.715103
8.726599
8.747819
8.755013
8.761996
8.770439
8.781685
8.792751
8.803802
8.815065
8.825998
8.837345
8.848275
8.859374
8.870419
8.88208
8.901227
8.908428
8.915437
8.926018
8.937102
8.948381
8.959311
8.970413
8.981633
8.992674
9.00371
9.014896
9.026074
9.0375
9.056376
9.063904
9.070922
9.08152
9.092583
9.103607
9.114816
9.125978
9.138183
9.148129
9.159206
9.17031
9.181735
9.193188
9.212596
9.220654
9.227806
9.236886
9.248132
9.259211
9.270253
9.281481
9.292607
9.303561
9.315166
9.32591
9.336982
9.348827
9.367887
9.375299
9.382233
9.39251
9.403695
9.415075
9.425819
9.436788
9.448132
9.45915
9.470165
9.481461
9.492383
9.503957
9.522846
9.529995
9.53703
9.548041
9.558957
9.570326
9.581417
9.592343
9.603517
9.614957
9.626251
9.637008
9.647947
9.660279
9.679483
9.687423
9.694345
9.703407
9.714767
9.725848
9.736883
9.747838
9.758943
9.770015
9.781136
9.792216
9.803306
9.815414
9.83472
9.841799
9.848917
9.858911
9.870193
9.881009
9.892293
9.903288
9.914885
9.925681
9.936648
9.947821
9.958836
9.970426
9.988971
9.99638
10.00336
10.0145
10.02551
10.03668
10.04773
10.05884
10.07003
10.08104
10.09231
10.10322
10.11445
10.12609
10.14528
10.15266
10.15967
10.16998
10.181
10.19218
10.20315
10.2143
10.22548
10.23652
10.24761
10.25892
10.26996
10.28147
10.30014
10.30731
10.31422
10.32545
10.33642
10.34751
10.35883
10.36976
10.381
10.3921
10.40307
10.41408
10.42529
10.43683
10.45591
10.46348
10.47053
10.48078
10.49184
10.50297
10.5141
10.52513
10.53624
10.54734
10.55842
10.56955
10.58071
10.59227
10.61127
10.61956
10.62654
10.63621
10.64737
10.65845
10.67031
10.68133
10.69258
10.70299
10.714
10.72508
10.73613
10.74777
10.76674
10.77425
10.78129
10.79162
10.80273
10.81385
10.82498
10.83607
10.84716
10.85835
10.86949
10.88067
10.89168
10.90334
10.92282
10.9309
10.93762
10.94711
10.95833
10.96936
10.98049
10.99157
11.00267
11.01377
11.02493
11.03608
11.0471
11.05866
11.07761
11.08495
11.0919
11.10272
11.11376
11.12485
11.13596
11.1471
11.15815
11.16924
11.18031
11.19146
11.20261
11.2142
11.23418
11.24199
11.24978
11.25818
11.26947
11.28038
11.29144
11.30258
11.31367
11.32484
11.33587
11.34697
11.35808
11.39537
11.4156
11.42473
11.43585
11.44692
11.45802
11.46913
11.4802
11.4913
11.5024
11.51359
11.52554
11.54458
11.55215
11.55992
11.56903
11.5802
11.59157
11.60247
11.6136
11.62471
11.63576
11.64699
11.65814
11.66939
11.70869
11.72971
11.73702
11.74701
11.75788
11.76896
11.78016
11.79125
11.80231
11.81339
11.82465
11.8362
11.85459
11.86248
11.86945
11.88005
11.89119
11.90235
11.9134
11.9245
11.93563
11.94666
11.95801
11.96895
11.98014
11.99166
12.01004
12.01771
12.02548
12.03553
12.04675
12.05797
12.06892
12.07994
12.09133
12.10223
12.11325
12.12453
12.13554
12.1472
12.16634
12.17394
12.18092
12.19113
12.20215
12.21317
12.22431
12.23558
12.24652
12.25788
12.26874
12.27997
12.2913
12.30257
12.32113
12.32876
12.33568
12.34648
12.35772
12.36872
12.37994
12.39102
12.40209
12.41311
12.42445
12.43553
12.44643
12.46051
12.48039
12.49105
12.50232
12.51355
12.52443
12.53549
12.54682
12.55802
12.56892
12.58006
12.59091
12.60201
12.61358
12.63477
12.64303
12.65034
12.65771
12.66948
12.67983
12.69095
12.70212
12.71307
12.72491
12.73531
12.74642
12.75764
12.76921
12.78963
12.79712
12.80361
12.81308
12.82408
12.83514
12.84628
12.85767
12.86853
12.87955
12.89069
12.90175
12.9129
12.9247
12.94332
12.9508
12.95776
12.96841
12.97946
12.99094
13.00181
13.01288
13.02414
13.03509
13.04633
13.05747
13.06881
13.07995
13.09835
13.10605
13.11301
13.12416
13.13505
13.14605
13.15717
13.16844
13.17953
13.19047
13.20169
13.21272
13.22418
13.23551
13.25409
13.26165
13.26865
13.27945
13.29065
13.30159
13.31275
13.32403
13.33526
13.34598
13.35754
13.36828
13.37944
13.39125
13.40955
13.41708
13.42444
13.43489
13.4459
13.45713
13.46815
13.47939
13.49049
13.50163
13.51262
13.52403
13.53498
13.54658
13.56581
13.57308
13.58097
13.59054
13.60143
13.61266
13.62379
13.63477
13.64587
13.65711
13.66836
13.67938
13.69045
13.70204
13.72039
13.728
13.73497
13.74582
13.75696
13.76803
13.77915
13.79022
13.80134
13.81245
13.82369
13.8347
13.84569
13.85733
13.87589
13.88378
13.89151
13.90129
13.91233
13.92346
13.93458
13.94567
13.95686
13.96789
13.97905
13.9904
14.00143
14.0128
14.03334
14.04062
14.0475
14.05684
14.06809
14.07891
14.09016
14.10126
14.11232
14.12367
14.13452
14.14718
14.15701
14.1686
14.18766
14.19458
14.20106
14.21236
14.22348
14.23456
14.24559
14.25675
14.26777
14.27886
14.29002
14.30107
14.31217
14.32381
14.34323
14.35039
14.35745
14.36769
14.37878
14.39
14.40111
14.41216
14.42361
14.4344
14.44563
14.45689
14.46763
14.47924
14.4977
14.50564
14.51253
14.52325
14.5345
14.54548
14.5565
14.56793
14.5787
14.59012
14.60124
14.61204
14.62319
14.63491
14.6538
14.66175
14.66959
14.67894
14.69008
14.70103
14.71202
14.72331
14.73418
14.74525
14.75657
14.76759
14.77877
14.79064
14.81015
14.81757
14.82545
14.83442
14.84528
14.85643
14.86779
14.87875
14.8901
14.90113
14.91195
14.92299
14.93445
14.94571
14.96586
14.97376
14.98199
14.9897
15.00075
15.01183
15.02315
15.03405
15.04515
15.05638
15.06754
15.07845
15.08984
15.10135
15.12025
15.12727
15.13423
15.14507
15.15622
15.16732
15.17844
15.18951
15.20063
15.21172
15.22297
15.23411
15.24501
15.25673
15.27551
15.2831
15.29086
15.30091
15.31161
15.32315
15.33408
15.34507
15.35639
15.36754
15.37825
15.38974
15.40083
15.41214
15.43163
15.43859
15.44555
15.45633
15.46718
15.47821
15.4894
15.50063
15.51164
15.52283
15.53394
15.54488
15.5562
15.56763
15.58597
15.59349
15.60061
15.61149
15.62268
15.63401
15.64494
15.65625
15.66738
15.67845
15.68945
15.70087
15.71174
15.72321
15.74226
15.74979
15.7569
15.76712
15.77824
15.78933
15.80033
15.81169
15.8227
15.83372
15.84476
15.85617
15.86697
15.87869
15.89741
15.90537
15.91234
15.92251
15.93357
15.94468
15.9559
15.96726
15.97799
15.98926
16.0005
16.0113
16.02262
16.03417
16.05329
16.06078
16.06787
16.07818
16.08914
16.10024
16.11124
16.12241
16.13362
16.14457
16.15578
16.16727
16.1782
16.18951
16.20805
16.21593
16.22358
16.23376
16.24458
16.25588
16.26714
16.27792
16.28922
16.30041
16.31113
16.32256
16.33368
16.34498
16.3641
16.3716
16.37955
16.38885
16.40045
16.41134
16.42245
16.43358
16.44442
16.45568
16.46667
16.47812
16.48918
16.50051
16.51951
16.52753
16.5346
16.54442
16.55575
16.56683
16.57771
16.58908
16.60006
16.611
16.62212
16.63328
16.64433
16.65664
16.67728
16.6845
16.69257
16.70015
16.711
16.72211
16.73339
16.74428
16.75555
16.76679
16.77767
16.78881
16.80002
16.81139
16.83119
16.83923
16.84723
16.85529
16.86673
16.87775
16.88878
16.8999
16.91099
16.92219
16.93333
16.94418
16.95566
16.96712
16.98579
16.99351
17.00155
17.0108
17.02191
17.033
17.04412
17.05527
17.0663
17.0774
17.08852
17.0997
17.1108
17.12645
17.14595
17.15519
17.16634
17.17745
17.18853
17.19973
17.21091
17.22204
17.23325
17.244
17.25543
17.26657
17.27789
17.29691
17.30457
17.3117
17.32201
17.33291
17.34394
17.35538
17.36641
17.3774
17.38848
17.39954
17.41091
17.42188
17.45951
17.47977
17.48845
17.49972
17.51065
17.52186
17.53289
17.54394
17.55506
17.56638
17.57745
17.58904
17.60899
17.6177
17.62499
17.63295
17.64417
17.65528
17.6665
17.67719
17.6884
17.69945
17.71051
17.72173
17.73273
17.74437
17.7635
17.77148
17.77855
17.78818
17.79935
17.8106
17.82187
17.83288
17.84373
17.85534
17.86604
17.87723
17.88826
17.8998
17.91887
17.92658
17.9344
17.94367
17.95515
17.96626
17.97704
17.98842
17.99923
18.0105
18.02155
18.03263
18.04361
18.05549
18.07376
18.08149
18.08841
18.09923
18.11029
18.1215
18.13252
18.14364
18.15472
18.16613
18.17693
18.18835
18.19908
18.21068
18.22989
18.2377
18.24551
18.25494
18.26604
18.27694
18.2882
18.29908
18.31018
18.32149
18.33265
18.34351
18.355
18.36738
18.38676
18.39414
18.40196
18.41012
18.42125
18.43242
18.44353
18.45461
18.46578
18.47681
18.48785
18.49893
18.51009
18.5219
18.54173
18.54956
18.55653
18.5656
18.57677
18.58775
18.59887
18.61011
18.62111
18.63225
18.64338
18.65443
18.66571
18.67734
18.69597
18.7033
18.7103
18.72105
18.73249
18.74326
18.7546
18.76576
18.77663
18.78802
18.79896
18.80991
18.82106
18.85886
18.87903
18.88797
18.89902
18.90997
18.92111
18.93221
18.94324
18.95448
18.96563
18.97651
18.98836
19.00712
19.0145
19.02163
19.0323
19.04327
19.05451
19.06552
19.07645
19.08763
19.09896
19.10981
19.12089
19.13202
19.14363
19.16357
19.17165
19.17949
19.18744
19.19901
19.20977
19.22095
19.23199
19.24305
19.25426
19.26534
19.27639
19.28751
19.29919
19.31794
19.32561
19.33271
19.34295
19.35423
19.36543
19.37632
19.38751
19.39857
19.40956
19.42095
19.43192
19.443
19.45579
19.47485
19.48217
19.49002
19.49848
19.50964
19.52068
19.53185
19.54294
19.55403
19.56518
19.57619
19.58733
19.59843
19.60994
19.63033
19.63793
19.64574
19.65405
19.66552
19.67618
19.68734
19.69836
19.70949
19.72055
19.73167
19.74282
19.7541
19.76577
19.78557
19.79359
19.80051
19.80942
19.82055
19.8317
19.84279
19.85393
19.86502
19.87605
19.88727
19.8984
19.90936
19.94963
19.9705
19.97781
19.98715
19.99845
20.00935
20.02062
20.03166
20.04269
20.0541
20.06501
20.07645
20.09556
20.10305
20.10997
20.12059
20.13149
20.14255
20.15367
20.16512
20.17594
20.18701
20.19863
20.20926
20.22062
20.23206
20.25128
20.25897
20.26677
20.27582
20.28696
20.29818
20.30923
20.32044
20.33136
20.34263
20.35365
20.36492
20.37583
20.38841
20.40748
20.41559
20.42361
20.43153
20.44258
20.45354
20.46491
20.47582
20.48698
20.49801
20.50905
20.5202
20.53131
20.54295
20.56209
20.56941
20.57644
20.58678
20.59789
20.609
20.62024
20.63133
20.64236
20.65368
20.66527
20.67578
20.68685
20.69854
20.71687
20.72446
20.73136
20.74249
20.75368
20.76463
20.77563
20.78693
20.79799
20.809
20.82007
20.83122
20.84239
20.8794
20.89972
20.90889
20.92038
20.93115
20.94254
20.95358
20.96465
20.97558
20.98665
20.99785
21.00936
21.02786
21.03524
21.04226
21.05324
21.06459
21.07546
21.08665
21.09785
21.10915
21.11991
21.13101
21.14209
21.15326
21.16503
21.18367
21.19172
21.19959
21.2087
21.21981
21.23095
21.24213
21.25318
21.26452
21.27538
21.28665
21.29795
21.30867
21.32046
21.33882
21.34663
21.35447
21.36447
21.37527
21.38652
21.3976
21.40862
21.41998
21.43106
21.44241
21.45311
21.46423
21.47686
21.4974
21.50477
21.51289
21.52063
21.53082
21.54207
21.55305
21.56422
21.57529
21.58638
21.59747
21.6085
21.61962
21.63128
21.65054
21.65907
21.66693
21.67518
21.68633
21.69735
21.70842
21.71955
21.73066
21.74196
21.75287
21.76402
21.77515
21.78671
21.80671
21.81448
21.82137
21.83072
21.84226
21.85285
21.86403
21.8753
21.88652
21.89758
21.90853
21.91954
21.93099
21.9684
21.98975
21.99764
22.00862
22.01948
22.03075
22.04196
22.05302
22.06392
22.07502
22.08626
22.098
22.11702
22.1243
22.13269
22.14195
22.15277
22.164
22.17492
22.18608
22.1977
22.20829
22.21944
22.23055
22.24186
22.2533
22.27299
22.28097
22.28795
22.2972
22.30817
22.31944
22.33074
22.34169
22.35276
22.36375
22.3748
22.38602
22.39703
22.40978
22.42972
22.43763
22.44596
22.45356
22.46371
22.47477
22.48595
22.49708
22.50815
22.51947
22.5304
22.54142
22.55274
22.56424
22.58249
22.59051
22.59745
22.6081
22.6194
22.63029
22.64135
22.65269
22.66388
22.67471
22.68585
22.6969
22.70802
22.71966
22.73899
22.74669
22.75457
22.76371
22.77466
22.78588
22.79706
22.80795
22.81905
22.83026
22.84124
22.85246
22.86379
22.90108
22.92159
22.93056
22.94174
22.9524
22.96368
22.97472
22.98564
22.99678
23.00791
23.01895
23.03086
23.05067
23.05863
23.06656
23.07443
23.08579
23.09691
23.10783
23.11892
23.13031
23.14111
23.15242
23.16346
23.17443
23.18618
23.20487
23.21244
23.21935
23.23014
23.24111
23.25235
23.2634
23.2744
23.2856
23.29668
23.30772
23.31902
23.32996
23.34248
23.36258
23.37071
23.37875
23.38668
23.39682
23.40771
23.41883
23.42996
23.44113
23.45223
23.46318
23.47424
23.48543
23.49695
23.51556
23.5231
23.53
23.54089
23.55236
23.56309
23.57425
23.58531
23.59638
23.60752
23.61904
23.62986
23.64088
23.65248
23.67458
23.68298
23.69094
23.69868
23.70759
23.71879
23.7298
23.74087
23.75217
23.76334
23.77415
23.78524
23.79636
23.83344
23.85338
23.86304
23.87413
23.88518
23.89654
23.90746
23.91873
23.9299
23.94091
23.95229
23.96348
23.98225
23.98972
23.99767
24.00735
24.01861
24.02973
24.04086
24.05213
24.06292
24.07401
24.0853
24.09648
24.10752
24.11921
24.13876
24.14588
24.15302
24.16447
24.1739
24.18504
24.19641
24.20729
24.21853
24.22956
24.24085
24.25172
24.2629
24.27439
24.29303
24.30051
24.30766
24.31852
24.32948
24.34057
24.35185
24.36284
24.37384
24.38524
24.39627
24.40715
24.41843
24.43085
24.45098
24.45863
24.46635
24.47378
24.48502
24.49605
24.50717
24.51828
24.52983
24.54043
24.55153
24.5627
24.57373
24.58529
24.60393
24.61151
24.61941
24.62919
24.64039
24.65166
24.66278
24.67378
24.6848
24.69591
24.70696
24.71803
24.7293
24.74101
24.76054
24.76851
24.77533
24.78495
24.79594
24.80697
24.81816
24.82953
24.8403
24.8515
24.86251
24.87373
24.88492
24.92169
24.94208
24.95147
24.96255
24.97354
24.98499
24.99606
25.00691
25.01815
25.02916
25.04027
25.05229
25.07268
25.08069
25.08863
25.09562
25.10682
25.11819
25.12912
25.14034
25.15122
25.16254
25.17355
25.18463
25.19564
25.2073
25.22598
25.2335
25.24061
25.25119
25.26225
25.27344
25.28462
25.2958
25.30667
25.31806
25.32923
25.34001
25.35126
25.36372
25.3836
25.39159
25.39953
25.40676
25.41786
25.42885
25.43996
25.45116
25.46234
25.4733
25.48439
25.49548
25.50659
25.51812
25.53686
25.54443
25.55178
25.56212
25.57315
25.5843
25.59539
25.60651
25.61792
25.62872
25.63984
25.65118
25.66267
25.67385
25.69273
25.70065
25.70764
25.71789
25.72868
25.73984
25.75099
25.76247
25.7731
25.78426
25.79538
25.80666
25.81788
25.85546
25.87587
25.88419
25.89524
25.90639
25.91772
25.92864
25.93981
25.95107
25.96188
25.97308
25.98496
26.00409
26.01148
26.0194
26.02862
26.0398
26.05134
26.0619
26.07314
26.08427
26.09531
26.10651
26.11772
26.12857
26.14017
26.15917
26.1663
26.1735
26.18419
26.19527
26.20626
26.21742
26.22858
26.23961
26.25109
26.26197
26.27291
26.28395
26.29588
26.3146
26.32218
26.32934
26.33957
26.35086
26.36171
26.37288
26.38428
26.39524
26.40643
26.41742
26.42843
26.43954
26.45238
26.47207
26.47951
26.48735
26.49501
26.50619
26.51726
26.52837
26.5394
26.5515
26.56168
26.57274
26.58385
26.59489
26.60652
26.62661
26.6346
26.64155
26.65063
26.66232
26.67274
26.68377
26.69491
26.70594
26.71709
26.72815
26.73936
26.75078
26.76206
26.781
26.78806
26.7951
26.80595
26.817
26.82834
26.83951
26.8506
26.86154
26.87282
26.88377
26.89476
26.9061
26.94316
26.96356
26.97273
26.98388
26.99475
27.00614
27.01718
27.02835
27.03946
27.05026
27.06137
27.07329
27.09216
27.09971
27.10683
27.11707
27.12825
27.13938
27.1504
27.16129
27.17268
27.18371
27.19479
27.20591
27.21703
27.22864
27.24797
27.25542
27.26247
27.2724
27.28362
27.29476
27.30591
27.31702
27.32786
27.33912
27.3501
27.36124
27.37267
27.38484
27.40417
27.41211
27.42
27.42789
27.43899
27.45011
27.46117
27.47231
27.48343
27.49451
27.50566
27.51674
27.52783
27.53941
27.55854
27.56653
27.57354
27.58331
27.5944
27.60549
27.61719
27.62777
27.63882
27.6499
27.66143
27.67255
27.68338
27.69493
27.71393
27.72144
27.7284
27.73879
27.74998
27.76108
27.77217
27.78323
27.79449
27.80553
27.81673
27.82762
27.83907
27.87647
27.89672
27.90556
27.91673
27.92759
27.93885
27.95011
27.96091
27.9723
27.98331
27.9943
28.00591
28.02561
28.03365
28.04066
28.05013
28.06087
28.07223
28.08319
28.0943
28.10549
28.11659
28.1275
28.13865
28.14973
28.16152
28.18099
28.18858
28.1956
28.20561
28.21654
28.22747
28.23874
28.24977
28.26076
28.27211
28.28312
28.29424
28.3052
28.3168
28.33548
28.34316
28.34996
28.36079
28.37207
28.38301
28.39417
28.40553
28.41668
28.42757
28.43863
28.44959
28.4607
28.47349
28.49274
28.50065
28.50863
28.51621
28.52745
28.53849
28.54952
28.56067
28.57185
28.58289
28.59395
28.60504
28.61613
28.62775
28.64665
28.65407
28.66187
28.67173
28.68288
28.69392
28.70505
28.71611
28.72717
28.7383
28.74938
28.76049
28.77202
28.78349
29.11682
29.14868
29.15686
29.16486
29.17568
29.18689
29.19809
29.2091
29.22011
29.23113
29.24279
29.26262
29.27062
29.27757
29.2868
29.29796
29.30916
29.32015
29.33123
29.34236
29.35329
29.36442
29.3756
29.3866
29.39917
29.4191
29.42665
29.43469
29.44252
29.45332
29.46449
29.47556
29.48666
29.49778
29.50882
29.52158
29.53116
29.5422
29.55369
29.57559
29.58305
29.591
29.59882
29.60873
29.6198
29.6309
29.64205
29.65318
29.66434
29.67544
29.68653
29.69761
29.70949
29.72815
29.73552
29.74244
29.75344
29.76435
29.77546
29.78691
29.79754
29.80884
29.82002
29.83112
29.84201
29.85335
29.89045
29.91059
29.92012
29.9308
29.94212
29.95303
29.96473
29.97526
29.98653
29.99741
30.00889
30.02026
30.03877
30.04638
30.05421
30.06435
30.07527
30.0863
30.09738
30.10852
30.11985
30.13071
30.14204
30.15316
30.16403
30.17568
30.19419
30.20117
30.20841
30.21958
30.23065
30.24202
30.25322
30.26398
30.27517
30.28618
30.2973
30.30871
30.31985
30.33208
30.35111
30.35905
30.36642
30.37503
30.3862
30.39739
30.40837
30.41948
30.43064
30.4417
30.45274
30.46382
30.47504
30.4866
30.50541
30.51263
30.51964
30.53057
30.54161
30.55273
30.56389
30.57574
30.58617
30.59721
30.60826
30.61933
30.63052
30.64224
30.66129
30.66882
30.67573
30.68622
30.69709
30.70853
30.71966
30.73042
30.74159
30.75289
30.76371
30.77486
30.78609
30.82312
30.84339
30.85273
30.8637
30.87492
30.88597
30.897
30.9082
30.91937
30.93031
30.94156
30.95318
30.97291
30.98094
30.98843
30.99689
31.00814
31.01918
31.03067
31.04158
31.05251
31.06397
31.07482
31.0858
31.09691
31.10859
31.12847
31.13593
31.14385
31.15256
31.16358
31.17478
31.18579
31.19687
31.2081
31.21913
31.2302
31.2414
31.2524
31.26495
31.28544
31.29368
31.3016
31.30931
31.3191
31.33048
31.34132
31.35234
31.36348
31.37457
31.38565
31.39679
31.40783
31.41938
31.43809
31.44581
31.45278
31.46345
31.47445
31.48558
31.49662
31.50779
31.51885
31.53004
31.54109
31.55256
31.56346
31.57518
31.59487
31.60282
31.60974
31.61879
31.62999
31.64115
31.65241
31.66334
31.67444
31.68551
31.69658
31.70788
31.71882
31.75586
31.7763
31.78548
31.79656
31.80765
31.8187
31.82991
31.8412
31.85235
31.86322
31.87443
31.88598
31.90483
31.91226
31.91929
31.93006
31.9413
31.95204
31.96313
31.97432
31.98529
31.99644
32.00779
32.01863
32.02975
32.04146
32.06029
32.06818
32.076
32.08522
32.09642
32.10753
32.11867
32.12973
32.14101
32.1521
32.16307
32.17433
32.18525
32.19686
32.21599
32.22344
32.23043
32.24079
32.25233
32.26323
32.27451
32.28521
32.29631
32.30746
32.31866
32.32965
32.34096
32.35394
32.37348
32.38173
32.38859
32.39625
32.40747
32.41851
32.42958
32.44067
32.45189
32.46289
32.474
32.48508
32.49614
32.50778
32.52849
32.53577
32.54268
32.55165
32.56296
32.57458
32.58526
32.59617
32.60721
32.61834
32.62943
32.64051
32.6517
32.66333
32.68227
32.68993
32.69783
32.70716
32.71834
32.72943
32.74098
32.752
32.76281
32.77416
32.78502
32.79609
32.80717
32.84469
32.86495
32.87407
32.88492
32.89605
32.90727
32.9183
32.92931
32.94042
32.95179
32.96266
32.97455
32.99412
33.00129
33.00831
33.01817
33.02932
33.04041
33.0515
33.06259
33.07383
33.0849
33.09592
33.10701
33.11811
33.12973
33.1481
33.15588
33.16279
33.17382
33.18497
33.19604
33.20703
33.21836
33.22923
33.24029
33.25174
33.26253
33.27362
33.28637
33.30583
33.314
33.322
33.32909
33.34029
33.35131
33.36244
33.37366
33.38529
33.39593
33.40707
33.41817
33.42906
33.44083
33.45919
33.46675
33.47365
33.4846
33.49568
33.50681
33.51787
33.52901
33.54007
33.55119
33.56236
33.57402
33.58477
33.59622
33.61527
33.62286
33.6307
33.64015
33.6512
33.66231
33.67343
33.68463
33.69566
33.70683
33.71789
33.72906
33.74016
33.77783
33.79822
33.80693
33.8178
33.8289
33.84017
33.85113
33.86226
33.87357
33.88445
33.89564
33.90728
33.92639
33.93383
33.9407
33.95119
33.9623
33.97377
33.98439
33.99553
34.00658
34.01764
34.02877
34.04021
34.05123
34.0628
34.0814
34.09046
34.09785
34.10683
34.11779
34.12905
34.13984
34.15111
34.16207
34.17313
34.18443
34.19551
34.20651
34.21813
34.23731
34.24483
34.25262
34.26193
34.27316
34.28436
34.29527
34.30648
34.31754
34.32878
34.33979
34.3511
34.36226
34.37452
34.39376
34.40214
34.40993
34.41748
34.42858
34.43969
34.45079
34.46186
34.47311
34.48422
34.49523
34.50626
34.5174
34.52905
34.54791
34.55529
34.56255
34.57343
34.58417
34.59513
34.60627
34.61739
34.62843
34.63958
34.65074
34.6618
34.67291
34.68454
34.70341
34.71073
34.71769
34.72865
34.74015
34.75075
34.7619
34.77285
34.78408
34.79507
34.80632
34.81727
34.82843
34.86596
34.88606
34.89502
34.90618
34.91722
34.92837
34.93968
34.9506
34.96177
34.97295
34.98387
34.99547
35.01481
35.02235
35.02926
35.03955
35.05055
35.0619
35.07301
35.08387
35.09507
35.10617
35.11713
35.12825
35.13951
35.1509
35.16965
35.17705
35.18401
35.195
35.20606
35.21706
35.22818
35.23928
35.25064
35.26171
35.27305
35.2838
35.29484
35.30735
35.32858
35.33947
35.35058
35.36163
35.37292
35.38388
35.39481
35.40602
35.41705
35.42821
35.43924
35.45036
35.46202
35.48097
35.48875
35.4958
35.50576
35.51687
35.52806
35.53907
35.55017
35.56159
35.5728
35.58364
35.59476
35.60587
35.61761
35.6362
35.64368
35.65083
35.66147
35.67248
35.68351
35.6947
35.70592
35.71704
35.72817
35.73906
35.75014
35.76139
35.79877
35.81909
35.82813
35.83911
35.85028
35.86141
35.87238
35.88342
35.89462
35.90569
35.91681
35.92832
35.94754
35.95478
35.9616
35.97248
35.98335
35.99443
36.00558
36.01665
36.02781
36.03916
36.05008
36.06113
36.07225
36.08387
36.10283
36.11029
36.11731
36.12785
36.13903
36.15004
36.16136
36.17248
36.18325
36.19452
36.2055
36.21664
36.22765
36.2396
36.25914
36.26685
36.27509
36.28313
36.29458
36.30568
36.31649
36.32771
36.33885
36.34983
36.36102
36.37245
36.38316
36.39605
36.41596
36.42381
36.43086
36.43874
36.44986
36.46088
36.47205
36.48312
36.49455
36.50536
36.51641
36.5276
36.5387
36.55027
36.5714
36.5787
36.58627
36.5941
36.60522
36.61637
36.62745
36.63854
36.6497
36.66077
36.67184
36.68301
36.69452
36.70597
36.72502
36.73296
36.74058
36.7496
36.76087
36.77209
36.78297
36.79414
36.80526
36.81627
36.82761
36.83883
36.84969
36.88755
36.90809
36.91626
36.9273
36.9386
36.94954
36.96077
36.97176
36.98285
36.9943
37.0052
37.01694
37.03656
37.04447
37.05145
37.06087
37.07196
37.0831
37.0942
37.10501
37.11623
37.12733
37.1384
37.14946
37.16064
37.17215
37.19077
37.19814
37.20512
37.21609
37.22721
37.23826
37.24947
37.26079
37.27166
37.2828
37.29385
37.30505
37.31606
37.32929
37.3488
37.3569
37.36501
37.37288
37.38286
37.39381
37.40496
37.41607
37.42727
37.43825
37.4493
37.46038
37.47154
37.4831
37.50198
37.50938
37.51638
37.52711
37.53811
37.54922
37.56034
37.57164
37.58272
37.5937
37.60477
37.61586
37.62694
37.63898
37.65853
37.66628
37.67384
37.68253
37.69368
37.7048
37.71586
37.72711
37.73831
37.74916
37.76039
37.77166
37.78263
37.81975
37.83949
37.84925
37.86026
37.87162
37.88259
37.89385
37.90496
37.91608
37.92704
37.93805
37.94977
37.96865
37.97604
37.98312
37.99344
38.00463
38.01585
38.02678
38.03789
38.04895
38.06034
38.07121
38.08259
38.09369
38.10504
38.12405
38.13152
38.13859
38.14904
38.16031
38.17131
38.1825
38.19347
38.20449
38.21576
38.22666
38.23824
38.24918
38.26163
38.28197
38.28967
38.298
38.30574
38.31575
38.32672
38.33786
38.34891
38.36
38.37109
38.38223
38.39324
38.40441
38.41594
38.43535
38.44267
38.44966
38.45989
38.47093
38.48208
38.49323
38.5043
38.5154
38.52657
38.5376
38.54874
38.56028
38.57219
38.5919
38.59931
38.60621
38.61563
38.62648
38.63761
38.64899
38.6601
38.67109
38.68209
38.69337
38.70448
38.71564
38.75243
38.7718
38.78224
38.7933
38.80418
38.81561
38.82661
38.83761
38.84866
38.85974
38.87128
38.88247
38.90182
38.90934
38.91654
38.92627
38.93742
38.94869
38.95965
38.9709
38.98186
38.9932
39.00434
39.01516
39.0266
39.0379
39.05726
39.06475
39.07188
39.08179
39.09483
39.10397
39.11514
39.12642
39.13742
39.14878
39.15981
39.17101
39.1819
39.19365
39.21251
39.21978
39.22683
39.23749
39.24865
39.25969
39.27083
39.28204
39.29304
39.30392
39.31509
39.32614
39.33737
39.34987
39.37006
39.37787
39.38593
39.39275
39.40393
39.41501
39.42609
39.43723
39.44841
39.4596
39.47082
39.48196
39.49284
39.5045
39.5242
39.53157
39.53854
39.54816
39.55949
39.57067
39.58191
39.59269
39.60379
39.61488
39.62593
39.63702
39.64856
39.66
39.67883
39.6871
39.69402
39.70369
39.715
39.72594
39.73722
39.74875
39.75944
39.77057
39.78189
39.79279
39.80386
39.84102
39.861
39.87038
39.88189
39.89268
39.90374
39.91492
39.92597
39.93705
39.9483
39.95942
39.9709
39.98978
39.99706
40.00402
40.01463
40.02586
40.03691
40.04819
40.05934
40.07057
40.08165
40.09288
40.10381
40.11485
40.12641
40.1454
40.15298
40.15995
40.17034
40.1815
40.19251
40.20351
40.2145
40.22622
40.23706
40.24819
40.25926
40.27023
40.283
40.30228
40.31044
40.31732
40.32561
40.3369
40.34783
40.35958
40.37023
40.38156
40.39239
40.40347
40.41448
40.42559
40.43716
40.4564
40.46377
40.47081
40.48111
40.49215
40.50325
40.51441
40.52549
40.53666
40.54769
40.5588
40.57013
40.58134
40.59308
40.61231
40.6198
40.62681
40.63668
40.64772
40.65878
40.67009
40.68116
40.69224
40.70349
40.71451
40.72559
40.7367
40.77348
40.79427
40.80339
40.81428
40.82612
40.83669
40.84827
40.85916
40.87001
40.88131
40.89248
40.90402
40.92266
40.93029
40.93737
40.94764
40.95881
40.96996
40.98089
40.99224
41.00343
41.01443
41.02556
41.03664
41.04757
41.05923
41.07804
41.08601
41.09373
41.10313
41.11411
41.12553
41.13646
41.1474
41.15871
41.16968
41.18097
41.19207
41.20312
41.21459
41.23373
41.24121
41.24827
41.25859
41.26982
41.28089
41.29192
41.30305
41.31397
41.32517
41.33636
41.34734
41.35863
41.37126
41.39298
41.4036
41.4142
41.42524
41.43631
41.44735
41.4585
41.46968
41.48063
41.49175
41.50301
41.51387
41.52553
41.54488
41.55221
41.55947
41.56958
41.58061
41.59163
41.60271
41.61387
41.62496
41.63613
41.64713
41.65826
41.66959
41.68099
41.7005
41.70818
41.71514
41.72493
41.73619
41.74712
41.75846
41.76948
41.7804
41.79177
41.80265
41.81393
41.82498
41.86243
41.88257
41.89182
41.90298
41.91385
41.92532
41.93616
41.94703
41.95815
41.96943
41.98033
41.99232
42.0118
42.01912
42.02665
42.03603
42.04705
42.05822
42.06945
42.0805
42.09174
42.10319
42.11361
42.12478
42.13591
42.14747
42.16603
42.17365
42.18053
42.19142
42.20265
42.21385
42.22493
42.23626
42.24688
42.25809
42.26928
42.2802
42.29138
42.30392
42.3236
42.33155
42.33848
42.3469
42.35799
42.36913
42.38026
42.39133
42.40298
42.4137
42.42467
42.43618
42.4469
42.45838
42.47778
42.48518
42.49212
42.5023
42.51344
42.52454
42.53561
42.54674
42.55788
42.56902
42.58061
42.5912
42.6025
42.61392
42.63322
42.64077
42.64776
42.65778
42.66911
42.68002
42.69112
42.7024
42.71331
42.72445
42.7356
42.74667
42.75812
42.79583
42.81615
42.82444
42.83587
42.84676
42.8577
42.86904
42.87992
42.89102
42.90216
42.91324
42.92496
42.94397
42.95156
42.95943
42.96901
42.97986
42.99104
43.00229
43.01319
43.02441
43.0354
43.04649
43.05776
43.06886
43.08029
43.0999
43.10772
43.11562
43.12427
43.13562
43.14645
43.1576
43.16887
43.17977
43.19093
43.20198
43.21315
43.22427
43.23592
43.25463
43.2622
43.26918
43.27974
43.29092
43.3022
43.3131
43.32412
43.33525
43.34636
43.35755
43.36877
43.37968
43.3924
43.41175
43.42004
43.42693
43.4352
43.44675
43.45758
43.46891
43.47981
43.49191
43.50203
43.513
43.52409
43.53517
43.5468
43.56778
43.57596
43.58294
43.59093
43.60184
43.61283
43.624
43.63509
43.64616
43.65729
43.6687
43.67956
43.69082
43.70223
43.72152
43.7288
43.73584
43.74612
43.7572
43.76834
43.77944
43.79129
43.80181
43.81278
43.82405
43.83502
43.84613
43.88333
43.90371
43.91298
43.924
43.93501
43.9461
43.95726
43.9684
43.97935
43.99126
44.00164
44.01338
44.03249
44.04
44.04683
44.05707
44.06849
44.07936
44.09071
44.10332
44.11281
44.12382
44.13496
44.14611
44.15704
44.16882
44.18745
44.19494
44.2029
44.2125
44.22376
44.23487
44.24597
44.25713
44.2684
44.27927
44.29049
44.30143
44.31258
44.32512
44.34503
44.35294
44.35982
44.36804
44.37928
44.3904
44.40149
44.41254
44.42366
44.43478
44.44579
44.45687
44.46808
44.47964
44.4991
44.50677
44.51374
44.52354
44.53461
44.5457
44.55685
44.5682
44.57951
44.59026
44.60131
44.61244
44.62354
44.63522
44.65413
44.6616
44.66941
44.67897
44.69015
44.7014
44.71236
44.72357
44.7347
44.74591
44.7568
44.7682
44.7794
44.81679
44.83648
44.84564
44.85679
44.86781
44.87898
44.89006
44.90115
44.91246
44.92352
44.93469
44.9463
44.96534
44.97281
44.98076
44.99007
45.00132
45.01226
45.02343
45.03454
45.0455
45.05667
45.0677
45.07893
45.09003
45.10169
45.11995
45.12709
45.13429
45.14547
45.15667
45.16779
45.17895
45.19008
45.20097
45.21211
45.22343
45.23434
45.2454
45.25816
45.2774
45.28535
45.29369
45.30128
45.31217
45.32322
45.33428
45.34542
45.35682
45.36759
45.37869
45.38974
45.40089
45.41243
45.4312
45.43886
45.44664
45.4564
45.46753
45.47853
45.48969
45.50108
45.51215
45.52318
45.53415
45.54524
45.55638
45.56828
45.58798
45.59598
45.60381
45.61182
45.62308
45.63411
45.64519
45.65632
45.66741
45.67859
45.68962
45.70075
45.71196
45.74875
45.76829
45.77893
45.78976
45.80105
45.81196
45.82314
45.83402
45.84538
45.85646
45.86732
45.87924
45.89802
45.90499
45.91203
45.92285
45.93416
45.94505
45.95617
45.96741
45.97892
45.98963
46.00072
46.0118
46.02276
46.03449
46.05313
46.06041
46.06838
46.07824
46.08941
46.10072
46.11178
46.12277
46.13394
46.14497
46.15606
46.16736
46.17832
46.18988
46.21018
46.21718
46.22416
46.23379
46.24501
46.25608
46.2673
46.27826
46.28934
46.3005
46.31169
46.3228
46.33376
46.34638
46.36606
46.37392
46.38192
46.38951
46.40044
46.41151
46.42263
46.43371
46.44492
46.45591
46.46703
46.47815
46.48918
46.50086
46.51987
46.52836
46.53624
46.54472
46.55591
46.5675
46.57817
46.58917
46.60033
46.61137
46.62243
46.63353
46.64475
46.65633
46.67478
46.68232
46.68928
46.70028
46.71135
46.72247
46.73368
46.74479
46.75589
46.76689
46.77813
46.78907
46.80024
46.83751
46.85794
46.86687
46.87794
46.88901
46.90017
46.91154
46.92241
46.93342
46.94484
46.95596
46.96745
46.98653
46.99384
47.00082
47.0113
47.02253
47.03362
47.04463
47.05573
47.06693
47.07806
47.089
47.10022
47.11137
47.12278
47.14199
47.14967
47.15623
47.16694
47.17801
47.1889
47.20004
47.21124
47.22223
47.23342
47.24449
47.2556
47.26659
47.27917
47.29933
47.30687
47.31432
47.32221
47.33336
47.34438
47.35547
47.36669
47.37776
47.3888
47.39999
47.4112
47.42213
47.43368
47.4523
47.45989
47.46686
47.47762
47.48872
47.5
47.51091
47.52211
47.53312
47.54422
47.55582
47.5677
47.57774
47.58931
47.60897
47.61696
47.62491
47.63303
47.64436
47.65532
47.66644
47.67752
47.68861
47.70043
47.711
47.722
47.73307
47.77053
47.79109
47.79998
47.81102
47.82195
47.83302
47.84412
47.8553
47.86679
47.87741
47.88869
47.90043
47.91928
47.92683
47.93376
47.94414
47.95518
47.96659
47.9774
47.9885
48.00014
48.0108
48.02185
48.03288
48.04411
48.0556
48.07428
48.08186
48.08883
48.10027
48.11065
48.12181
48.13282
48.14405
48.155
48.16624
48.17749
48.18838
48.1998
48.21123
48.23014
48.23777
48.24485
48.25502
48.26622
48.27724
48.28833
48.29995
48.31054
48.32167
48.33279
48.3439
48.35521
48.36785
48.38806
48.39597
48.40411
48.41189
48.42163
48.43281
48.44386
48.45495
48.46619
48.4772
48.48825
48.49962
48.51051
48.52299
48.54244
48.54963
48.55695
48.56647
48.57722
48.58832
48.5999
48.61046
48.62159
48.63263
48.64366
48.65485
48.66609
48.67756
48.6963
48.70404
48.71173
48.72154
48.73258
48.74364
48.75487
48.76605
48.777
48.78808
48.79962
48.81067
48.82147
48.85855
48.87917
48.88808
48.89967
48.91025
48.92135
48.93256
48.94357
48.95472
48.96581
48.97693
48.98854
49.00795
49.01586
49.0228
49.03255
49.04358
49.05475
49.06575
49.07693
49.088
49.09947
49.11189
49.12128
49.13234
49.14422
49.16262
49.17037
49.17733
49.18813
49.19921
49.21033
49.22135
49.23258
49.24349
49.25454
49.2658
49.27681
49.28806
49.30088
49.32045
49.32826
49.33633
49.34414
49.35446
49.3656
49.37672
49.38782
49.39905
49.41014
49.42127
49.43219
49.44357
49.45499
49.47337
49.48089
49.48795
49.49896
49.50997
49.52138
49.53212
49.54327
49.5545
49.56606
49.57667
49.58786
49.59904
49.61065
49.62986
49.63791
49.6457
49.6543
49.66549
49.67651
49.68767
49.69875
49.71014
49.72136
49.73208
49.74319
49.75458
49.79145
49.81239
49.82117
49.83217
49.84314
49.85428
49.86532
49.87659
49.88753
49.89865
49.9101
49.9217
49.94123
49.94859
49.95555
49.96523
49.97666
49.98751
49.99858
50.00987
50.02106
50.03207
50.04325
50.05421
50.06527
50.07711
50.09566
50.10355
50.11142
50.12094
50.13201
50.14291
50.15409
50.1653
50.17656
50.18741
50.19846
50.2097
50.22083
50.23242
50.25107
50.25867
50.26569
50.27648
50.28758
50.29844
50.30967
50.32074
50.33175
50.34308
50.35421
50.36506
50.37634
50.38877
50.40982
50.42077
50.43192
50.44293
50.45398
50.46502
50.47622
50.48729
50.49835
50.50951
50.52145
50.53175
50.54328
50.56407
50.57185
50.57956
50.58715
50.59831
50.60942
50.62051
50.63158
50.6427
50.654
50.66491
50.676
50.68718
50.69877
50.71806
50.72532
50.73221
50.7429
50.75399
50.76504
50.77644
50.78726
50.79819
50.8094
50.82055
50.83184
50.84274
50.88025
50.90061
50.90942
50.92065
50.93153
50.94267
50.95398
50.96494
50.97593
50.9873
50.99812
51.00983
51.02873
51.0364
51.04436
51.05389
51.06493
51.0758
51.08717
51.09801
51.10913
51.12058
51.13139
51.14261
51.15379
51.16513
51.18367
51.19122
51.19826
51.20924
51.22031
51.23148
51.24239
51.25372
51.2649
51.27575
51.28723
51.29793
51.30907
51.32178
51.34142
51.34953
51.35745
51.36534
51.37579
51.38683
51.39794
51.40915
51.42016
51.43124
51.4423
51.45339
51.46452
51.47614
51.49477
51.50224
51.50928
51.52018
51.5313
51.5422
51.55356
51.56461
51.57564
51.58672
51.59787
51.6089
51.62031
51.63165
51.65078
51.65824
51.66543
51.67561
51.68676
51.69777
51.70916
51.72021
51.73103
51.74228
51.75363
51.76434
51.77552
51.81334
51.83347
51.84225
51.8534
51.8646
51.87563
51.88697
51.89796
51.909
51.92007
51.9311
51.94274
51.9617
51.96935
51.97625
51.98671
51.99784
52.00885
52.01984
52.03105
52.04237
52.05339
52.06421
52.0757
52.08661
52.09807
52.11868
52.12566
52.1328
52.14203
52.15315
52.16418
52.1755
52.18652
52.19748
52.20863
52.21985
52.23083
52.2421
52.25363
52.27247
52.27972
52.28667
52.29742
52.30854
52.31985
52.33074
52.34212
52.353
52.36406
52.37578
52.38633
52.39736
52.41041
52.42936
52.43755
52.44542
52.45338
52.46408
52.47519
52.48634
52.49742
52.50876
52.51957
52.53073
52.54182
52.55287
52.56445
52.58534
52.59293
52.60049
52.60848
52.61954
52.63062
52.64164
52.65274
52.66386
52.675
52.68621
52.69774
52.70892
52.72002
52.73885
52.7463
52.75337
52.76387
52.77528
52.78623
52.79723
52.80873
52.81982
52.83051
52.84175
52.85294
52.86385
52.90113
52.92149
52.93088
52.9418
52.95291
52.96379
52.9751
52.98598
52.99714
53.00845
53.0195
53.0309
53.05017
53.05825
53.06523
53.0751
53.0862
53.09699
53.10831
53.11954
53.13037
53.1417
53.15259
53.16401
53.17489
53.18642
53.20523
53.21285
53.2198
53.23063
53.2416
53.25277
53.26366
53.27482
53.28597
53.29713
53.30835
53.3194
53.33055
53.34305
53.36288
53.37096
53.37878
53.38666
53.39697
53.40799
53.41924
53.43029
53.44136
53.45244
53.46358
53.47465
53.48585
53.49734
53.51679
53.52398
53.53112
53.54125
53.55235
53.56371
53.57479
53.58573
53.59677
53.60788
53.61899
53.63005
53.64157
53.65322
53.67189
53.67934
53.68719
53.6968
53.70797
53.71901
53.73015
53.74146
53.75235
53.7634
53.77458
53.78573
53.79668
53.83461
53.85513
53.86336
53.87454
53.88583
53.89666
53.90782
53.91895
53.93003
53.94106
53.95239
53.96379
53.98304
53.99055
53.99746
54.00806
54.01898
54.02987
54.04111
54.05212
54.06321
54.07449
54.08562
54.09653
54.10777
54.12093
54.13977
54.14745
54.15437
54.16312
54.17439
54.18549
54.19663
54.20762
54.21897
54.22979
54.2412
54.25219
54.26308
54.27571
54.29503
54.30234
54.31025
54.31866
54.32985
54.34087
54.35215
54.36316
54.37423
54.38535
54.39639
54.4075
54.41862
54.43019
54.44938
54.45669
54.46375
54.47409
54.4852
54.49633
54.50739
54.51857
54.52973
54.54075
54.55185
54.56322
54.57439
54.58593
54.60537
54.61275
54.61978
54.62956
54.64097
54.65208
54.66286
54.67405
54.68532
54.69632
54.70743
54.71858
54.72957
54.7692
54.78904
54.79699
54.80729
54.81855
54.82969
54.84081
54.85177
54.86283
54.87396
54.88557
54.89666
54.91546
54.92289
54.92971
54.94068
54.95177
54.96283
54.97408
54.98541
54.99614
55.00746
55.01837
55.02947
55.04079
55.05225
55.07084
55.07852
55.08638
55.09604
55.10719
55.11827
55.12938
55.14071
55.15178
55.16273
55.17409
55.18505
55.19602
55.20771
55.2267
55.23397
55.24098
55.25171
55.26264
55.27382
55.28498
55.296
55.30727
55.31836
55.32927
55.34047
55.35152
55.36403
55.38353
55.39073
55.39892
55.40701
55.41836
55.42927
55.44036
55.45145
55.46262
55.47364
55.48473
55.49583
55.50689
55.51888
55.53819
55.54543
55.55237
55.5628
55.5737
55.58466
55.59579
55.60685
55.61868
55.62913
55.64022
55.65128
55.66241
55.67407
55.69345
55.70089
55.70787
55.71819
55.72906
55.74028
55.75147
55.76257
55.7736
55.78461
55.79574
55.80693
55.81873
55.85528
55.87505
55.88455
55.89568
55.90675
55.91819
55.929
55.94002
55.95145
55.96231
55.97363
55.98518
56.00444
56.01185
56.01906
56.02887
56.04004
56.05113
56.06228
56.07331
56.0847
56.09556
56.10687
56.11814
56.12886
56.14055
56.15913
56.1667
56.1739
56.18444
56.19549
56.20663
56.21797
56.22903
56.24005
56.25109
56.26222
56.27326
56.2847
56.29697
56.31673
56.32493
56.33305
56.34076
56.35106
56.36228
56.37329
56.38436
56.3955
56.40657
56.41776
56.42875
56.43986
56.45141
56.47026
56.47765
56.48481
56.49532
56.50642
56.51751
56.52874
56.53981
56.55084
56.56268
56.57314
56.58444
56.59543
56.60706
56.62641
56.63361
56.64139
56.65093
56.66199
56.67327
56.68424
56.69564
56.70678
56.71778
56.72859
56.73982
56.75108
56.78825
56.80952
56.81747
56.8286
56.83965
56.85088
56.86188
56.87303
56.88418
56.89519
56.90648
56.91794
56.93789
56.94571
56.95247
56.96173
56.97301
56.98393
56.99513
57.00622
57.0174
57.02846
57.03956
57.05062
57.06179
57.07338
57.09237
57.0997
57.10742
57.11744
57.1284
57.13972
57.15076
57.16171
57.17288
57.18399
57.19504
57.20627
57.21724
57.22885
57.2474
57.25435
57.26162
57.27294
57.28395
57.29491
57.30627
57.31721
57.32829
57.33973
57.35063
57.36165
57.37269
57.38543
57.40542
57.41271
57.42065
57.4283
57.43945
57.45044
57.46158
57.47274
57.48402
57.4949
57.50595
57.51709
57.52824
57.53976
57.55835
57.56599
57.57307
57.58376
57.59483
57.6059
57.61697
57.62809
57.63917
57.65035
57.6614
57.67255
57.68372
57.69525
57.71433
57.72156
57.72859
57.73937
57.75043
57.76139
57.77257
57.78366
57.79473
57.80584
57.81702
57.82815
57.83924
57.87679
57.89654
57.9059
57.91688
57.92804
57.93953
57.95045
57.96133
57.97256
57.98353
57.99473
58.00645
58.02558
58.03261
58.03971
58.05028
58.06125
58.07235
58.08355
58.09473
58.10567
58.117
58.12792
58.13921
58.15025
58.16163
58.18086
58.18855
58.19542
58.20593
58.21673
58.22778
58.23902
58.25017
58.26135
58.27237
58.28364
58.29448
58.30576
58.3183
58.33803
58.34549
58.35328
58.36115
58.37221
58.3833
58.39439
58.40579
58.41665
58.42781
58.43892
58.4499
58.46101
58.47258
58.49175
58.49925
58.50577
58.51662
58.5277
58.53875
58.54982
58.56093
58.57246
58.58327
58.59433
58.60537
58.61666
58.62827
58.64777
58.65517
58.66211
58.67223
58.68349
58.69423
58.70539
58.71683
58.72865
58.73901
58.7501
58.76094
58.77197
58.80958
58.83017
58.83864
58.84994
58.86088
58.87223
58.88311
58.89414
58.90523
58.91648
58.92772
58.93924
58.95848
58.9659
58.9729
58.98331
58.99414
59.00526
59.01645
59.02759
59.03865
59.04977
59.06087
59.07195
59.08298
59.09472
59.11363
59.1228
59.13029
59.13854
59.14967
59.16072
59.17211
59.18304
59.19413
59.20547
59.21677
59.22736
59.23851
59.25025
59.26915
59.27663
59.28361
59.29396
59.30517
59.31623
59.32729
59.33857
59.34973
59.3609
59.37196
59.38277
59.39455
59.40649
59.42557
59.43361
59.44158
59.44944
59.46058
59.47163
59.48275
59.49383
59.50504
59.51611
59.52726
59.5383
59.54937
59.56097
59.58213
59.58925
59.59617
59.60484
59.61597
59.62714
59.63823
59.64935
59.66039
59.67151
59.68263
59.69383
59.7049
59.71669
59.73661
59.74453
59.75158
59.76042
59.77168
59.78302
59.79374
59.80509
59.81631
59.82716
59.83819
59.84946
59.8604
59.8992
59.91939
59.92702
59.93834
59.94926
59.96035
59.97161
59.98269
59.99364
60.00481
60.01611
60.02747
60.04646
60.05391
60.06079
60.07156
60.08267
60.09356
60.10472
60.11588
60.1269
60.13824
60.14909
60.16034
60.1715
60.18297
60.20205
60.20948
60.21648
60.22738
60.23817
60.24902
60.26031
60.27145
60.28228
60.29364
60.30487
60.31582
60.32682
60.33955
60.36184
60.37141
60.38241
60.39347
60.40451
60.41568
60.4268
60.43788
60.44904
60.46008
60.47111
60.48226
60.49384
60.51325
60.52128
60.52877
60.53775
60.54884
60.56031
60.57132
60.58224
60.5933
60.60438
60.61552
60.62661
60.63783
60.64938
60.66814
60.67529
60.6823
60.69329
60.70434
60.71566
60.72673
60.73767
60.74879
60.76007
60.77112
60.78205
60.79327
60.83053
60.85063
60.85991
60.87126
60.88224
60.89354
60.90474
60.91585
60.92681
60.93791
60.94893
60.96054
60.98013
60.98785
60.99492
61.00418
61.01534
61.02681
61.03748
61.04893
61.06001
61.07116
61.08215
61.0932
61.10429
61.11603
61.13509
61.14312
61.1501
61.15988
61.17076
61.18197
61.19304
61.20427
61.21528
61.22654
61.2376
61.24852
61.25965
61.2725
61.2915
61.29975
61.30769
61.31546
61.3263
61.33742
61.34849
61.35965
61.37081
61.38182
61.39339
61.40403
61.4151
61.42671
61.44633
61.45414
61.46112
61.47057
61.48177
61.49281
61.50399
61.51504
61.52617
61.53728
61.54836
61.55946
61.57088
61.58231
61.60123
61.60883
61.61573
61.6264
61.63731
61.64845
61.6596
61.6706
61.68167
61.69283
61.70396
61.7151
61.72619
61.76344
61.78347
61.7928
61.80379
61.81547
61.8263
61.83717
61.84822
61.85946
61.87059
61.88149
61.89328
61.91275
61.92089
61.92814
61.93738
61.94857
61.95965
61.9707
61.9817
61.99271
62.00409
62.01503
62.0266
62.03717
62.04886
62.06791
62.07562
62.08254
62.09265
62.10395
62.11502
62.12616
62.13722
62.14817
62.15931
62.1703
62.18158
62.19283
62.20424
62.22308
62.23072
62.23809
62.24821
62.25938
62.27048
62.28164
62.29273
62.30366
62.31464
62.3259
62.33715
62.34813
62.36089
62.38073
62.38868
62.39574
62.40352
62.41474
62.42577
62.43716
62.44794
62.45905
62.47021
62.48126
62.49242
62.50346
62.51508
62.53588
62.54372
62.55069
62.5591
62.57033
62.58126
62.59236
62.6034
62.61449
62.62561
62.63704
62.6479
62.65892
62.67081
62.68937
62.69678
62.7033
62.71467
62.72573
62.73697
62.74815
62.75922
62.77031
62.78129
62.79244
62.80357
62.81456
62.85226
62.87273
62.88124
62.89253
62.9035
62.91447
62.92571
62.93678
62.94772
62.95882
62.96993
62.98166
63.00109
63.00832
63.01516
63.02574
63.03671
63.0477
63.05899
63.07002
63.08111
63.09225
63.10354
63.11441
63.1255
63.13705
63.15559
63.16312
63.17012
63.18118
63.19225
63.20327
63.21434
63.22569
63.23664
63.24754
63.25896
63.27004
63.28118
63.29358
63.31297
63.32032
63.32722
63.33664
63.34761
63.35865
63.36979
63.38085
63.39201
63.4031
63.41409
63.42527
63.43643
63.44794
63.46717
63.47455
63.48155
63.49189
63.50309
63.51407
63.52514
63.53625
63.54742
63.55845
63.57018
63.58086
63.59211
63.60346
63.6224
63.62978
63.63669
63.64746
63.65861
63.66956
63.68063
63.69178
63.70317
63.71423
63.7253
63.73619
63.74732
63.78472
63.80495
63.81419
63.82525
63.83622
63.8473
63.85849
63.86954
63.8806
63.89182
63.90297
63.91437
63.93407
63.94203
63.94964
63.95864
63.96962
63.9805
63.9917
64.00295
64.01395
64.0252
64.0364
64.04741
64.0584
64.07
64.08872
64.09618
64.10316
64.11382
64.12648
64.13615
64.14729
64.15856
64.16957
64.18039
64.1918
64.20269
64.21387
64.22558
64.24501
64.25311
64.25992
64.26934
64.28062
64.29159
64.30282
64.31379
64.32475
64.33612
64.34713
64.35825
64.36948
64.382
64.40155
64.40878
64.41573
64.42476
64.43614
64.44701
64.45808
64.46922
64.48043
64.4914
64.50247
64.51367
64.52465
64.53628
64.55522
64.56271
64.57093
64.58023
64.59133
64.60246
64.61349
64.62464
64.6363
64.6469
64.65791
64.66898
64.68053
64.69203
64.71124
64.71914
64.72675
64.73569
64.74679
64.75811
64.76924
64.78009
64.79144
64.80255
64.81358
64.82475
64.8358
64.87273
64.89268
64.90235
64.91351
64.92467
64.93581
64.94674
64.95779
64.96915
64.9801
64.9913
65.00292
65.02341
65.03101
65.03802
65.04665
65.05786
65.06894
65.08006
65.09123
65.10231
65.11343
65.12457
65.13573
65.14661
65.15832
65.17726
65.18481
65.19171
65.20222
65.21334
65.22435
65.23569
65.2465
65.25761
65.26888
65.2798
65.29113
65.30236
65.31463
65.33421
65.34233
65.34935
65.35756
65.36881
65.37988
65.39095
65.40225
65.41338
65.42423
65.43534
65.4469
65.45756
65.46912
65.48762
65.49503
65.50192
65.51334
65.52415
65.53529
65.54648
65.55755
65.56886
65.57978
65.59084
65.60187
65.61296
65.62474
65.64317
65.65063
65.65759
65.66861
65.67969
65.69079
65.70188
65.7131
65.72426
65.7355
65.74657
65.75739
65.76856
65.80606
65.8259
65.83521
65.84633
65.8574
65.86868
65.87964
65.89072
65.90193
65.91293
65.92396
65.93594
65.95511
65.96226
65.97026
65.97981
65.99081
66.00175
66.01288
66.02395
66.03508
66.04635
66.0575
66.06861
66.07954
66.09119
66.11019
66.11739
66.12442
66.13514
66.14614
66.15716
66.16862
66.17938
66.19055
66.20181
66.21278
66.22392
66.23501
66.24655
66.26528
66.2726
66.27953
66.29053
66.30157
66.31274
66.32382
66.33506
66.34604
66.35724
66.36842
66.37958
66.39045
66.40317
66.42395
66.43492
66.44608
66.45712
66.46815
66.47925
66.49042
66.50151
66.51255
66.52373
66.53473
66.54586
66.55794
66.57822
66.58605
66.59299
66.60162
66.61244
66.62353
66.63468
66.64577
66.65688
66.66798
66.67906
66.69019
66.7016
66.7132
66.73214
66.73985
66.74679
66.75698
66.76814
66.7791
66.7904
66.80154
66.81244
66.82352
66.83468
66.84604
66.8568
66.8942
66.91368
66.92358
66.93477
66.94572
66.9569
66.96808
66.97902
66.99016
67.00134
67.01244
67.02393
67.04279
67.05019
67.05738
67.06791
67.07927
67.09008
67.10133
67.11227
67.12334
67.1347
67.14573
67.15665
67.16791
67.17953
67.19845
67.20565
67.21271
67.22332
67.23457
67.24572
67.25664
67.26775
67.27913
67.29015
67.30102
67.31228
67.32327
67.33608
67.35587
67.36399
67.37174
67.37987
67.38992
67.40102
67.41214
67.42329
67.43449
67.44548
67.45654
67.46758
67.47871
67.4903
67.50924
67.51645
67.52352
67.53423
67.54529
67.55645
67.56774
67.57891
67.5898
67.60088
67.61193
67.62305
67.63436
67.64631
67.6655
67.67234
67.67937
67.68971
67.70084
67.71197
67.72303
67.73418
67.74526
67.75681
67.76775
67.77876
67.78969
67.82721
67.84763
67.85679
67.86764
67.87866
67.88968
67.90089
67.9119
67.92726
67.9353
67.94578
67.95736
67.97649
67.98444
67.99216
68.00123
68.01246
68.02325
68.03865
68.04622
68.05756
68.06776
68.07874
68.09011
68.10142
68.11264
68.13165
68.13884
68.14679
68.15678
68.1675
68.17845
68.19006
68.20103
68.21233
68.22343
68.23428
68.2458
68.25647
68.26896
68.28867
68.29659
68.30462
68.3124
68.32317
68.33426
68.34541
68.35672
68.36802
68.37859
68.38966
68.40079
68.4119
68.42348
68.44335
68.4515
68.46004
68.46743
68.4794
68.48995
68.50078
68.51216
68.52297
68.53405
68.54532
68.55666
68.56837
68.57951
68.59924
68.60699
68.61475
68.62253
68.63379
68.64563
68.65607
68.66759
68.67845
68.68944
68.70054
68.71171
68.72261
68.76035
68.78021
68.78928
68.80103
68.81147
68.82257
68.83376
68.84481
68.85602
68.86701
68.88995
68.91074
68.91878
68.92645
68.9335
68.94489
68.97041
