0
0.02
0.3533334
0.4355252
0.4513271
0.4582087
0.4653305
0.4757687
0.4865046
0.497546
0.5085661
0.519855
0.5308729
0.5420997
0.553187
0.5642607
0.5751436
0.5865389
0.5974581
0.6085457
0.6197659
0.6308668
0.6420808
0.652941
0.6640065
0.6753473
0.6863546
0.6973476
0.7086318
0.7198644
0.7306619
0.7422289
0.7528574
0.7640468
0.7749705
0.7861645
0.7973083
0.8083385
0.8198535
0.8305609
0.8418629
0.8529943
0.8644614
0.8751562
0.8863577
0.8975464
0.9083455
0.9194272
0.9307317
0.9418021
0.9529051
0.9640197
0.9749382
0.986235
0.9974223
1.008503
1.019666
1.030658
1.041732
1.053049
1.063974
1.074953
1.086186
1.097077
1.108503
1.11944
1.132567
1.146677
1.157702
1.168943
1.180011
1.19148
1.202269
1.213486
1.224443
1.235586
1.246616
1.257645
1.268959
1.27989
1.291115
1.302147
1.313195
1.32433
1.335426
1.346556
1.357731
1.368885
1.379801
1.391051
1.402155
1.413319
1.424271
1.435338
1.44645
1.457616
1.468821
1.479776
1.490984
1.501973
1.513171
1.524228
1.535263
1.546512
1.557467
1.568795
1.579643
1.591177
1.602077
1.6131
1.624105
1.635207
1.646375
1.657468
1.668587
1.6798
1.690928
1.702024
1.713012
1.724143
1.735239
1.746313
1.757447
1.768568
1.779604
1.790699
1.801921
1.812939
1.82409
1.835416
1.846304
1.857429
1.868461
1.879572
1.890739
1.901876
1.912885
1.924051
1.935192
1.946238
1.957579
1.96847
1.979632
1.990874
2.001858
2.012981
2.024036
2.035124
2.046153
2.057284
2.068472
2.079484
2.090683
2.101767
2.112813
2.124005
2.135046
2.146199
2.157411
2.168517
2.17947
2.190497
2.201836
2.212747
2.223822
2.235022
2.246043
2.257181
2.268353
2.279535
2.29053
2.301773
2.312685
2.323823
2.334989
2.346098
2.357269
2.368388
2.379277
2.390443
2.401704
2.412715
2.423756
2.434862
2.446027
2.45714
2.468455
2.479303
2.4904
2.50156
2.512621
2.523749
2.534934
2.545952
2.557061
2.568238
2.579229
2.590324
2.601483
2.61275
2.623644
2.634816
2.645851
2.656977
2.668185
2.679136
2.690297
2.701619
2.712486
2.723654
2.734832
2.745787
2.756958
2.768337
2.779106
2.790191
2.801462
2.812394
2.82357
2.834783
2.845902
2.857018
2.868193
2.879101
2.890247
2.90163
2.912381
2.923653
2.934713
2.945689
2.95701
2.967904
2.979034
2.990157
3.001302
3.012379
3.023566
3.034543
3.045707
3.056708
3.067848
3.079094
3.090006
3.101213
3.112242
3.12347
3.134536
3.145598
3.156719
3.167819
3.178868
3.190007
3.201307
3.212315
3.223342
3.234748
3.245606
3.256658
3.267977
3.278966
3.289995
3.30114
3.312179
3.323474
3.334385
3.345617
3.356635
3.368103
3.378836
3.390002
3.401232
3.412192
3.423331
3.434538
3.44556
3.456528
3.467788
3.478777
3.489965
3.501209
3.512049
3.523275
3.534415
3.545591
3.556606
3.567792
3.578729
3.590083
3.600975
3.612234
3.623209
3.634284
3.645419
3.656527
3.667771
3.678737
3.689935
3.700969
3.712117
3.723048
3.734293
3.745373
3.756429
3.767626
3.778618
3.789694
3.801075
3.812011
3.823196
3.834245
3.845284
3.856568
3.867599
3.878656
3.889732
3.900852
3.911858
3.923043
3.934154
3.945381
3.956309
3.967507
3.978514
3.989634
4.000761
4.01193
4.023027
4.034155
4.045281
4.056266
4.067589
4.078561
4.08961
4.100691
4.111761
4.122861
4.13397
4.145123
4.156212
4.167438
4.178377
4.189558
4.20083
4.211745
4.223034
4.234136
4.245115
4.256229
4.26735
4.278309
4.289529
4.300679
4.311644
4.322993
4.334005
4.345102
4.356162
4.367167
4.378278
4.389466
4.400715
4.411702
4.422961
4.434072
4.444973
4.456056
4.467192
4.478358
4.489459
4.500509
4.511693
4.522845
4.533854
4.544933
4.556069
4.567172
4.578335
4.589489
4.600574
4.611557
4.622669
4.633891
4.644917
4.655982
4.667148
4.678222
4.68941
4.700417
4.711457
4.722607
4.733795
4.745098
4.756073
4.767122
4.778163
4.789326
4.800462
4.811505
4.822669
4.834081
4.844798
4.855938
4.866936
4.878104
4.889264
4.900321
4.911381
4.922679
4.933605
4.945357
4.956122
4.966998
4.97803
4.989265
5.000296
5.011358
5.022519
5.0336
5.044635
5.055779
5.066865
5.07798
5.089095
5.100416
5.111285
5.12241
5.133618
5.144558
5.15576
5.167011
5.177868
5.189148
5.200221
5.21124
5.222451
5.233472
5.244605
5.255767
5.26684
5.277852
5.288975
5.300069
5.31118
5.322392
5.333404
5.34448
5.355607
5.366852
5.377841
5.389101
5.400178
5.411274
5.422304
5.433494
5.444435
5.455678
5.466792
5.47779
5.489167
5.500166
5.511117
5.522214
5.533253
5.544408
5.555635
5.566764
5.577728
5.588876
5.600438
5.611059
5.62218
5.63339
5.644368
5.655497
5.666594
5.67766
5.688787
5.700308
5.710996
5.722199
5.733302
5.744433
5.755385
5.766525
5.777605
5.788767
5.800353
5.81104
5.822123
5.833421
5.84424
5.855426
5.86655
5.87778
5.888777
5.900501
5.910958
5.922042
5.933184
5.944281
5.955379
5.966401
5.977798
5.98891
5.999815
6.010897
6.021995
6.033236
6.044176
6.055259
6.066415
6.078073
6.089599
6.099779
6.110816
6.122264
6.133128
6.1441
6.155207
6.166281
6.17743
6.18862
6.199616
6.210813
6.221941
6.233082
6.244123
6.255302
6.266308
6.277361
6.288524
6.299636
6.310795
6.321895
6.332889
6.344096
6.355398
6.366306
6.377319
6.388672
6.399673
6.410695
6.421731
6.432927
6.443922
6.455119
6.466242
6.477263
6.489429
6.49981
6.510617
6.521742
6.532876
6.543919
6.555236
6.566221
6.577215
6.588412
6.599489
6.610607
6.621624
6.632785
6.643933
6.655125
6.666068
6.677182
6.688323
6.699497
6.710571
6.721675
6.732837
6.743953
6.754975
6.766048
6.77718
6.788252
6.799385
6.810556
6.821558
6.832648
6.843853
6.854905
6.866031
6.877186
6.888246
6.899565
6.910653
6.921576
6.932663
6.943849
6.954963
6.966185
6.97703
6.988309
6.99933
7.010354
7.021525
7.032709
7.043711
7.054897
7.065927
7.077034
7.088132
7.09917
7.110764
7.121488
7.132552
7.1438
7.155025
7.165818
7.176905
7.188131
7.199151
7.210599
7.221365
7.23251
7.243748
7.254849
7.265816
7.276955
7.288092
7.299109
7.31022
7.321474
7.332518
7.343501
7.354777
7.36569
7.376905
7.388086
7.399112
7.410209
7.421325
7.432491
7.443603
7.454829
7.46566
7.47683
7.488424
7.499112
7.510096
7.521188
7.532327
7.544178
7.554586
7.565601
7.576718
7.587919
7.599203
7.610134
7.621368
7.632258
7.643527
7.654679
7.665613
7.67667
7.687806
7.699114
7.709997
7.721186
7.73229
7.743445
7.754483
7.765571
7.776749
7.787814
7.798871
7.810011
7.821073
7.832229
7.843271
7.854402
7.865489
7.876612
7.887763
7.898867
7.91002
7.921162
7.932097
7.943279
7.954432
7.965474
7.976742
7.98772
7.998805
8.009928
8.021008
8.032164
8.043275
8.054446
8.065598
8.076704
8.087667
8.098711
8.109824
8.120857
8.131969
8.143101
8.154274
8.165395
8.17648
8.187668
8.19879
8.209932
8.220893
8.232032
8.243095
8.254189
8.265359
8.276401
8.287487
8.298579
8.309799
8.320846
8.331921
8.343176
8.354296
8.36536
8.376467
8.38754
8.398522
8.409883
8.420948
8.432033
8.443065
8.454235
8.465193
8.476319
8.487729
8.498523
8.509604
8.520905
8.532048
8.54308
8.554082
8.565081
8.57622
8.587366
8.598611
8.609682
8.620721
8.631745
8.642863
8.65416
8.665053
8.676338
8.687289
8.698404
8.709612
8.720638
8.73191
8.742958
8.753881
8.765022
8.776101
8.787374
8.798427
8.809461
8.820651
8.831828
8.842856
8.854044
8.865055
8.876184
8.887319
8.898294
8.909472
8.920573
8.931709
8.942808
8.953795
8.965118
8.976012
8.987382
8.998231
9.009474
9.020638
9.031931
9.043265
9.053795
9.064991
9.076174
9.087211
9.098365
9.109292
9.120622
9.131479
9.14281
9.153782
9.165142
9.175911
9.187056
9.198173
9.209466
9.220436
9.231527
9.242556
9.253808
9.264921
9.275965
9.287172
9.298249
9.309503
9.32063
9.331417
9.342514
9.353677
9.364827
9.376034
9.386976
9.398006
9.409165
9.42041
9.431414
9.44258
9.453664
9.464666
9.475938
9.486921
9.498085
9.509121
9.520256
9.531528
9.542418
9.553667
9.564684
9.575805
9.58697
9.597947
9.609262
9.620263
9.631386
9.642487
9.653685
9.664634
9.6757
9.686831
9.698043
9.709271
9.720238
9.731277
9.742362
9.753833
9.764654
9.775679
9.786785
9.797915
9.809066
9.820191
9.83134
9.842301
9.853649
9.864682
9.875588
9.886953
9.897766
9.909122
9.920148
9.931091
9.942573
9.953465
9.964537
9.975626
9.986881
9.997703
10.00905
10.02003
10.03102
10.04237
10.05351
10.06469
10.07587
10.08665
10.09772
10.10889
10.11988
10.13111
10.14214
10.15321
10.16433
10.17549
10.18666
10.19762
10.20884
10.21999
10.23105
10.2423
10.25318
10.26437
10.27555
10.28653
10.29758
10.3089
10.32001
10.33089
10.34202
10.35348
10.36428
10.37587
10.38654
10.3977
10.40869
10.41973
10.43084
10.44196
10.45311
10.4642
10.47533
10.48657
10.49758
10.50873
10.51984
10.53081
10.54205
10.55326
10.5641
10.57534
10.58638
10.59753
10.60871
10.61985
10.63074
10.6422
10.65323
10.66411
10.67523
10.68634
10.69752
10.70852
10.71978
10.73075
10.74183
10.7529
10.76405
10.77525
10.7865
10.79739
10.80848
10.81962
10.83069
10.8418
10.85326
10.864
10.87512
10.88639
10.89727
10.90837
10.91954
10.93064
10.94179
10.95286
10.96395
10.97518
10.98632
10.99738
11.0085
11.01958
11.03071
11.04183
11.05288
11.06403
11.07511
11.0862
11.09732
11.10833
11.11948
11.1306
11.14167
11.15286
11.16412
11.17497
11.18646
11.1972
11.20837
11.2195
11.23051
11.24168
11.25278
11.26385
11.27488
11.28611
11.29706
11.30824
11.31943
11.33039
11.34152
11.35261
11.36406
11.37485
11.38607
11.39717
11.40822
11.41931
11.43032
11.44154
11.45259
11.4637
11.47501
11.486
11.49718
11.50811
11.51932
11.5304
11.54168
11.55255
11.56368
11.57482
11.5859
11.59696
11.60809
11.61935
11.63045
11.64139
11.65261
11.66373
11.67485
11.68583
11.69708
11.70805
11.71944
11.73034
11.7413
11.75242
11.76356
11.77464
11.78608
11.797
11.80803
11.81913
11.83024
11.84128
11.85243
11.86345
11.87462
11.88588
11.89676
11.90792
11.9192
11.93023
11.94147
11.95243
11.96346
11.97464
11.98562
11.99678
12.00781
12.01897
12.03011
12.04117
12.05239
12.06334
12.07456
12.08572
12.09712
12.10804
12.11919
12.13025
12.1413
12.15234
12.16337
12.1745
12.18562
12.19669
12.20782
12.219
12.23002
12.24123
12.25239
12.26327
12.27444
12.28548
12.2966
12.30781
12.31885
12.32996
12.34103
12.35214
12.3632
12.37448
12.38549
12.39666
12.40771
12.41911
12.42988
12.44101
12.45209
12.46318
12.47445
12.48545
12.49647
12.5077
12.51875
12.52994
12.54101
12.55214
12.5632
12.57428
12.58533
12.59649
12.60766
12.61865
12.62976
12.64085
12.6521
12.66315
12.67426
12.68531
12.69634
12.70756
12.71872
12.7299
12.74097
12.75215
12.76303
12.77411
12.7853
12.79636
12.80767
12.81862
12.82962
12.84096
12.85185
12.86332
12.87427
12.88519
12.89628
12.90755
12.91852
12.92964
12.94079
12.95196
12.96291
12.97415
12.98521
12.99623
13.0073
13.01846
13.02974
13.04067
13.05177
13.06286
13.07406
13.08508
13.09624
13.10737
13.11881
13.12974
13.14067
13.15203
13.16292
13.17403
13.18529
13.19617
13.2074
13.21845
13.22946
13.24063
13.25179
13.26275
13.27401
13.28516
13.29615
13.30727
13.31876
13.32943
13.3406
13.35185
13.36268
13.374
13.38512
13.39604
13.40733
13.4185
13.42941
13.4406
13.45169
13.46272
13.47382
13.48491
13.49612
13.50735
13.51885
13.52935
13.54048
13.55147
13.56265
13.57376
13.58484
13.59597
13.60712
13.61892
13.62924
13.6404
13.65161
13.66256
13.67386
13.68493
13.69591
13.70706
13.71845
13.72924
13.74032
13.75156
13.76258
13.77368
13.78486
13.79586
13.80722
13.81812
13.82922
13.84046
13.85153
13.86253
13.8736
13.88482
13.89576
13.90686
13.91808
13.92922
13.94036
13.95139
13.96263
13.97354
13.98493
13.99574
14.00685
14.01808
14.02903
14.04047
14.05132
14.06236
14.07358
14.08467
14.09582
14.1068
14.11822
14.12955
14.14027
14.15136
14.16232
14.17355
14.18468
14.1957
14.20677
14.21792
14.22904
14.2401
14.25129
14.26239
14.2735
14.28451
14.29572
14.30681
14.3178
14.3289
14.34009
14.35117
14.3622
14.37331
14.38455
14.39549
14.40661
14.41772
14.42898
14.44003
14.45133
14.4622
14.47331
14.48466
14.4955
14.50666
14.51772
14.52885
14.54003
14.55119
14.56215
14.57328
14.58452
14.59559
14.60669
14.61766
14.62884
14.63985
14.65094
14.66207
14.67316
14.68437
14.69552
14.70658
14.71759
14.72877
14.73994
14.75119
14.76231
14.77321
14.78427
14.79563
14.80666
14.81773
14.82871
14.83994
14.85102
14.86213
14.87311
14.88442
14.89535
14.90641
14.91761
14.92866
14.93979
14.95095
14.96191
14.973
14.98423
14.99526
15.00638
15.01765
15.0286
15.03968
15.05092
15.06215
15.07306
15.08419
15.09525
15.10638
15.11748
15.1285
15.13966
15.15083
15.16193
15.17302
15.18417
15.19522
15.20635
15.21738
15.22847
15.23962
15.25074
15.26195
15.27292
15.28417
15.29516
15.30634
15.31749
15.32839
15.33962
15.35062
15.3619
15.37284
15.384
15.39508
15.40621
15.41744
15.42845
15.43954
15.45073
15.46175
15.47284
15.4841
15.49506
15.50615
15.51754
15.52834
15.53945
15.55067
15.56166
15.57274
15.58399
15.59504
15.60607
15.61729
15.62825
15.63932
15.65064
15.66163
15.67288
15.68408
15.69493
15.70611
15.71715
15.7282
15.73943
15.75074
15.76158
15.77273
15.78378
15.79495
15.80594
15.81714
15.82827
15.83924
15.85041
15.86156
15.87277
15.88385
15.89486
15.90609
15.91701
15.92815
15.93926
15.95061
15.96154
15.9726
15.98394
15.9949
16.00591
16.01708
16.02805
16.03934
16.05077
16.06141
16.0725
16.08365
16.09485
16.10587
16.11692
16.128
16.13923
16.15035
16.16133
16.17261
16.18361
16.19492
16.20581
16.21684
16.22795
16.23918
16.25069
16.26147
16.2724
16.28371
16.29478
16.30574
16.31703
16.32802
16.33907
16.35034
16.36136
16.37243
16.3835
16.39479
16.40565
16.41697
16.42813
16.43907
16.45033
16.46118
16.47238
16.48347
16.49456
16.50563
16.51688
16.52802
16.53901
16.55015
16.56123
16.57236
16.58342
16.59454
16.60607
16.61679
16.62792
16.63891
16.65021
16.66114
16.67312
16.68333
16.69443
16.70559
16.71668
16.72787
16.73892
16.75009
16.76117
16.77213
16.78333
16.79435
16.80542
16.81658
16.82768
16.83877
16.84984
16.86118
16.87211
16.88335
16.89441
16.90538
16.9167
16.92766
16.93878
16.94992
16.96104
16.97204
16.98333
16.99432
17.00565
17.01671
17.0276
17.03883
17.05006
17.06087
17.07214
17.08316
17.0942
17.10533
17.11656
17.12763
17.13872
17.14983
17.16077
17.17198
17.18303
17.19416
17.20532
17.21641
17.22783
17.23865
17.24983
17.26085
17.2719
17.28363
17.29415
17.30522
17.3163
17.32741
17.33854
17.34974
17.36129
17.37194
17.3831
17.39409
17.40523
17.41632
17.42739
17.43845
17.44957
17.46077
17.4718
17.48298
17.49398
17.50513
17.51646
17.52732
17.53854
17.54963
17.56087
17.57185
17.58286
17.59403
17.60511
17.61618
17.62743
17.63839
17.6496
17.66072
17.67167
17.68288
17.69406
17.70529
17.71626
17.72729
17.7383
17.74958
17.76063
17.77164
17.7832
17.79402
17.80498
17.81613
17.8275
17.83833
17.84949
17.86078
17.87161
17.88286
17.89389
17.90492
17.91607
17.92727
17.9383
17.94943
17.96058
17.97156
17.98274
17.99394
18.00494
18.01597
18.02705
18.03832
18.04925
18.0604
18.07154
18.08259
18.09372
18.10484
18.11599
18.1273
18.13811
18.14946
18.16068
18.17152
18.18265
18.1937
18.20486
18.216
18.22722
18.2383
18.24942
18.26054
18.27141
18.28252
18.29391
18.30471
18.31616
18.32752
18.3381
18.34915
18.36031
18.37146
18.38255
18.39357
18.40477
18.41577
18.42728
18.43796
18.44938
18.46037
18.47147
18.48252
18.4936
18.5047
18.51589
18.52741
18.53795
18.54903
18.56034
18.57123
18.58238
18.59347
18.60465
18.61585
18.6272
18.63789
18.6492
18.66033
18.67125
18.68254
18.69344
18.70476
18.7158
18.72672
18.73787
18.74901
18.7601
18.7713
18.7824
18.79336
18.80468
18.81563
18.82704
18.83784
18.84903
18.85999
18.87109
18.8823
18.89332
18.90442
18.91563
18.92661
18.93798
18.94897
18.95993
18.97135
18.98232
18.9934
19.00438
19.01549
19.02656
19.03775
19.04881
19.0601
19.07118
19.08224
19.09331
19.10447
19.11545
19.1267
19.13768
19.14875
19.15984
19.17105
19.1823
19.19314
19.2044
19.21539
19.22646
19.23784
19.24894
19.25988
19.27101
19.282
19.29322
19.30425
19.31543
19.32649
19.33759
19.34875
19.35977
19.371
19.38198
19.39304
19.4043
19.41544
19.42636
19.43765
19.44876
19.45968
19.47091
19.48211
19.49295
19.50413
19.51525
19.52644
19.53758
19.5486
19.55982
19.57087
19.58195
19.59315
19.60404
19.61516
19.62632
19.63753
19.64853
19.65962
19.6708
19.68192
19.69304
19.70432
19.71522
19.72617
19.73747
19.74843
19.75957
19.77103
19.78172
19.79294
19.80401
19.81518
19.82625
19.83736
19.84845
19.85951
19.8709
19.88182
19.89297
19.90398
19.91508
19.92643
19.93737
19.94859
19.95963
19.97072
19.98184
19.99272
20.00385
20.01504
20.02621
20.03741
20.04834
20.05942
20.07073
20.08186
20.09273
20.10389
20.11497
20.12601
20.13731
20.14831
20.15947
20.17059
20.18166
20.19276
20.2039
20.21501
20.22598
20.23716
20.24825
20.25954
20.27058
20.28169
20.29276
20.30388
20.31491
20.32595
20.33734
20.34825
20.35925
20.37039
20.38147
20.39258
20.40373
20.41483
20.42592
20.43715
20.44813
20.45929
20.47035
20.48139
20.49259
20.50388
20.51475
20.52597
20.53718
20.54812
20.55921
20.57043
20.58144
20.5926
20.60354
20.61476
20.6258
20.63699
20.64811
20.65922
20.6703
20.68129
20.69237
20.70366
20.71466
20.72582
20.73694
20.74806
20.7593
20.77028
20.78127
20.79246
20.80357
20.81486
20.82572
20.8368
20.84792
20.85895
20.8702
20.88127
20.89239
20.90352
20.91463
20.92569
20.93684
20.94793
20.95905
20.97008
20.98133
20.99237
21.00347
21.01458
21.02575
21.03677
21.04784
21.05888
21.07
21.08111
21.09238
21.10338
21.11477
21.12555
21.13663
21.14797
21.15883
21.16995
21.18114
21.19219
21.20333
21.21447
21.22555
21.2366
21.24781
21.25878
21.27014
21.2813
21.29215
21.30341
21.31436
21.32545
21.33665
21.34785
21.35889
21.36991
21.38092
21.39207
21.40322
21.41424
21.42558
21.43647
21.44773
21.45872
21.46984
21.48095
21.49243
21.50319
21.51432
21.52541
21.5364
21.54773
21.55877
21.56994
21.581
21.5923
21.60308
21.61432
21.6254
21.63643
21.64776
21.65859
21.66971
21.68082
21.69184
21.70303
21.71419
21.72574
21.73651
21.74789
21.75853
21.76978
21.78079
21.79193
21.80301
21.81421
21.82524
21.83641
21.84743
21.85859
21.86961
21.88106
21.89199
21.90314
21.91401
21.92518
21.93629
21.9474
21.95864
21.96958
21.98081
21.99209
22.00329
22.01426
22.02503
22.03625
22.0474
22.05861
22.06962
22.08085
22.09178
22.10283
22.11397
22.12501
22.1365
22.14727
22.15843
22.16951
22.18069
22.19179
22.20305
22.21395
22.22507
22.23653
22.24723
22.25842
22.26954
22.28065
22.29196
22.30281
22.31391
22.32517
22.33646
22.34716
22.35831
22.36937
22.38051
22.3917
22.40283
22.41379
22.42496
22.43599
22.44704
22.45821
22.46935
22.48045
22.49173
22.50268
22.51409
22.52481
22.53597
22.54717
22.55825
22.56924
22.5805
22.5916
22.60262
22.61398
22.62524
22.63591
22.64707
22.6582
22.6693
22.68044
22.69154
22.70258
22.71363
22.7249
22.73587
22.74706
22.75809
22.76917
22.7805
22.79144
22.80249
22.81355
22.82479
22.83582
22.84688
22.85812
22.86915
22.88024
22.89138
22.90263
22.9135
22.92473
22.93572
22.94685
22.95794
22.96906
22.9803
22.99152
23.00237
23.01367
23.02467
23.0357
23.04693
23.05798
23.06901
23.08007
23.09136
23.10232
23.11345
23.12453
23.13574
23.14676
23.15798
23.169
23.18015
23.19136
23.20233
23.21336
23.22474
23.23561
23.24673
23.25778
23.26895
23.28008
23.29122
23.3023
23.31349
23.32446
23.33569
23.34677
23.35798
23.36886
23.37996
23.39111
23.40226
23.41346
23.4245
23.43551
23.4469
23.45787
23.46894
23.47997
23.49108
23.50213
23.51347
23.52452
23.53547
23.54662
23.55784
23.56877
23.57986
23.59115
23.60216
23.61329
23.6244
23.63538
23.64657
23.65765
23.66879
23.68
23.69112
23.70205
23.71325
23.72445
23.73536
23.74648
23.75767
23.76887
23.77979
23.79103
23.80198
23.81313
23.82449
23.83529
23.84637
23.85755
23.86864
23.8798
23.89098
23.90215
23.91318
23.92417
23.93528
23.94635
23.95746
23.96851
23.97969
23.9908
24.00195
24.01314
24.02422
24.03526
24.04662
24.05737
24.06863
24.07975
24.09074
24.10191
24.113
24.12401
24.13521
24.14634
24.15736
24.16858
24.17956
24.19084
24.20177
24.21293
24.22402
24.23513
24.2462
24.25735
24.26842
24.27955
24.29062
24.30178
24.31289
24.32403
24.33519
24.34625
24.35778
24.36838
24.37956
24.3906
24.4017
24.41294
24.42401
24.43503
24.44614
24.45736
24.46823
24.47941
24.49049
24.50163
24.5127
24.52407
24.53506
24.54604
24.55724
24.56828
24.57943
24.59055
24.60156
24.61272
24.62403
24.63493
24.64632
24.65718
24.66823
24.67945
24.69053
24.70155
24.71276
24.72391
24.73487
24.74604
24.7571
24.76816
24.77957
24.79068
24.80161
24.81278
24.82379
24.83485
24.84603
24.85705
24.86814
24.87927
24.89041
24.90142
24.91253
24.92385
24.93479
24.94639
24.95703
24.96804
24.97923
24.99024
25.00147
25.01243
25.0237
25.03496
25.04611
25.05697
25.06803
25.07914
25.09031
25.10133
25.11264
25.12358
25.13472
25.146
25.15702
25.16804
25.1791
25.19025
25.20134
25.21235
25.22348
25.23472
25.24617
25.25688
25.26794
25.27905
25.29027
25.3012
25.31238
25.32372
25.33467
25.34613
25.35681
25.36786
25.379
25.39028
25.40124
25.41234
25.42348
25.43458
25.44567
25.45676
25.46791
25.47889
25.49003
25.50113
25.51224
25.52333
25.53452
25.54558
25.55677
25.56773
25.57883
25.59012
25.60107
25.61218
25.62364
25.63446
25.64556
25.65667
25.66775
25.67883
25.69023
25.70107
25.71227
25.72332
25.73455
25.74547
25.75663
25.76766
25.77882
25.79005
25.80098
25.81217
25.82332
25.83428
25.84541
25.85656
25.86761
25.87878
25.88992
25.90111
25.91208
25.92323
25.93444
25.94535
25.95652
25.96766
25.97866
25.98987
26.00097
26.01201
26.02328
26.03418
26.04534
26.05652
26.06768
26.07885
26.08995
26.10081
26.11193
26.12313
26.13415
26.14528
26.15646
26.16753
26.17868
26.18971
26.20094
26.21183
26.22302
26.23436
26.24531
26.25643
26.26748
26.27849
26.28969
26.3009
26.31186
26.32294
26.3341
26.34515
26.35631
26.36735
26.37855
26.38977
26.40077
26.41178
26.42304
26.43404
26.44516
26.45633
26.46729
26.47839
26.48972
26.50068
26.5118
26.52291
26.5341
26.54505
26.5563
26.56732
26.57833
26.58965
26.6006
26.61166
26.62277
26.63416
26.64506
26.65624
26.66724
26.6783
26.68976
26.70053
26.71167
26.7227
26.73424
26.74498
26.75621
26.76741
26.77832
26.78963
26.8005
26.81158
26.8227
26.83388
26.84489
26.85612
26.86735
26.87845
26.88945
26.90039
26.91156
26.92282
26.93377
26.94488
26.95609
26.96707
26.97815
26.98941
27.00065
27.01147
27.02283
27.03375
27.04478
27.05606
27.06711
27.07814
27.08931
27.10049
27.11145
27.12261
27.13376
27.14483
27.15604
27.16704
27.17812
27.18933
27.20053
27.21141
27.22255
27.23362
27.24468
27.2558
27.2669
27.27806
27.28908
27.30029
27.31141
27.3224
27.33363
27.34469
27.35592
27.36704
27.37796
27.38914
27.40028
27.41142
27.42294
27.43363
27.44466
27.45572
27.46685
27.47796
27.48926
27.50019
27.51124
27.52236
27.5335
27.54452
27.55565
27.56698
27.57786
27.58912
27.6002
27.61115
27.62243
27.63373
27.64465
27.65561
27.66669
27.67777
27.6889
27.70005
27.71111
27.7223
27.73349
27.74449
27.75568
27.76721
27.77778
27.78914
27.80044
27.81109
27.82241
27.83336
27.84443
27.85546
27.86699
27.87773
27.88888
27.90001
27.91105
27.92223
27.93341
27.94429
27.95568
27.96668
27.97773
27.98898
28
28.01097
28.02213
28.03343
28.04438
28.05556
28.06657
28.07766
28.08895
28.09985
28.11106
28.12213
28.1332
28.14427
28.15534
28.16664
28.17762
28.18876
28.19986
28.2109
28.22206
28.23316
28.24418
28.25551
28.2669
28.27784
28.28861
28.29973
28.31089
28.3221
28.33341
28.34431
28.35527
28.36658
28.37752
28.38855
28.39963
28.41078
28.42222
28.43306
28.44415
28.45539
28.4664
28.47749
28.48908
28.49988
28.51069
28.52193
28.53298
28.54411
28.55523
28.56632
28.57753
28.5885
28.59971
28.61086
28.62178
28.63297
28.64416
28.65537
28.66629
28.67727
28.68855
28.69974
28.71066
28.72187
28.73307
28.74393
28.75534
28.76629
28.77725
28.78851
28.79957
28.81062
28.82171
28.83288
28.84397
28.85517
28.86615
28.87811
28.88841
28.89954
28.91048
28.9217
28.93294
28.94385
28.95515
28.96634
28.97714
28.98834
28.99937
29.01056
29.02164
29.03288
29.04389
29.05514
29.06598
29.07729
29.08821
29.0995
29.11048
29.12157
29.13275
29.14379
29.15559
29.16603
29.17702
29.18817
29.1996
29.21038
29.22176
29.23276
29.24379
29.25485
29.26606
29.27718
29.28828
29.29961
29.3104
29.3216
29.33269
29.34367
29.35501
29.36604
29.37693
29.38824
29.39931
29.41024
29.42146
29.43266
29.44385
29.45477
29.46593
29.47694
29.48844
29.49927
29.51034
29.52131
29.53267
29.5436
29.55466
29.56594
29.57683
29.58805
29.59926
29.6103
29.62126
29.6326
29.64355
29.65465
29.66591
29.67683
29.68813
29.69917
29.71013
29.72133
29.73239
29.74348
29.75491
29.76591
29.77679
29.78833
29.79922
29.81009
29.82127
29.83236
29.84341
29.85448
29.86573
29.87678
29.88784
29.89901
29.9102
29.9213
29.93229
29.94353
29.95452
29.96574
29.97682
29.98783
29.99887
30.01005
30.02119
30.03234
30.0434
30.05441
30.06626
30.07668
30.08777
30.09901
30.11013
30.12118
30.13235
30.14331
30.15448
30.1657
30.17738
30.18766
30.19906
30.20987
30.22098
30.23232
30.24322
30.25431
30.26552
30.27648
30.28775
30.29881
30.31001
30.32099
30.33211
30.34311
30.3544
30.36554
30.37656
30.38764
30.3989
30.40974
30.42092
30.43221
30.44336
30.4543
30.4654
30.47646
30.48835
30.49869
30.50987
30.52087
30.53196
30.54316
30.5542
30.5654
30.57644
30.58752
30.59889
30.60976
30.62098
30.63192
30.64305
30.65424
30.66544
30.67653
30.68754
30.69868
30.70967
30.72084
30.73199
30.74297
30.75437
30.76534
30.77631
30.78749
30.79871
30.80959
30.82082
30.83192
30.84292
30.85405
30.86533
30.87628
30.88751
30.89857
30.90969
30.92077
30.93196
30.9429
30.95395
30.96522
30.97623
30.98746
30.99848
31.0095
31.0207
31.03171
31.04284
31.05395
31.06526
31.07613
31.08721
31.09853
31.10956
31.12055
31.13202
31.14291
31.15396
31.16504
31.17617
31.18726
31.19848
31.20955
31.2207
31.23178
31.24271
31.25389
31.26545
31.27603
31.28719
31.29841
31.30945
31.32044
31.3316
31.34263
31.35394
31.3649
31.37603
31.38724
31.39847
31.40946
31.42043
31.43169
31.44269
31.45385
31.46486
31.47604
31.48713
31.49824
31.50947
31.52043
31.53194
31.54263
31.55394
31.56486
31.57593
31.58719
31.59826
31.60918
31.62043
31.63144
31.64254
31.65388
31.66495
31.67581
31.68711
31.69822
31.7093
31.72027
31.73132
31.74286
31.75368
31.76475
31.77575
31.78694
31.79821
31.80925
31.82032
31.83151
31.84267
31.85368
31.86477
31.87585
31.887
31.89799
31.90899
31.92034
31.93134
31.94257
31.9535
31.9649
31.97585
31.98679
31.9981
32.00898
32.02009
32.03131
32.04225
32.05343
32.06505
32.07567
32.08677
32.09786
32.10905
32.12004
32.13128
32.14244
32.15352
32.16481
32.17563
32.18689
32.19791
32.20892
32.22008
32.23105
32.24225
32.25346
32.26474
32.27557
32.28669
32.29789
32.30893
32.32001
32.33128
32.34233
32.35346
32.36456
32.37558
32.38682
32.39781
32.40878
32.42004
32.43105
32.44209
32.45335
32.46449
32.47541
32.48661
32.49766
32.50874
32.52003
32.53106
32.54219
32.55326
32.56439
32.57542
32.58653
32.59761
32.60866
32.61987
32.63088
32.64208
32.65331
32.6643
32.6757
32.68642
32.69759
32.70871
32.71986
32.73103
32.74196
32.75314
32.76421
32.77542
32.78647
32.79749
32.80872
32.8199
32.83084
32.84187
32.8531
32.86423
32.87617
32.88633
32.89758
32.90858
32.91972
32.93105
32.94186
32.95321
32.96416
32.97527
32.98656
32.99748
33.00855
33.01959
33.0308
33.04185
33.05291
33.06419
33.07513
33.08687
33.09732
33.10879
33.11969
33.13081
33.14174
33.15297
33.16407
33.17503
33.1862
33.19741
33.20858
33.2198
33.23066
33.24183
33.25299
33.26402
33.27522
33.28615
33.29735
33.30843
33.31951
33.33061
33.34165
33.35273
33.36409
33.37507
33.3862
33.39734
33.40828
33.41939
33.43091
33.44163
33.45272
33.46394
33.47499
33.48606
33.49725
33.50868
33.51937
33.53077
33.54166
33.55307
33.56395
33.57511
33.58599
33.59718
33.6084
33.61931
33.63052
33.64156
33.65276
33.66395
33.67499
33.68605
33.69715
33.70824
33.71931
33.73046
33.74145
33.75265
33.76377
33.775
33.78597
33.79716
33.80832
33.81935
33.83033
33.84145
33.85253
33.86407
33.87475
33.88596
33.897
33.90831
33.91916
33.93045
33.94141
33.95251
33.96371
33.97474
33.98587
33.99696
34.00826
34.01927
34.03031
34.04127
34.05253
34.06353
34.07479
34.08591
34.0969
34.10794
34.11905
34.1302
34.1413
34.15238
34.16373
34.17487
34.18571
34.1969
34.20797
34.21899
34.23015
34.24132
34.25244
34.26348
34.27461
34.28571
34.29686
34.30804
34.31894
34.33024
34.34127
34.35229
34.36347
34.37451
34.38559
34.39671
34.4079
34.41904
34.43004
34.4411
34.45224
34.46328
34.47451
34.48575
34.49662
34.50776
34.51889
34.53002
34.54113
34.55224
34.56335
34.57464
34.5857
34.59664
34.60783
34.61887
34.63008
34.64113
34.65207
34.66328
34.67432
34.68544
34.69659
34.7077
34.71892
34.73003
34.74113
34.75209
34.76323
34.77445
34.78548
34.797
34.80773
34.81881
34.82993
34.84086
34.85203
34.86318
34.87428
34.88532
34.89653
34.90752
34.91886
34.92978
34.94097
34.95215
34.96322
34.97421
34.98541
34.99654
35.00766
35.0186
35.02974
35.04079
35.05192
35.06315
35.07414
35.08543
35.09639
35.10764
35.11856
35.12967
35.14072
35.15186
35.16295
35.17406
35.18523
35.19634
35.20745
35.21859
35.22969
35.24073
35.25182
35.26319
35.274
35.28515
35.29627
35.30748
35.31846
35.32957
35.34067
35.35178
35.36308
35.37414
35.38512
35.39611
35.4074
35.41855
35.42976
35.4406
35.45189
35.46289
35.47402
35.485
35.49634
35.50732
35.51882
35.5295
35.54052
35.55173
35.56324
35.57407
35.58511
35.59615
35.60726
35.61827
35.62953
35.64052
35.65168
35.66286
35.67387
35.68498
35.69608
35.70714
35.71823
35.72969
35.74058
35.75161
35.76275
35.77385
35.78492
35.79602
35.80715
35.81832
35.82933
35.84058
35.85167
35.86271
35.87391
35.88506
35.89609
35.90723
35.91827
35.92938
35.94044
35.95213
35.96263
35.97384
35.98493
35.99592
36.00705
36.01814
36.02925
36.04046
36.05152
36.06263
36.07405
36.08484
36.09586
36.10708
36.11806
36.12918
36.14028
36.15134
36.1625
36.17369
36.1848
36.19589
36.20686
36.21806
36.22912
36.2402
36.25136
36.26244
36.27395
36.28474
36.29586
36.30689
36.31824
36.329
36.34013
36.3514
36.36241
36.37346
36.38485
36.39582
36.4068
36.41805
36.42918
36.44011
36.45143
36.46243
36.47355
36.48472
36.49568
36.50682
36.51784
36.52899
36.54005
36.5513
36.56234
36.5736
36.58496
36.5957
36.60674
36.61781
36.62885
36.64017
36.65127
36.66245
36.67348
36.68452
36.69559
36.70668
36.71784
36.72897
36.73999
36.75113
36.7624
36.77332
36.78447
36.79553
36.80671
36.81784
36.82883
36.8399
36.8512
36.86222
36.87324
36.88461
36.8955
36.90659
36.91778
36.92899
36.9399
36.95105
36.96212
36.9734
36.98437
36.99538
37.00653
37.01782
37.02878
37.03981
37.05115
37.06213
37.07328
37.08437
37.09536
37.10649
37.11756
37.12919
37.1398
37.15107
37.16209
37.17309
37.18441
37.19536
37.20644
37.21775
37.22866
37.23988
37.25105
37.26209
37.27303
37.28439
37.29539
37.30639
37.31759
37.32867
37.33974
37.35081
37.36214
37.373
37.38409
37.39521
37.40634
37.41763
37.42862
37.43997
37.45088
37.46191
37.47326
37.48416
37.49524
37.50624
37.51813
37.52861
37.53965
37.55079
37.56185
37.57309
37.58414
37.59522
37.60629
37.61747
37.62851
37.63953
37.65101
37.66185
37.67292
37.68406
37.69513
37.70619
37.71728
37.72844
37.73954
37.75075
37.76168
37.77297
37.78407
37.79528
37.80614
37.8173
37.82846
37.83952
37.85058
37.86162
37.87279
37.88405
37.89501
37.90615
37.91737
37.92822
37.93949
37.95047
37.96154
37.9727
37.98388
37.99493
38.006
38.01713
38.02833
38.0393
38.05058
38.06165
38.07279
38.08403
38.09483
38.106
38.11703
38.12814
38.13932
38.15047
38.16157
38.17267
38.1838
38.19487
38.20592
38.21717
38.22816
38.2392
38.25047
38.2615
38.27258
38.28385
38.2948
38.30589
38.31714
38.32801
38.33922
38.35029
38.36137
38.37259
38.38371
38.39474
38.40584
38.41694
38.42811
38.43915
38.45033
38.4614
38.47245
38.48371
38.49476
38.50584
38.51709
38.52809
38.53912
38.5503
38.56134
38.5725
38.58362
38.59511
38.60573
38.61692
38.62799
38.63927
38.65032
38.66119
38.67248
38.68393
38.69459
38.70569
38.7169
38.72793
38.73912
38.75015
38.76122
38.77231
38.78342
38.79449
38.80562
38.81676
38.82782
38.83903
38.85009
38.86128
38.87225
38.88348
38.89454
38.90559
38.91679
38.92811
38.93892
38.95014
38.96107
38.97231
38.98364
38.99446
39.00555
39.01674
39.02776
39.039
39.05003
39.0611
39.07214
39.08329
39.09464
39.10547
39.11661
39.12773
39.13889
39.15011
39.16102
39.17212
39.18339
39.19436
39.20539
39.21662
39.2276
39.23874
39.24991
39.26095
39.27214
39.28328
39.29423
39.30545
39.31651
39.32756
39.33883
39.34995
39.36089
39.37206
39.38328
39.39423
39.40537
39.41644
39.42753
39.43861
39.44995
39.46096
39.47206
39.48327
39.49449
39.50536
39.5166
39.52743
39.5387
39.54976
39.56078
39.57193
39.58313
39.59407
39.60518
39.61655
39.62738
39.63873
39.64967
39.66083
39.67191
39.68299
39.69407
39.70529
39.71627
39.72734
39.73857
39.74963
39.76071
39.77206
39.78309
39.79401
39.80539
39.81635
39.82735
39.83849
39.84966
39.86072
39.87183
39.88296
39.89397
39.90502
39.91626
39.92747
39.9385
39.94959
39.96061
39.97178
39.98309
39.99393
40.005
40.01616
40.02729
40.03835
40.04951
40.06056
40.07182
40.08301
40.09385
40.105
40.11617
40.12716
40.13841
40.1495
40.16056
40.17171
40.18275
40.19384
40.20496
40.21607
40.22707
40.23851
40.24947
40.26049
40.27161
40.28277
40.29378
40.305
40.31604
40.32711
40.33828
40.34937
40.36042
40.37147
40.38266
40.39383
40.40498
40.41599
40.42706
40.43823
40.44936
40.46038
40.47156
40.48269
40.49373
40.50489
40.51605
40.52705
40.53825
40.54929
40.56039
40.57184
40.58259
40.59363
40.60471
40.61589
40.62692
40.63816
40.6492
40.66038
40.67133
40.68282
40.6936
40.7048
40.71589
40.72687
40.73812
40.7492
40.76026
40.77135
40.78306
40.79354
40.8048
40.81576
40.82682
40.83795
40.84908
40.86029
40.87122
40.88249
40.89346
40.90472
40.91566
40.92678
40.93792
40.94926
40.96005
40.9714
40.98238
40.99346
41.0045
41.01578
41.02691
41.03782
41.0491
41.06013
41.07111
41.08248
41.09347
41.10454
41.11567
41.1267
41.1378
41.14889
41.16016
41.17117
41.18224
41.19338
41.20438
41.21562
41.22667
41.23795
41.24889
41.26001
41.27111
41.28215
41.29335
41.30448
41.31559
41.32674
41.33801
41.34874
41.36001
41.37107
41.38222
41.39319
41.40431
41.41547
41.42656
41.43763
41.44896
41.45999
41.471
41.48227
41.49326
41.50439
41.5154
41.52649
41.53754
41.54883
41.5598
41.57085
41.58211
41.59327
41.60422
41.6153
41.62646
41.63764
41.64878
41.65972
41.6709
41.6821
41.69311
41.70425
41.71548
41.72629
41.73774
41.74874
41.75974
41.77082
41.78196
41.79309
41.8042
41.81536
41.82632
41.83745
41.84872
41.85962
41.87115
41.88192
41.89298
41.90419
41.91528
41.92639
41.93744
41.94877
41.95966
41.97076
41.98191
41.99289
42.00415
42.01525
42.02623
42.03751
42.04868
42.05956
42.07069
42.08197
42.09288
42.10421
42.11509
42.12615
42.13731
42.14857
42.15953
42.1706
42.18174
42.19289
42.20401
42.21511
42.22621
42.23722
42.24843
42.25956
42.27048
42.28193
42.29274
42.30387
42.31496
42.32621
42.33726
42.34828
42.35949
42.37052
42.38157
42.39271
42.40386
42.41504
42.42616
42.43715
42.44843
42.45936
42.47052
42.48167
42.49263
42.50388
42.51489
42.52591
42.53721
42.54825
42.55967
42.5706
42.58159
42.59261
42.60385
42.6149
42.62593
42.63709
42.64827
42.65952
42.67052
42.68155
42.69269
42.70378
42.71497
42.72604
42.73703
42.74833
42.75924
42.77031
42.78144
42.79257
42.80373
42.81477
42.82582
42.83697
42.84804
42.85913
42.87043
42.88181
42.89248
42.90366
42.91489
42.92577
42.93715
42.94815
42.95907
42.97037
42.98164
42.99254
43.0037
43.01466
43.02573
43.03709
43.04811
43.05903
43.07032
43.08144
43.09239
43.10355
43.11458
43.12566
43.13689
43.14798
43.15911
43.17007
43.18128
43.19245
43.2035
43.21456
43.22561
43.23671
43.24812
43.25898
43.27017
43.28119
43.29229
43.30346
43.31461
43.32561
43.33685
43.34785
43.35893
43.37001
43.38122
43.39235
43.40343
43.41473
43.42548
43.43667
43.44776
43.45885
43.47009
43.48114
43.49213
43.50346
43.51452
43.52549
43.53666
43.54781
43.55893
43.5701
43.58105
43.59213
43.60335
43.61438
43.62542
43.63665
43.6478
43.65891
43.66995
43.68097
43.69201
43.70324
43.71437
43.72557
43.73654
43.74786
43.75872
43.76994
43.78101
43.79197
43.80314
43.81441
43.82532
43.83644
43.84758
43.85876
43.86973
43.88095
43.89202
43.90335
43.91419
43.92527
43.93641
43.94775
43.9586
43.96999
43.98087
43.99192
44.0032
44.01419
44.02553
44.03646
44.04752
44.05856
44.06976
44.08081
44.0919
44.10329
44.11419
44.12529
44.13656
44.14754
44.15871
44.16961
44.18106
44.19189
44.20298
44.21412
44.22524
44.23632
44.24746
44.25869
44.26986
44.28106
44.29184
44.30293
44.31407
44.32507
44.33625
44.34731
44.35847
44.36975
44.38089
44.39199
44.40295
44.41394
44.42507
44.43623
44.44746
44.45837
44.46955
44.48059
44.49197
44.50306
44.51396
44.52497
44.53616
44.54735
44.55833
44.56961
44.58096
44.59205
44.60285
44.61388
44.62494
44.63622
44.64743
44.65834
44.66935
44.68053
44.69223
44.7028
44.71381
44.72518
44.73602
44.7473
44.75821
44.76946
44.78047
44.79174
44.80284
44.81396
44.82498
44.83617
44.84705
44.85828
44.86942
44.88038
44.89147
44.90289
44.91368
44.9249
44.93622
44.94698
44.95835
44.96926
44.98043
44.99136
45.00253
45.01392
45.02489
45.03585
45.04695
45.0582
45.06927
45.08031
45.09214
45.10251
45.11356
45.12469
45.13587
45.14688
45.15812
45.16923
45.18028
45.19145
45.20253
45.21376
45.2247
45.23577
45.24692
45.25796
45.26924
45.28022
45.29153
45.30249
45.31386
45.32456
45.33566
45.3468
45.35793
45.36971
45.38012
45.39141
45.40238
45.41354
45.42456
45.43567
45.44677
45.45798
45.46909
45.48024
45.49121
45.5034
45.51343
45.52458
45.53569
45.54681
45.55787
45.56925
45.58018
45.59125
45.60238
45.61333
45.62443
45.63554
45.64664
45.65782
45.66894
45.68009
45.69107
45.70219
45.71333
45.72443
45.73553
45.74662
45.75776
45.76935
45.78003
45.79107
45.80222
45.8133
45.82441
45.83555
45.84658
45.85773
45.86885
45.87987
45.89117
45.90231
45.91328
45.92456
45.93544
45.94653
45.95761
45.96878
45.97982
45.99106
46.00207
46.01316
46.02427
46.03547
46.04646
46.05768
46.06878
46.07981
46.09114
46.10201
46.11313
46.1243
46.13535
46.14654
46.15756
46.16862
46.17974
46.19094
46.20225
46.21304
46.22413
46.23531
46.24651
46.25756
46.26871
46.27968
46.29085
46.30216
46.31297
46.32413
46.33517
46.34628
46.35755
46.36871
46.37955
46.39074
46.40183
46.41293
46.42418
46.43512
46.44624
46.45762
46.46859
46.47958
46.49067
46.50202
46.51289
46.524
46.53505
46.54621
46.55753
46.56836
46.57949
46.59067
46.60177
46.613
46.62388
46.63509
46.64613
46.65749
46.66838
46.67952
46.69086
46.70166
46.71281
46.72394
46.73507
46.74612
46.75718
46.76844
46.77945
46.79073
46.80193
46.81283
46.82395
46.83511
46.84613
46.85752
46.86829
46.87941
46.89068
46.90157
46.91285
46.92389
46.93501
46.94612
46.95716
46.96827
46.97934
46.99046
47.00156
47.01265
47.02383
47.03507
47.04616
47.05703
47.06824
47.07938
47.09049
47.10146
47.11257
47.1238
47.13487
47.14586
47.15714
47.16811
47.17916
47.19049
47.20149
47.21263
47.22372
47.2349
47.24594
47.25707
47.26807
47.27921
47.29034
47.30138
47.31252
47.32358
47.33469
47.34579
47.35696
47.36805
47.3791
47.3904
47.40137
47.41245
47.42373
47.43475
47.44572
47.45688
47.46804
47.47915
47.49026
47.50133
47.51245
47.52353
47.53475
47.5458
47.55678
47.56791
47.57903
47.59023
47.60122
47.61229
47.62352
47.63464
47.64569
47.65703
47.66792
47.67893
47.69015
47.70133
47.7123
47.72343
47.73449
47.74564
47.75686
47.76777
47.77887
47.79018
47.80159
47.81243
47.8234
47.8347
47.84559
47.85684
47.86789
47.87912
47.88998
47.90128
47.91224
47.92351
47.93459
47.94552
47.95687
47.96794
47.97875
47.98996
48.00163
48.01225
48.0233
48.03455
48.04548
48.0567
48.06781
48.07882
48.08991
48.10104
48.11222
48.12317
48.13433
48.14538
48.15666
48.16771
48.1787
48.19001
48.20117
48.21205
48.22324
48.23438
48.24542
48.25643
48.26755
48.27864
48.28992
48.30099
48.31196
48.32339
48.33425
48.34532
48.35654
48.36751
48.37866
48.38996
48.40086
48.41193
48.42327
48.43423
48.44525
48.45637
48.46755
48.47868
48.48975
48.50091
48.51199
48.52301
48.53427
48.54522
48.55639
48.56765
48.5785
48.58962
48.60077
48.61188
48.62337
48.63416
48.64522
48.65638
48.66756
48.67862
48.68982
48.70086
48.71193
48.72295
48.73412
48.74512
48.75616
48.76747
48.77842
48.78967
48.80077
48.81176
48.82303
48.83425
48.84513
48.85632
48.86727
48.87846
48.88941
48.90056
48.91173
48.9228
48.934
48.94509
48.95612
48.96727
48.97836
48.98956
49.00074
49.01161
49.02282
49.03391
49.04492
49.05605
49.06725
49.0783
49.08935
49.10083
49.11159
49.12267
49.13399
49.14494
49.15617
49.16729
49.1784
49.18946
49.20052
49.21151
49.22269
49.23372
49.24486
49.25608
49.26725
49.27813
49.2894
49.30039
49.31152
49.32272
49.33377
49.34489
49.35607
49.36715
49.37822
49.38938
49.40051
49.41153
49.42258
49.43388
49.44469
49.45588
49.46701
49.47808
49.48942
49.50037
49.51137
49.52259
49.53366
49.54469
49.55592
49.56704
49.57803
49.58913
49.60017
49.61132
49.62255
49.63375
49.64467
49.65586
49.66695
49.67794
49.68924
49.70033
49.71135
49.72246
49.73383
49.74461
49.75573
49.76703
49.77794
49.78919
49.80026
49.81123
49.82265
49.83363
49.84478
49.85572
49.86682
49.87799
49.889
49.90012
49.91119
49.92233
49.93352
49.94456
49.95577
49.96681
49.97784
49.98912
50.00009
50.01117
50.02232
50.03361
50.04451
50.05557
50.06686
50.07787
50.08886
50.10001
50.11111
50.12217
50.13341
50.14441
50.15548
50.16676
50.1777
50.18904
50.19998
50.21111
50.22229
50.23324
50.24453
50.25551
50.26664
50.27771
50.28875
50.29992
50.31096
50.32207
50.33324
50.34441
50.35556
50.36668
50.37756
50.3887
50.40001
50.4109
50.42216
50.43329
50.44424
50.4555
50.46664
50.47765
50.48911
50.5001
50.51093
50.52212
50.53319
50.5442
50.55534
50.56666
50.57757
50.58863
50.59984
50.61087
50.62202
50.63315
50.6441
50.65537
50.6666
50.72188
50.7331
50.74414
50.75534
50.76641
50.77737
50.7886
50.79977
50.81083
50.82208
50.83315
50.84408
50.85525
50.86638
50.87804
50.88859
50.89972
50.91083
50.92187
50.9329
50.94402
50.95523
50.96639
50.97734
50.98846
50.99974
51.01062
51.02174
51.03294
51.04395
51.05509
51.06621
51.07731
51.08848
51.09962
51.11054
51.1218
51.13301
51.14394
51.15505
51.16606
51.17718
51.18836
51.19944
51.21069
51.2218
51.23284
51.24387
51.25509
51.26614
51.27725
51.28839
51.29971
51.31052
51.32159
51.33279
51.34382
51.35494
51.36618
51.37713
51.38831
51.39931
51.41048
51.42168
51.43287
51.44378
51.45489
51.46608
51.47709
51.48852
51.5004
51.61036
51.62161
51.63267
51.64364
51.65518
51.66595
51.67699
51.68811
51.69926
51.71037
51.72159
51.73267
51.74381
51.75469
51.76579
51.77687
51.78821
51.79934
51.8107
51.82134
51.83253
51.84359
51.8547
51.86579
51.87684
51.88811
51.89922
51.91084
51.92142
51.93253
51.94356
51.95473
51.96569
51.97684
51.98809
51.99918
52.01048
52.02135
52.03235
52.04345
52.05468
52.0658
52.07684
52.08788
52.09901
52.11047
52.12123
52.13235
52.14342
52.15459
52.16568
52.17678
52.188
52.1991
52.21078
52.22132
52.23239
52.24343
52.2545
52.26558
52.27665
52.28817
52.29913
52.31018
52.32118
52.3322
52.34331
52.35472
52.36586
52.37656
52.38781
52.39878
52.41047
52.42118
52.43219
52.44323
52.45464
52.46557
52.47652
52.48839
52.49895
52.50988
52.52106
52.53212
52.5433
52.55443
52.56548
52.57655
52.58767
52.59869
52.60983
52.6211
52.6322
52.6432
52.65425
52.66543
52.67661
52.68764
52.69892
52.70977
52.72097
52.73204
52.74317
52.75422
52.76547
52.77655
52.78764
52.79867
52.8098
52.82091
52.83212
52.84308
52.85419
52.86557
52.87636
52.88751
52.89864
52.91003
52.92085
52.93205
52.943
52.95414
52.96525
52.97633
52.98752
52.99857
53.07632
53.08736
53.09865
53.10965
53.12075
53.13194
53.14301
53.15405
53.16508
53.17622
53.18739
53.19858
53.20954
53.22072
53.23177
53.2429
53.25417
53.26511
53.27612
53.2873
53.29847
53.30949
53.3208
53.33185
53.34282
53.35394
53.36503
53.37612
53.38738
53.39864
53.40958
53.4206
53.43168
53.44275
53.45391
53.46521
53.47631
53.48755
53.49921
53.50946
53.52073
53.53176
53.54272
53.55382
53.56496
53.57602
53.5871
53.59845
53.60946
53.6205
53.63175
53.64288
53.65395
53.66489
53.67601
53.68714
53.69837
53.70941
53.7204
53.73162
53.74294
53.75382
53.765
53.77592
53.78704
53.79843
53.80923
53.82062
53.83171
53.84262
53.85373
53.86487
53.8759
53.88695
53.89804
53.90921
53.9204
53.93152
53.94263
53.95379
53.96492
53.9758
53.98692
53.99814
54.00923
54.02029
54.03154
54.04259
54.0537
54.06461
54.07602
54.08686
54.09796
54.10907
54.12017
54.13143
54.1424
54.15355
54.1649
54.17569
54.18692
54.19815
54.20908
54.22038
54.23132
54.2424
54.25348
54.26462
54.27567
54.28686
54.29798
54.30904
54.32012
54.33141
54.34233
54.35349
54.36465
54.37558
54.38686
54.39783
54.40894
54.4201
54.43125
54.44226
54.4534
54.46448
54.47553
54.4867
54.49824
54.5089
54.52011
54.53115
54.54232
54.55335
54.56454
54.57552
54.58662
54.59779
54.60886
54.62001
54.63109
54.64232
54.65332
54.66441
54.6758
54.6866
54.69781
54.70881
54.71991
54.731
54.74226
54.75327
54.76434
54.77542
54.78659
54.7978
54.80889
54.8201
54.83132
54.8421
54.85338
54.86435
54.87539
54.88661
54.89764
54.90875
54.91979
54.931
54.94204
54.95315
54.96429
54.97535
54.98656
54.99752
55.00892
55.02004
55.03099
55.04201
55.05312
55.06424
55.07528
55.08637
55.09764
55.1087
55.11989
55.13094
55.14213
55.15314
55.16427
55.17534
55.18655
55.19745
55.20895
55.21976
55.23073
55.24191
55.25299
55.26417
55.27538
55.28638
55.29745
55.30844
55.32039
55.33079
55.34189
55.35302
55.36408
55.37528
55.38638
55.39745
55.40847
55.4198
55.43092
55.4418
55.453
55.46401
55.47519
55.48624
55.49741
55.5084
55.52018
55.53083
55.54173
55.55294
55.56393
55.57505
55.58622
55.59727
55.6084
55.61993
55.63079
55.64166
55.65283
55.66394
55.67498
55.68622
55.69717
55.70837
55.71991
55.73062
55.74168
55.75274
55.76405
55.77496
55.78614
55.79722
55.80824
55.81956
55.83049
55.84159
55.85279
55.86387
55.87526
55.88601
55.89717
55.9085
55.91947
55.93058
55.94169
55.95265
55.96375
55.97504
55.98611
55.99706
56.00817
56.01934
56.03054
56.0415
56.0526
56.06375
56.07501
56.08596
56.09706
56.10811
56.1192
56.13035
56.14155
56.15251
56.1637
56.17481
56.18589
56.19696
56.20813
56.21933
56.23033
56.24142
56.25331
56.26362
56.27467
56.28585
56.29697
56.30807
56.31918
56.33026
56.34142
56.35246
56.36349
56.37476
56.38575
56.39697
56.40823
56.41926
56.43016
56.44133
56.45239
56.46361
56.4747
56.48567
56.49686
56.50823
56.51923
56.53036
56.54128
56.55251
56.5635
56.57452
56.58563
56.59674
56.60793
56.61902
56.63029
56.64154
56.65228
56.66356
56.67445
56.68564
56.69685
56.70805
56.71901
56.73023
56.74115
56.75226
56.76353
56.7745
56.78553
56.79695
56.80773
56.81908
56.83009
56.84119
56.85247
56.86329
56.87473
56.88547
56.89667
57.00784
57.01878
57.03001
57.04103
57.05223
57.06319
57.07434
57.08553
57.0965
57.10765
57.1187
57.12983
57.14093
57.1521
57.16314
57.17434
57.18543
57.1965
57.20767
57.21866
57.22976
57.24105
57.25201
57.26309
57.27431
57.28528
57.29645
57.30774
57.31868
57.32983
57.3409
57.35206
57.36318
57.37425
57.38533
57.39654
57.40754
57.41852
57.42965
57.44084
57.45198
57.46308
57.47432
57.48516
57.49637
57.50753
57.5186
57.52964
57.54092
57.5518
57.56291
57.57404
57.58514
57.59643
57.60732
57.61857
57.62967
57.64072
57.65189
57.66285
57.67398
57.68515
57.6962
57.70731
57.71842
57.72971
57.74081
57.75195
57.76287
57.77399
57.78502
57.79623
57.80742
57.81829
57.8296
57.84063
57.85173
57.86286
57.87392
57.8852
57.89613
57.9073
57.91844
57.92951
57.94053
57.95162
57.96289
57.97385
57.98524
57.99604
58.00721
58.01851
58.02957
58.04064
58.05173
58.06278
58.07381
58.08489
58.09607
58.10726
58.11827
58.12938
58.14057
58.1516
58.1627
58.17387
58.18489
58.19606
58.2073
58.21815
58.22931
58.24052
58.25151
58.26258
58.27393
58.28509
58.29599
58.30708
58.31808
58.32934
58.34026
58.35144
58.36269
58.37376
58.3848
58.39586
58.40707
58.41845
58.42934
58.44043
58.45146
58.46257
58.47371
58.48473
58.49577
58.50694
58.518
58.52934
58.54021
58.55144
58.56247
58.57371
58.58522
58.5958
58.60688
58.61798
58.62914
58.64017
58.65134
58.66252
58.67349
58.68463
58.69564
58.70693
58.71825
58.72911
58.74022
58.75124
58.76238
58.77344
58.78453
58.79568
58.80678
58.81801
58.82909
58.84013
58.85123
58.86232
58.87335
58.88455
58.89572
58.90676
58.91782
58.929
58.94006
58.95113
58.96218
58.97345
58.98446
58.99558
59.00681
59.01783
59.02893
59.0406
59.05135
59.06229
59.07344
59.0844
59.0955
59.10673
59.11772
59.12888
59.14001
59.15113
59.16219
59.17336
59.18439
59.19538
59.20682
59.21772
59.22886
59.24007
59.251
59.26216
59.27348
59.28434
59.29557
59.30648
59.31768
59.32873
59.33999
59.35126
59.36213
59.37325
59.38424
59.39538
59.40659
59.41756
59.4287
59.43984
59.45092
59.46197
59.47311
59.48423
59.49541
59.50658
59.51759
59.5287
59.53991
59.55086
59.56202
59.57322
59.5842
59.59526
59.60665
59.61745
59.62862
59.63975
59.65077
59.66188
59.67324
59.68414
59.6952
59.70651
59.7174
59.72852
59.73969
59.75086
59.76186
59.77298
59.78422
59.79519
59.80641
59.81739
59.82858
59.84005
59.85078
59.86174
59.87292
59.8841
59.89515
59.90642
59.91731
59.9285
59.93973
59.95069
59.96186
59.9729
59.98417
59.99505
60.00623
60.01728
60.02835
60.03955
60.05073
60.06184
60.0728
60.08405
60.09512
60.10608
60.11718
60.12837
60.13964
60.15062
60.16161
60.17278
60.18393
60.19494
60.20609
60.21726
60.22824
60.23959
60.25059
60.26156
60.27269
60.28384
60.29502
60.3061
60.31712
60.3284
60.3396
60.35049
60.36158
60.37271
60.38376
60.39493
60.4061
60.41706
60.42815
60.43944
60.45047
60.46151
60.47283
60.48377
60.4948
60.50592
60.51705
60.52813
60.53942
60.55032
60.5615
60.57269
60.58363
60.59479
60.6061
60.61692
60.62824
60.63918
60.65028
60.66141
60.67274
60.68396
60.69471
60.70606
60.7169
60.72799
60.73944
60.75027
60.7614
60.7724
60.78366
60.79468
60.80585
60.81692
60.82803
60.83932
60.85048
60.86139
60.87239
60.8836
60.89462
60.90576
60.91685
60.92796
60.93925
60.95028
60.96131
60.97239
60.98358
60.99461
61.00575
61.01684
61.02791
61.03931
61.05016
61.06125
61.0725
61.0835
61.09455
61.10582
61.11673
61.12789
61.13903
61.15002
61.1612
61.17224
61.18344
61.19443
61.2057
61.21671
61.22787
61.23907
61.25006
61.26108
61.27222
61.28331
61.29447
61.30557
61.31682
61.32769
61.33931
61.35001
61.36106
61.37233
61.38334
61.39435
61.4055
61.41693
61.42768
61.43897
61.45003
61.46104
61.47227
61.48323
61.49429
61.50542
61.51663
61.52763
61.53905
61.54984
61.56105
61.57225
61.58317
61.59428
61.60551
61.61659
61.62772
61.63879
61.64985
61.661
61.67198
61.6832
61.69435
61.70535
61.71652
61.72812
61.73873
61.74995
61.76083
61.77207
61.78316
61.79427
61.80521
61.81635
61.82779
61.83873
61.84978
61.86102
61.87212
61.88299
61.8945
61.90546
61.91639
61.92739
61.93866
61.94962
61.96073
61.97187
61.98298
61.99399
62.00529
62.01635
62.02733
62.03848
62.04966
62.06084
62.07191
62.08292
62.09421
62.10526
62.11629
62.12743
62.13852
62.14973
62.16077
62.17211
62.18306
62.19394
62.20512
62.21621
62.22837
62.23852
62.24957
62.26058
62.27199
62.28279
62.29399
62.30528
62.3162
62.32724
62.33858
62.3496
62.36081
62.37171
62.38278
62.39384
62.40503
62.41605
62.42733
62.43846
62.44947
62.46046
62.47179
62.4828
62.49388
62.50504
62.516
62.52712
62.53823
62.5495
62.56056
62.57172
62.58282
62.59396
62.60494
62.61605
62.62736
62.63829
62.6493
62.6604
62.67163
62.68275
62.69386
62.70499
62.7159
62.72701
62.73823
62.74947
62.76041
62.77155
62.78284
62.79365
62.80476
62.81585
62.82694
62.83863
62.86028
62.87151
62.88253
62.89374
62.90472
62.91586
62.9269
62.93835
62.94923
62.96019
62.97144
62.98259
62.9935
63.00482
63.01588
63.02681
63.03804
63.04918
63.06017
63.07135
63.0825
63.09354
63.10464
63.11588
63.12693
63.13802
63.149
63.16016
63.17125
63.18262
63.19345
63.20462
63.21563
63.22684
63.23804
63.24936
63.26011
63.27135
63.28259
63.29343
63.30454
63.31585
63.32673
63.33786
63.34903
63.36012
63.37116
63.38221
63.39338
63.40467
63.41582
63.42675
63.43779
63.44909
63.45999
63.47119
63.48245
63.49325
63.50442
63.51557
63.52662
63.53783
63.54909
63.55997
63.57121
63.5827
63.59327
63.6045
63.61551
63.62658
63.63774
63.649
63.65982
63.67116
63.68221
63.69318
63.70527
63.71575
63.72672
63.73777
63.74889
63.75991
63.771
63.78214
63.79313
63.80436
63.81539
63.82654
63.83761
63.84882
63.85979
63.8711
63.88217
63.89317
63.90456
63.91548
63.92641
63.93761
63.94868
63.95973
63.97103
63.98212
63.993
64.00417
64.0154
64.02643
64.03751
64.04929
64.05972
64.07098
64.08189
64.09314
64.10413
64.1153
64.12631
64.13754
64.14864
64.15967
64.17078
64.18196
64.1929
64.20405
64.21516
64.22628
64.23748
64.2486
64.25964
64.27084
64.28189
64.29288
64.30405
64.31528
64.32629
64.33755
64.34871
64.35961
64.37076
64.38194
64.39284
64.40403
64.41515
64.4262
64.43729
64.44855
64.45953
64.47085
64.48183
64.4929
64.50402
64.51517
64.52608
64.53748
64.54853
64.55943
64.57059
64.58189
64.59282
64.60397
64.61508
64.62607
64.63718
64.64854
64.65949
64.67066
64.6818
64.69268
64.7039
64.71522
64.72601
64.90378
64.9152
64.92599
64.93713
64.94827
64.95935
64.97043
64.98169
64.99258
65.00371
65.0149
65.02593
65.03698
65.04824
65.05918
65.07039
65.08143
65.09267
65.10363
65.11504
65.12578
65.13695
65.14816
65.15933
65.17036
65.18163
65.1926
65.2036
65.21483
65.22586
65.23689
65.24807
65.25913
65.27048
65.28142
65.29242
65.30355
65.31478
65.32576
65.33688
65.34805
65.35912
65.37027
65.38139
65.3923
65.4037
65.41459
65.4257
65.43678
65.44814
65.459
65.47024
65.48141
65.49229
65.50349
65.51468
65.52559
65.53671
65.54784
65.55897
65.57016
65.58141
65.59255
65.60345
65.61458
65.62556
65.6368
65.71452
65.72568
65.73678
65.74791
65.75886
65.76999
65.78109
65.79217
65.80327
65.81437
65.82545
65.83662
65.84775
65.8588
65.86987
65.88117
65.89221
65.9033
65.91445
65.92543
65.93665
65.94779
65.95878
65.96994
65.98111
65.99208
66.00325
66.01439
66.02538
66.03646
66.04832
66.05879
66.06984
66.08153
66.09283
66.10321
66.11436
66.12574
66.13651
66.14816
66.15871
66.16988
66.18123
66.19204
66.20338
66.21417
66.22523
66.23647
66.24805
66.25874
66.26986
66.28084
66.29189
66.30305
66.31412
66.32523
66.33636
66.34783
66.35871
66.36971
66.38078
66.39187
66.40295
66.41429
66.42516
66.43627
66.44759
66.45859
66.46961
66.4808
66.49195
66.50292
66.51427
66.52514
66.53636
66.54756
66.55845
66.5697
66.58079
66.59171
66.60314
66.61407
66.62518
66.63618
66.6478
66.65839
66.66957
66.68079
66.69183
66.7029
66.71401
66.72504
66.73618
66.7475
66.75837
66.7695
66.78066
66.79179
66.80289
66.81401
66.8251
66.83613
66.84748
66.8583
66.86942
66.88054
66.89164
66.90281
66.91394
66.92495
66.93609
66.94735
66.95827
66.96941
66.9807
66.99157
67.00272
67.01382
67.02486
67.03597
67.04718
67.0585
67.0694
67.08047
67.09151
67.10271
67.11378
67.1249
67.13631
67.14716
67.1581
67.16933
67.18059
67.19151
67.20286
67.21378
67.22483
67.23593
67.24702
67.25826
67.26926
67.28039
67.29153
67.30262
67.31367
67.32479
67.33584
67.34705
67.35809
67.36929
67.38046
67.39139
67.40269
67.41388
67.42474
67.43581
67.44721
67.45805
67.46911
67.48038
67.49126
67.50263
67.51359
67.52466
67.53576
67.54696
67.55814
67.56926
67.58031
67.59131
67.60247
67.61356
67.62471
67.63578
67.64695
67.65801
67.66902
67.68022
67.69131
67.70235
67.71352
67.72451
67.73572
67.74682
67.758
67.76893
67.78007
67.79128
67.80232
67.8135
67.82456
67.83566
67.84673
67.85794
67.86898
67.88008
67.8911
67.90237
67.91344
67.92455
67.93559
67.94685
67.95789
67.96886
67.97998
67.99124
68.00227
68.01328
68.02441
68.03547
68.04675
68.05772
68.06898
68.08007
68.0911
68.10208
68.1132
68.12434
68.1355
68.14672
68.15781
68.16879
68.18001
68.19096
68.20207
68.21336
68.22454
68.23537
68.24654
68.25779
68.26889
68.27988
68.29093
68.30204
68.31315
68.32423
68.33528
68.3466
68.3576
68.36874
68.37991
68.39087
68.40205
68.41333
68.42427
68.43527
68.44636
68.45786
68.46864
68.47985
68.4909
68.50198
68.51315
68.52434
68.53532
68.54636
68.55747
68.56877
68.57975
68.59085
68.60184
68.61311
68.62408
68.63518
68.6463
68.6574
68.66872
68.67974
68.69086
68.70193
68.71328
68.72414
68.7353
68.74627
68.75735
68.76862
68.77959
68.79072
68.80183
68.8129
68.82403
68.83519
68.84682
68.85733
68.86857
68.87955
68.89059
68.90183
68.91287
68.92399
68.93504
68.94624
68.95728
68.96849
68.97951
68.99055
69.00176
69.01276
69.02424
69.035
69.04628
69.05724
69.06836
69.07952
69.09054
69.10162
69.11282
69.12384
69.13496
69.14607
69.15726
69.16833
69.17943
69.19051
69.20158
69.21263
69.22378
69.23534
69.24625
69.25748
69.26828
69.2794
69.2905
69.30157
69.313
69.32382
69.33503
69.34606
69.35728
69.36835
69.37942
69.39047
69.40173
69.41257
69.42368
69.43504
69.44608
69.45701
69.46835
69.47933
69.4904
69.50142
69.51272
69.52361
69.53484
69.54575
69.55692
69.5681
69.57918
69.59033
69.60139
69.61258
69.62369
69.63499
69.64582
69.65695
69.66814
69.67921
69.69128
69.70151
69.71247
69.72355
69.7347
69.74581
69.75691
69.76803
69.77924
69.79037
69.80135
69.81248
69.82349
69.83459
69.84573
69.85712
69.86809
69.87916
69.8902
69.90131
69.91242
69.92345
69.93467
69.94572
69.95683
69.96786
69.97909
69.99017
70.00115
70.01232
70.12332
70.1345
70.14553
70.15692
70.16778
70.17896
70.19
70.20123
70.21237
70.22328
70.23444
70.24566
70.25711
70.2678
70.27889
70.28991
70.30111
70.31316
70.3233
70.33454
70.34553
70.35719
70.36781
70.37891
70.38986
70.40124
70.41234
70.42319
70.43449
70.44537
70.4565
70.46758
70.47881
70.48983
70.50094
70.51205
70.52313
70.5344
70.54532
70.55689
70.56772
70.57867
70.58981
70.60101
70.61222
70.62312
70.63433
70.64539
70.65641
70.66754
70.67867
70.68974
70.70082
70.7124
70.72302
70.73427
70.74522
70.75642
70.76753
70.77886
70.78972
70.801
70.81183
70.82303
70.83414
70.84532
70.85626
70.86794
70.87856
70.88971
70.90092
70.91184
70.92291
70.93404
70.94515
70.95629
70.96743
70.97887
70.98957
71.00073
71.01189
71.02297
71.03398
71.04507
71.05622
71.06772
71.07841
71.08948
71.10067
71.11179
71.12283
71.13393
71.14524
71.15621
71.16732
71.17851
71.18947
71.20079
71.21178
71.22279
71.23391
71.24503
71.25644
71.26735
71.27838
71.28947
71.30058
71.31177
71.3228
71.33401
71.3451
71.35604
71.36716
71.37835
71.38934
71.40046
71.41159
71.42281
71.4338
71.44499
71.45599
71.4672
71.47821
71.48946
71.50069
71.51164
71.52264
71.53391
71.54496
71.55596
71.56718
71.57825
71.58926
71.6004
71.61156
71.62268
71.63368
71.64491
71.65602
71.66715
71.6782
71.68924
71.70045
71.71152
71.72256
71.73386
71.74488
71.75584
71.76708
71.77807
71.78923
71.80058
71.81139
71.82263
71.83381
71.84489
71.85577
71.867
71.87817
71.88914
71.90034
71.91136
71.92244
71.93378
71.94466
71.95586
71.96695
71.978
71.98909
72.00024
72.01128
72.02255
72.03356
72.04469
72.0557
72.06687
72.078
72.08906
72.10017
72.11136
72.1223
72.13346
72.14456
72.15565
72.16689
72.17836
72.18905
72.20013
72.21124
72.22227
72.23357
72.24479
72.25559
72.26701
72.27798
72.28892
72.30001
72.31129
72.3223
72.3334
72.3447
72.35553
72.36694
72.37775
72.38883
72.4
72.41116
72.42236
72.43341
72.44458
72.45571
72.4669
72.47785
72.48944
72.50012
72.51105
72.52221
72.53327
72.54443
72.55551
72.567
72.57785
72.58878
72.60017
72.61119
72.62215
72.63329
72.64493
72.65564
72.6666
72.67767
72.6888
72.70007
72.71111
72.72211
72.73328
72.74426
72.75535
72.76648
72.77755
72.7888
72.79999
72.81105
72.82197
72.83321
72.84431
72.85529
72.86648
72.87757
72.88884
72.90009
72.91092
72.92203
72.93314
72.94429
72.95546
72.96638
72.97767
72.98872
72.99962
73.01078
73.02199
73.03297
73.04425
73.05519
73.06636
73.07755
73.08871
73.09997
73.1108
73.12185
73.13313
73.14409
73.15514
73.16631
73.17751
73.18859
73.19965
73.21093
73.22179
73.23292
73.24415
73.25521
73.26641
73.27807
73.28854
73.29959
73.31072
73.32178
73.33298
73.34406
73.35515
73.36633
73.37731
73.38839
73.39954
73.41069
73.42174
73.433
73.44399
73.45537
73.46619
73.47735
73.48846
73.4995
73.5107
73.52184
73.53297
73.54397
73.55501
73.5663
73.57728
73.58846
73.59951
73.61055
73.62173
73.63284
73.64381
73.65489
73.66689
73.67714
73.68836
73.6995
73.71046
73.72173
73.73279
73.74377
73.75489
73.76665
73.77719
73.78834
73.79932
73.81039
73.82168
73.83257
73.84367
73.8548
73.86591
73.877
73.88807
73.89932
73.91041
73.92165
73.93255
73.94411
73.95476
73.96588
73.97705
73.98815
73.99934
74.0103
74.02151
74.0325
74.04359
74.0547
74.0661
74.07718
74.08813
74.09915
74.11025
74.12134
74.13262
74.14359
74.15479
74.16576
74.1769
74.188
74.19906
74.21027
74.22143
74.23243
74.24367
74.25462
74.26605
74.27692
74.2881
74.29917
74.31013
74.32127
74.33265
74.34356
74.35486
74.36568
74.37688
74.38789
74.39897
74.41022
74.42149
74.43234
74.44356
74.45469
74.46576
74.47694
74.48873
74.49898
74.51005
74.52113
74.53242
74.54345
74.5546
74.56586
74.57681
74.58781
74.5989
74.60993
74.62107
74.63219
74.64337
74.65449
74.66557
74.67674
74.68786
74.69895
74.70992
74.72115
74.7323
74.74323
74.75448
74.76555
74.7766
74.78822
74.79898
74.80993
74.82105
74.83215
74.84317
74.85431
74.86578
74.87649
74.88768
74.89914
74.90991
74.92119
74.93208
74.94316
74.95443
74.96549
74.97651
74.98779
74.99883
75.00986
75.02098
75.03223
75.04324
75.05447
75.06557
75.07645
75.08762
75.09867
75.1099
75.12101
75.13206
75.1431
75.15449
75.16536
75.17648
75.18748
75.19873
75.20991
75.22094
75.23193
75.24304
75.25432
75.26527
75.27641
75.28754
75.29865
75.30965
75.32083
75.33194
75.34306
75.35423
75.36541
75.3766
75.38744
75.39857
75.40958
75.42094
75.43183
75.4429
75.45403
75.46513
75.4762
75.4874
75.49857
75.50952
75.52064
75.53203
75.54284
75.55415
75.56509
75.57613
75.58725
75.59838
75.60963
75.62075
75.6317
75.64285
75.65395
75.66521
75.67625
75.68752
75.69849
75.70959
75.72058
75.73168
75.74278
75.75387
75.76501
75.77608
75.78722
75.79829
75.80943
75.82047
75.83167
75.84278
75.854
75.86498
75.87601
75.88729
75.89854
75.90932
75.92045
75.93179
75.9427
75.95395
75.96503
75.97595
75.98714
75.99836
76.00927
76.02069
76.03156
76.04268
76.05376
76.06518
76.07597
76.08707
76.09819
76.10925
76.1205
76.1315
76.14253
76.15393
76.16492
76.17619
76.18707
76.19827
76.20924
76.22057
76.2316
76.24248
76.25376
76.26483
76.27586
76.28694
76.29825
76.30923
76.32028
76.33138
76.34251
76.3536
76.36476
76.37587
76.38705
76.39801
76.4091
76.4202
76.43133
76.44242
76.45349
76.46465
76.47575
76.48682
76.49795
76.50901
76.52016
76.53123
76.54239
76.55347
76.56477
76.57608
76.58689
76.59784
76.60904
76.62022
76.63138
76.64229
76.65357
76.66454
76.67578
76.68689
76.69797
76.70896
76.72023
76.73118
76.74222
76.75354
76.76469
76.77571
76.78672
76.79786
76.80893
76.82005
76.83118
76.84226
76.85346
76.86455
76.87579
76.88663
76.89799
76.90883
76.92004
76.93127
76.94219
76.95358
76.96449
76.97569
76.98656
76.99764
77.00883
77.01998
77.03108
77.04215
77.05331
77.06462
77.0754
77.08659
77.09762
77.10876
77.11997
77.13107
77.14208
77.15327
77.16445
77.17541
77.18659
77.19781
77.20872
77.21982
77.23093
77.24215
77.25327
77.26427
77.27531
77.28648
77.29751
77.30874
77.31974
77.33096
77.34203
77.3531
77.36426
77.37529
77.38644
77.39758
77.40862
77.41975
77.43085
77.4419
77.45308
77.46422
77.47537
77.48634
77.49747
77.50854
77.51963
77.53074
77.54191
77.55307
77.56417
77.57527
77.58634
77.5975
77.60856
77.61971
77.63081
77.64182
77.6529
77.66402
77.67534
77.68629
77.69749
77.70851
77.71955
77.73072
77.7418
77.75347
77.76418
77.77507
77.78626
77.79731
77.8084
77.81947
77.8306
77.84171
77.85281
77.86402
77.87518
77.88628
77.89735
77.90841
77.9195
77.93059
77.94172
77.95287
77.96386
77.975
77.98626
77.99715
78.00835
78.01957
78.03054
78.04166
78.05273
78.06392
78.07499
78.0862
78.0973
78.10821
78.11935
78.13066
78.14153
78.15272
78.16377
78.17499
78.18595
78.19723
78.20822
78.21936
78.23057
78.24157
78.25275
78.26369
78.2748
78.28604
78.29704
78.30814
78.31928
78.33042
78.34148
78.3526
78.36385
78.37477
78.38596
78.39722
78.40806
78.41922
78.4304
78.4414
78.45269
78.46378
78.47491
78.48604
78.49706
78.50803
78.51925
78.53044
78.54139
78.55263
78.56365
78.57471
78.58595
78.59698
78.60803
78.61919
78.63026
78.64149
78.65253
78.6635
78.67464
78.68581
78.69695
78.70811
78.71915
78.73026
78.74129
78.75245
78.76352
78.77457
78.78571
78.79708
78.80787
78.81912
78.83018
78.84125
78.85242
78.86343
78.87453
78.88561
78.8968
78.90799
78.91905
78.93002
78.94127
78.95254
78.96355
78.97462
78.98567
78.99676
79.00783
79.01894
79.03009
79.04113
79.05229
79.06353
79.07442
79.08559
79.09669
79.10785
79.1189
79.1301
79.14127
79.15221
79.16353
79.17443
79.18559
79.19664
79.20776
79.21884
79.23
79.24112
79.25229
79.26353
79.27433
79.28548
79.29685
79.30772
79.31876
79.32992
79.3411
79.35211
79.3635
79.37435
79.38538
79.39684
79.4077
79.41903
79.42987
79.4409
79.45225
79.46326
79.47422
79.48541
79.49665
79.50758
79.51862
79.52979
79.54095
79.55207
79.56335
79.57432
79.5854
79.59664
79.6075
79.61868
79.62979
79.64094
79.65202
79.66317
79.67415
79.68529
79.6965
79.70758
79.7186
79.72982
79.74074
79.75193
79.76317
79.77408
79.78543
79.79633
79.80746
79.81853
79.82973
79.84088
79.85196
79.86311
79.87434
79.88535
79.89643
79.90744
79.91862
79.92953
79.94073
79.95179
79.96304
79.97405
79.98523
79.99628
80.00737
80.01859
80.0295
80.04086
80.05187
80.0629
80.07393
80.08511
80.09618
80.10726
80.11861
80.12958
80.14061
80.15173
80.16278
80.17395
80.18513
80.19624
80.2072
80.21838
80.2296
80.24056
80.25163
80.26277
80.27389
80.285
80.29603
80.30725
80.31857
80.32935
80.3405
80.35184
80.36267
80.37382
80.38512
80.39601
80.40719
80.41833
80.42933
80.4404
80.4516
80.46265
80.47382
80.48481
80.49606
80.50723
80.51813
80.52921
80.54053
80.55142
80.56263
80.57368
80.58482
80.59591
80.60712
80.61826
80.6292
80.64054
80.6516
80.66266
80.67367
80.68476
80.69604
80.70713
80.71806
80.72917
80.7405
80.75143
80.76252
80.77377
80.78476
80.79581
80.80695
80.81821
80.82918
80.84042
80.85142
80.8625
80.87361
80.8847
80.89575
80.9068
80.91799
80.92905
80.94038
80.9513
80.96236
80.97358
80.98473
80.99575
81.00696
81.018
81.0292
81.04025
81.05138
81.06235
81.07362
81.0846
81.0957
81.10687
81.11786
81.12923
81.14007
81.1512
81.16228
81.17355
81.18453
81.19559
81.20671
81.21786
81.22897
81.24014
81.25111
81.26222
81.27339
81.28458
81.29556
81.30672
81.31796
81.3289
81.34002
81.35109
81.36217
81.37334
81.38451
81.39556
81.40693
81.41771
81.42884
81.44014
81.45106
81.46208
81.47333
81.48437
81.49547
81.5066
81.51781
81.52879
81.53999
81.55118
81.56215
81.57353
81.58445
81.59552
81.60652
81.61768
81.62894
81.63999
81.65099
81.66209
81.67319
81.68425
81.69534
81.70652
81.71767
81.72865
81.73976
81.7511
81.76191
81.7731
81.78448
81.79537
81.80647
81.81809
81.82864
81.83976
81.85117
81.86194
81.87309
81.88469
81.89527
81.90643
81.91745
81.9286
81.93967
81.95094
81.96188
81.97305
81.9849
81.99524
82.00632
82.01743
82.02871
82.0397
82.05087
82.06192
82.07294
82.08436
82.09531
82.10628
82.11735
82.12852
82.1396
82.15106
82.16179
82.17297
82.18431
82.19512
82.20639
82.21737
82.22849
82.23951
82.25085
82.26184
82.27293
82.28441
82.29504
82.30617
82.31725
82.32835
82.33966
82.35063
82.36169
82.3731
82.38416
82.39504
82.40614
82.41746
82.42834
82.43951
82.45061
82.46176
82.47305
82.48425
82.49496
82.50606
82.51727
82.5284
82.53948
82.55043
82.56155
82.57279
82.58425
82.5949
82.606
82.61733
82.6282
82.63934
82.65068
82.66167
82.67278
82.68388
82.69488
82.70603
82.71719
82.72822
82.73933
82.75055
82.76161
82.77271
82.78374
82.79504
82.80591
82.81699
82.8281
82.83939
82.85048
82.86145
82.87253
82.8839
82.89481
82.9059
82.91724
82.92811
82.93928
82.95052
82.96133
82.97253
82.98373
82.99481
83.00607
83.01698
83.02799
83.03921
83.05041
83.06151
83.07243
83.08382
83.09466
83.10582
83.11701
83.12794
83.13909
83.15031
83.16127
83.17252
83.18353
83.19469
83.20572
83.21683
83.22816
83.23917
83.2504
83.26137
83.27236
83.28361
83.29506
83.30575
83.31686
83.32793
83.33905
83.35029
83.36118
83.37245
83.38351
83.39475
83.40572
83.41679
83.42786
83.43909
83.45015
83.4612
83.47245
83.48344
83.49451
83.50561
83.5168
83.52793
83.53886
83.55011
83.56114
83.57216
83.58349
83.59448
83.60554
83.61675
83.62772
83.63885
83.65015
83.66123
83.67222
83.6833
83.69447
83.70559
83.71654
83.72781
83.73888
83.75006
83.76101
83.77219
83.78331
83.79428
83.8054
83.81659
83.82775
83.83879
83.84991
83.86103
83.87205
83.88321
83.89429
83.90537
83.9165
83.9277
83.93887
83.94984
83.96086
83.97221
83.98327
83.99419
84.00546
84.01647
84.02752
84.03865
84.04988
84.06097
84.072
84.08356
84.09424
84.10539
84.11637
84.12753
84.13865
84.14968
84.1609
84.17195
84.18316
84.19415
84.20518
84.21647
84.22746
84.23868
84.24966
84.26086
84.2718
84.28323
84.29408
84.30524
84.31631
84.32736
84.33855
84.34976
84.36067
84.37173
84.38312
84.39415
84.40514
84.41634
84.42735
84.43853
84.44971
84.4607
84.47182
84.48293
84.49409
84.50528
84.51624
84.52736
84.53849
84.54963
84.56059
84.5719
84.5829
84.59403
84.60522
84.61622
84.62722
84.63837
84.64949
84.66061
84.67174
84.683
84.69399
84.70522
84.71617
84.72718
84.73832
84.74952
84.76048
84.77171
84.78284
84.79409
84.80489
84.81618
84.8271
84.83837
84.8494
84.86055
84.87156
84.88293
84.89378
84.90497
84.91613
84.92706
84.93834
84.94935
84.96058
84.97181
84.98263
84.99377
85.00484
85.01627
85.02721
85.03819
85.04942
85.0604
85.07145
85.08269
85.09367
85.10497
85.11591
85.12705
85.13815
85.14931
85.1603
85.17153
85.18256
85.19362
85.20481
85.21587
85.22705
85.23811
85.2492
85.26027
85.27132
85.28255
85.29372
85.30472
85.31602
85.3271
85.33814
85.34915
85.36043
85.37143
85.38241
85.39391
85.40462
85.41582
85.42696
85.43797
85.44917
85.46019
85.47132
85.48241
85.49419
85.50475
85.51579
85.52678
85.53795
85.5491
85.56015
85.57139
85.58282
85.59392
85.60455
85.61564
85.6267
85.63789
85.64901
85.66013
85.67118
85.68246
85.69382
85.70461
85.7156
85.72673
85.73789
85.74891
85.75997
85.77125
85.78231
85.79359
85.80449
85.81564
85.82655
85.83793
85.84898
85.85992
85.871
85.88226
85.89346
85.90453
85.91556
85.92677
85.93773
85.94901
85.95997
85.97096
85.98219
85.99322
86.00445
86.01561
86.0266
86.03768
86.0487
86.05995
86.07108
86.08202
86.09318
86.10438
86.11538
86.12653
86.13785
86.1487
86.1598
86.17091
86.18212
86.19328
86.20441
86.21538
86.22642
86.23753
86.24857
86.26014
86.27094
86.28197
86.29307
86.30434
86.31533
86.32639
86.33768
86.34863
86.35969
86.37083
86.3821
86.39302
86.40432
86.41544
86.42641
86.43747
86.44863
86.45958
86.47098
86.4819
86.49304
86.50416
86.51519
86.52628
86.53751
86.54852
86.5596
86.57095
86.58192
86.59293
86.60424
86.61516
86.62636
86.63734
86.6487
86.65952
86.67081
86.68179
86.6929
86.70423
86.71528
86.72633
86.73766
86.74849
86.75951
86.7707
86.78178
86.79294
86.80394
86.81506
86.8261
86.83746
86.84853
86.85955
86.87064
86.88207
86.89283
86.90407
86.91502
86.9261
86.93733
86.94834
86.9595
86.97055
86.98166
86.99275
87.00391
87.01495
87.026
87.03734
87.04826
87.05942
87.07057
87.08157
87.09263
87.10384
87.11499
87.12598
87.13741
87.14915
87.15929
87.17044
87.18163
87.19279
87.20374
87.21486
87.22598
87.23715
87.24826
87.25944
87.27037
87.2815
87.29275
87.30377
87.31497
87.32589
87.3372
87.34834
87.35921
87.37037
87.38151
87.39259
87.40386
87.41486
87.4258
87.437
87.4482
87.45908
87.47031
87.48136
87.49253
87.50379
87.51484
87.52579
87.53712
87.54811
87.5593
87.57027
87.58138
87.59254
87.60363
87.61471
87.62569
87.63718
87.64798
87.65911
87.67017
87.68132
87.6923
87.7036
87.71458
87.72572
87.73677
87.74794
87.75916
87.77013
87.78127
87.79237
87.80357
87.81465
87.82568
87.83684
87.84799
87.859
87.87025
87.88134
87.89232
87.90332
87.91447
87.92564
87.93675
87.94791
87.95888
87.97008
87.98125
87.99222
88.00349
88.01442
88.02554
88.03685
88.04795
88.05888
88.06999
88.0813
88.0923
88.10342
88.1144
88.12558
88.13667
88.14803
88.15887
88.16987
88.28425
88.29513
88.3063
88.31739
88.3285
88.33968
88.35077
88.36168
88.37278
88.40747
88.41514
88.42555
88.43665
88.44771
88.45876
88.46992
88.48097
88.49196
88.50362
88.51443
88.52534
88.53658
88.5476
88.55862
88.56976
88.58096
88.59199
88.60329
88.61415
88.62523
88.63632
88.64749
88.65861
88.66972
88.68086
88.69191
88.70325
88.71422
88.72517
88.73627
88.74751
88.75886
88.76975
88.78103
88.79196
88.80298
88.81422
88.82516
88.83638
88.84763
88.85853
88.86954
88.88079
88.89175
88.90298
88.91405
88.92511
88.93623
88.94742
88.95841
88.96962
88.98067
88.99171
89.00281
89.01398
89.02503
89.03629
89.04729
89.05843
89.06972
89.08064
89.09173
89.10285
89.11403
89.12502
89.13614
89.14716
89.15829
89.16965
89.18062
89.19167
89.20267
89.21398
89.22495
89.23598
89.24727
89.25826
89.26939
89.28062
89.2916
89.30274
89.31381
89.32491
89.33598
89.34708
89.35823
89.36942
89.38049
89.39162
89.4028
89.41379
89.4248
89.43598
89.447
89.6025
89.6136
89.62504
89.63615
89.64703
89.6581
89.6692
89.68039
89.69136
89.70246
89.71369
89.72467
89.73579
89.74709
89.758
89.76908
89.78024
89.79154
89.80251
89.81385
89.82476
89.83603
89.84695
89.85796
89.86902
89.88019
89.8916
89.90261
89.91357
89.92474
89.93569
89.94682
89.95802
89.96899
89.98017
89.99131
90.00254
90.01376
90.02467
90.03599
90.04681
90.05784
90.069
90.08025
90.09131
90.10226
90.11347
90.12467
90.13561
90.14706
90.15781
90.16896
90.18001
90.19121
90.20232
90.21356
90.22455
90.23549
90.24671
90.25795
90.26899
90.28008
90.29111
90.3023
90.31331
90.32439
90.33546
90.34676
90.35781
90.36879
90.38012
90.39108
90.40229
90.41341
90.42439
90.43545
90.44688
90.45782
90.46882
90.47994
90.49096
90.50213
90.51321
90.52436
90.53552
90.54655
90.5577
90.56879
90.58012
90.59089
90.60202
90.61332
90.62424
90.63544
90.6465
90.65756
90.66872
90.67977
90.69085
90.70198
90.71323
90.72447
90.73531
90.74648
90.75748
90.76867
90.77981
90.79082
90.80205
90.81344
90.82426
90.83531
90.8465
90.85748
90.86855
90.87982
90.89076
90.90189
90.91304
90.92426
90.93516
90.9465
90.95737
90.96865
90.97975
90.99067
91.00211
91.01304
91.02408
91.03524
91.04642
91.05746
91.06847
91.07977
91.09064
91.10179
91.11308
91.12399
91.1351
91.14631
91.15739
91.27958
91.29058
91.30167
91.31306
91.32388
91.33504
91.34624
91.35763
91.36835
91.37951
91.39063
91.40167
91.41293
91.42384
91.4351
91.446
91.45709
91.46824
91.47937
91.49048
91.50157
91.51292
91.52383
91.53487
91.54612
91.55708
91.5682
91.57943
91.59041
91.60152
91.61313
91.62374
91.63477
91.64603
91.65703
91.66813
91.67931
91.6904
91.70154
91.7128
91.72366
91.73483
91.746
91.75698
91.76826
91.77929
91.79041
91.80153
91.81296
91.82381
91.83544
91.84599
91.8571
91.86812
91.8793
91.89045
91.90157
91.91264
91.92367
91.93472
91.94602
91.95692
91.96824
91.97908
91.99036
92.00137
92.01259
92.02357
92.03469
92.04581
92.0569
92.06798
92.07913
92.09027
92.10148
92.11241
92.12376
92.13464
92.14576
92.15685
92.16804
92.17927
92.19023
92.2012
92.21249
92.22346
92.23453
92.2457
92.25671
92.26789
92.27904
92.29017
92.3012
92.31233
92.3235
92.33481
92.34573
92.35682
92.36777
92.37892
92.38995
92.40117
92.41227
92.42338
92.43443
92.44552
92.4567
92.46782
92.47894
92.48998
92.63443
92.6456
92.65671
92.66795
92.67876
92.69007
92.70103
92.71217
92.72325
92.73439
92.74549
92.75659
92.76759
92.77869
92.78994
92.80103
92.81198
92.82318
92.83425
92.84545
92.85653
92.86758
92.87876
92.88984
92.90093
92.91212
92.92322
92.93423
92.94541
92.9565
92.96754
92.97861
92.98976
93.00087
93.01201
93.02313
93.03416
93.04521
93.05639
93.06741
93.0786
93.08967
93.1012
93.11208
93.12299
93.13412
93.14528
93.15684
93.16737
93.17861
93.18961
93.20072
93.21186
93.22295
93.2341
93.24536
93.25651
93.26746
93.27861
93.28968
93.30072
93.31184
93.32296
93.334
93.34509
93.35624
93.36726
93.37837
93.38952
93.40062
93.4119
93.42296
93.43393
93.44502
93.45638
93.46728
93.47839
93.48959
93.50057
93.51163
93.52308
93.53394
93.54501
93.55629
93.56728
93.57832
93.58948
93.60051
93.61164
93.62271
93.63399
93.64501
93.65617
93.66714
93.67837
93.68944
93.70071
93.7117
93.72276
93.7338
93.74495
93.75597
93.7671
93.7782
93.78945
93.80055
93.81173
93.82264
93.83379
93.84495
93.85601
93.86716
93.8783
93.8894
93.90031
93.91174
93.92265
93.93369
93.94477
93.95597
93.96699
93.97828
94.11137
94.12265
94.13356
94.14481
94.15611
94.16692
94.17816
94.18938
94.20022
94.21146
94.22247
94.23363
94.24471
94.25583
94.26686
94.27802
94.28911
94.30021
94.31127
94.32248
94.3335
94.3447
94.35595
94.3668
94.37801
94.38913
94.40013
94.41128
94.42239
94.43353
94.44466
94.45574
94.46683
94.47791
94.48945
94.5002
94.51129
94.52244
94.53342
94.54453
94.55572
94.56673
94.57782
94.58911
94.60004
94.61139
94.62272
94.63346
94.6445
94.65572
94.66679
94.67783
94.68896
94.7
94.71124
94.72325
94.73371
94.74439
94.75558
94.76671
94.77769
94.78906
94.79993
94.81122
94.82259
94.83341
94.84449
94.85551
94.86658
94.87764
94.88882
94.90015
94.91107
94.92227
94.93347
94.94437
94.95564
94.96662
94.97784
94.98878
94.99982
95.01093
95.02212
95.03313
95.04436
95.05531
95.06643
95.0778
95.08874
95.09982
95.11098
95.12214
95.13318
95.14423
95.15536
95.16657
95.17759
95.1888
95.19977
95.21093
95.22211
95.23311
95.24413
95.2554
95.26645
95.27795
95.28873
95.29993
95.31082
95.32204
95.33304
95.34428
95.35538
95.3663
95.37755
95.38869
95.39977
95.41089
95.42198
95.43323
95.44412
95.45513
95.46722
95.47755
95.4886
95.49978
95.51087
95.52201
95.53317
95.54414
95.55524
95.5663
95.57739
95.58851
95.59954
95.61069
95.62176
95.63308
95.64399
95.65512
95.66624
95.67741
95.6884
95.69947
95.71061
95.7218
95.73284
95.744
95.75507
95.76616
95.77716
95.7885
95.79961
95.81067
95.82198
95.83273
95.84389
95.85501
95.86633
95.87729
95.88831
95.89984
95.91093
95.9218
95.93279
95.94395
95.95508
95.9661
95.97712
95.98831
95.99942
96.01047
96.02171
96.03267
96.04381
96.05495
96.06605
96.07716
96.08824
96.09937
96.11036
96.12149
96.13274
96.14372
96.15491
96.16595
96.17705
96.18824
96.19922
96.21054
96.22147
96.23268
96.24374
96.255
96.2659
96.27697
96.28809
96.29919
96.31036
96.32139
96.33263
96.34375
96.35477
96.36597
96.37701
96.38812
96.39915
96.41027
96.42154
96.43275
96.44361
96.4548
96.46577
96.47693
96.48882
96.49928
96.51022
96.52145
96.53251
96.54349
96.55466
96.56571
96.57683
96.58817
96.59916
96.61013
96.62132
96.63249
96.64357
96.65464
96.6657
96.67688
96.68793
96.69901
96.71011
96.72126
96.73236
96.74348
96.75463
96.76558
96.77704
96.78787
96.79913
96.81004
96.82127
96.83248
96.84336
96.85454
96.8656
96.87675
96.88791
96.89889
96.91003
96.92115
96.93232
96.94354
96.95461
96.9657
96.97665
96.98801
96.99888
97.00993
97.0212
97.03226
97.04323
97.05449
97.06557
97.07661
97.08778
97.0988
97.10995
97.12106
97.13214
97.14332
97.15445
97.16564
97.17654
97.1878
97.19894
97.20985
97.22121
97.23224
97.24348
97.25436
97.26544
97.27645
97.28764
97.29879
97.30973
97.32127
97.33213
97.34311
97.35438
97.36544
97.37643
97.38759
97.39861
97.40972
97.42096
97.4321
97.44307
97.45461
97.46546
97.47643
97.4875
97.49882
97.50972
97.52095
97.53209
97.54308
97.55428
97.56524
97.57635
97.58764
97.5987
97.60988
97.62087
97.6319
97.643
97.65423
97.66521
97.67623
97.68739
97.69853
97.7097
97.72066
97.7318
97.74298
97.75404
97.7654
97.77619
97.78735
97.79848
97.8096
97.82087
97.83178
97.84286
97.8542
97.8652
97.87625
97.88732
97.89844
97.90952
97.92078
97.93176
97.9428
97.95396
97.96543
97.97615
97.98732
97.99837
98.00963
98.02073
98.03178
98.0428
98.05387
98.06515
98.07617
98.08725
98.09838
98.10941
98.1205
98.13196
98.14271
98.15398
98.16525
98.17619
98.18717
98.19829
98.20945
98.2205
98.23187
98.24274
98.25378
98.26501
98.27608
98.2873
98.29821
98.30958
98.32048
98.33178
98.34259
98.35391
98.36496
98.37589
98.38728
98.39838
98.40929
98.42043
98.4318
98.44257
98.45381
98.46498
98.47608
98.48782
98.49817
98.50926
98.52044
98.53171
98.54263
98.55366
98.56521
98.57592
98.58713
98.5982
98.60917
98.62037
98.63164
98.64256
98.65363
98.66473
98.67575
98.68726
98.69821
98.70905
98.72035
98.73134
98.74245
98.75363
98.76482
98.77572
98.78687
98.79805
98.809
98.82024
98.83163
98.84253
98.85373
98.86466
98.87566
98.88676
98.89802
98.9092
98.92024
98.93125
98.9423
98.95351
98.96483
98.97586
98.98684
98.99795
99.009
99.02013
99.03116
99.04221
99.05339
99.06448
99.07561
99.08696
99.09788
99.10887
99.11996
99.13121
99.14224
99.15337
99.16479
99.17563
99.18703
99.19778
99.20882
99.22002
99.23116
99.24223
99.2533
99.26453
99.27552
99.28663
99.29773
99.30885
99.32017
99.33114
99.3421
99.35339
99.36437
99.37537
99.38654
99.39777
99.40885
99.41994
99.43108
99.44209
99.4532
99.46448
99.47543
99.48653
99.49796
99.50871
99.51999
99.53113
99.54202
99.55321
99.56439
99.57536
99.58665
99.59775
99.6086
99.61987
99.63103
99.64195
99.65311
99.6642
99.67531
99.68649
99.69785
99.7086
99.71984
99.7309
99.74194
99.75298
99.76421
99.77531
99.78649
99.79782
99.80857
99.81986
99.83077
99.84187
99.85306
99.86407
99.87512
99.88634
99.89733
99.90879
99.91969
99.9308
99.94188
99.95293
99.96423
99.97511
99.98627
99.99745
100.0086
100.0197
100.0307
100.0418
100.0529
100.0641
100.0751
100.0863
100.0977
100.1085
100.1195
100.1309
100.1418
100.1528
100.164
100.175
100.1862
100.1974
100.2084
100.2196
100.2306
100.2417
100.2531
100.264
100.275
100.2862
100.2974
100.3083
100.3196
100.3308
100.3416
100.3529
100.364
100.3749
100.3861
100.3972
100.4083
100.4195
100.4306
100.4416
100.4528
100.4638
100.4749
100.486
100.4972
100.5082
100.5194
100.5307
100.5416
100.5527
100.564
100.5749
100.5862
100.5972
100.6081
100.6192
100.6305
100.6414
100.6526
100.6636
100.6753
100.686
100.697
100.7081
100.7193
100.7305
100.7414
100.7526
100.7637
100.7747
100.786
100.7971
100.8081
100.8194
100.8304
100.8413
100.8528
100.8637
100.8748
100.8859
100.897
100.908
100.9193
100.9304
100.9413
100.9525
100.9637
100.9747
100.9858
100.9969
101.008
101.0191
101.0304
101.0413
101.0523
101.0634
101.0747
101.0858
101.0969
101.1079
101.119
101.1303
101.1416
101.1523
101.1635
101.1745
101.1858
101.1968
101.2078
101.219
101.2303
101.2415
101.2523
101.2637
101.2745
101.2857
101.2967
101.3078
101.3189
101.3302
101.3412
101.3524
101.3634
101.3744
101.3856
101.3969
101.4078
101.419
101.4302
101.5743
101.5855
101.5966
101.6076
101.6187
101.63
101.6413
101.6522
101.6632
101.6743
101.6855
101.6966
101.7075
101.7188
101.7299
101.7409
101.7522
101.7633
101.7742
101.7854
101.7965
101.8076
101.819
101.8298
101.8409
101.852
101.8631
101.8742
101.8853
101.8966
101.9076
101.9186
101.9298
101.9408
101.9519
101.9632
101.9741
101.9853
101.9964
102.0075
102.0187
102.0302
102.0408
102.0521
102.0631
102.0742
102.0852
102.0965
102.1074
102.1186
102.1296
102.1407
102.1518
102.1629
102.174
102.1853
102.1963
102.2073
102.2187
102.2296
102.2406
102.2519
102.2629
102.2742
102.2851
102.2965
102.3073
102.3184
102.3296
102.3406
102.3518
102.3628
102.3739
102.385
102.3963
102.4072
102.4185
102.4297
102.4405
102.4517
102.4631
102.4739
102.4851
102.4961
102.5072
102.5184
102.5295
102.5405
102.5518
102.5629
102.5738
102.585
102.5962
102.6072
102.6183
102.6295
102.6405
102.6516
102.6627
102.6738
102.685
102.6961
102.7071
102.7183
102.7295
102.7406
102.7515
102.7628
102.7737
102.7849
102.7961
102.8072
102.8182
102.8294
102.8403
102.8516
102.8626
102.8737
102.8848
102.8961
102.9071
102.9181
102.9293
102.9403
102.9514
102.9627
102.9736
102.9847
102.996
103.0069
103.0181
103.0295
103.0404
103.0516
103.0626
103.0737
103.0848
103.096
103.1068
103.1182
103.1292
103.1403
103.1514
103.1626
103.1735
103.1848
103.1958
103.2069
103.2182
103.2292
103.2402
103.2513
103.2624
103.2735
103.2847
103.2957
103.3068
103.318
103.3291
103.3401
103.3513
103.3625
103.3735
103.3846
103.3957
103.4068
103.4179
103.4291
103.4402
103.4513
103.4624
103.4734
103.4845
103.4956
103.5067
103.5179
103.529
103.5401
103.5512
103.5623
103.5733
103.5846
103.5958
103.6066
103.6178
103.629
103.64
103.6511
103.6622
103.6734
103.6844
103.6956
103.7066
103.7177
103.729
103.7399
103.751
103.7622
103.7732
103.7844
103.7962
103.8065
103.8176
103.829
103.8401
103.8511
103.8622
103.8732
103.8844
103.8955
103.9065
103.9176
103.9289
103.9398
103.951
103.962
103.9731
103.9844
103.9954
104.0064
104.0176
104.0287
104.0398
104.0509
104.062
104.0732
104.0843
104.0955
104.1064
104.1175
104.1288
104.1398
104.1509
104.1622
104.1731
104.1844
104.1953
104.2063
104.2175
104.2287
104.2396
104.251
104.262
104.2731
104.2842
104.2955
104.3064
104.3175
104.3286
104.3397
104.3508
104.3619
104.3729
104.3841
104.3952
104.4063
104.4174
104.4285
104.4396
104.4511
104.4622
104.4729
104.4841
104.4951
104.5062
104.5173
104.5285
104.5395
104.5508
104.5618
104.5729
104.5842
104.5951
104.6063
104.6173
104.6285
104.6395
104.6506
104.6618
104.6729
104.684
104.6951
104.7061
104.7173
104.7285
104.7395
104.7506
104.7618
104.7727
104.784
104.7951
104.8063
104.8171
104.8283
104.8394
104.8505
104.8617
104.8727
104.884
104.8949
104.9062
104.9176
104.9284
104.9393
104.9505
104.9617
104.9726
104.9837
104.9949
105.006
105.0171
105.0283
105.0393
105.0505
105.0616
105.0727
105.0837
105.0953
105.106
105.1173
105.1282
105.1392
105.1503
105.1617
105.1726
105.1837
105.1947
105.2058
105.217
105.2282
105.2392
105.2506
105.2614
105.2725
105.2838
105.2949
105.3059
105.317
105.3282
105.3396
105.3505
105.3616
105.3725
105.3837
105.3947
105.4059
105.417
105.4281
105.4391
105.4505
105.4615
105.4724
105.4836
105.4946
105.5057
105.5168
105.528
105.5392
105.5501
105.5613
105.5723
105.5835
105.5946
105.6057
105.6169
105.6279
105.639
105.6505
105.6612
105.6724
105.6835
105.6948
105.7057
105.7168
105.7279
105.739
105.75
105.7611
105.7734
105.7833
105.7946
105.8059
105.8171
105.8279
105.8389
105.8502
105.8611
105.8722
105.8835
105.8946
105.9056
105.917
105.9278
105.9388
105.95
105.9613
105.9722
105.9833
105.9944
106.0056
106.0167
106.0277
106.0388
106.0499
106.061
106.0721
106.0833
106.0945
106.1055
106.1169
106.1277
106.1388
106.1499
106.161
106.1721
106.1835
106.1942
106.2054
106.2165
106.2276
106.2387
106.2499
106.261
106.272
106.2833
106.2943
106.3053
106.317
106.3277
106.3387
106.3498
106.3611
106.372
106.3834
106.3942
106.4053
106.4164
106.4276
106.4388
106.4499
106.461
106.4721
106.483
106.4941
106.5052
106.5164
106.5276
106.5385
106.5498
106.5608
106.5719
106.5831
106.5943
106.6052
106.6163
106.6275
106.6389
106.6496
106.6609
106.672
106.683
106.694
106.7053
106.7163
106.7274
106.7389
106.7495
106.7607
106.7718
106.7832
106.794
106.8052
106.8163
106.8275
106.8383
106.8496
106.8608
106.8718
106.8828
106.8939
106.905
106.9162
106.9273
106.9384
106.9495
106.9607
106.9717
106.9829
106.994
107.0049
107.0162
107.0273
107.0384
107.0494
107.0606
107.0716
107.0827
107.0941
107.1049
107.1163
107.1272
107.1384
107.1495
107.1605
107.1716
107.1827
107.194
107.2049
107.216
107.2273
107.2382
107.2496
107.2606
107.2716
107.2826
107.2938
107.3049
107.316
107.327
107.3382
107.3493
107.3605
107.3715
107.3826
107.3937
107.4049
107.4159
107.427
107.4383
107.4496
107.4604
107.4715
107.4826
107.4937
107.5047
107.5159
107.527
107.538
107.5491
107.5603
107.5714
107.5825
107.5937
107.6047
107.6158
107.627
107.6379
107.6493
107.6602
107.6715
107.6825
107.6936
107.7046
107.7158
107.7269
107.7379
107.7491
107.7604
107.7713
107.7825
107.7937
107.8046
107.8158
107.827
107.838
107.8491
107.8603
107.8714
107.8823
107.8935
107.9046
107.9158
107.9268
107.9379
107.9489
107.9604
107.9712
107.9824
107.9934
108.0046
108.0157
108.0267
108.0377
108.049
108.0602
108.0713
108.0822
108.0936
108.1044
108.1155
108.1267
108.1377
108.1491
108.1603
108.1712
108.1823
108.1932
108.2044
108.2154
108.2267
108.2378
108.2491
108.2604
108.271
108.2822
108.2933
108.3043
108.3155
108.3265
108.3377
108.349
108.3601
108.371
108.3822
108.3933
108.4043
108.4155
108.4264
108.4376
108.4488
108.4602
108.471
108.482
108.4932
108.5043
108.5154
108.5264
108.5376
108.5487
108.5599
108.5711
108.5821
108.593
108.6043
108.6153
108.6265
108.6377
108.6488
108.6598
108.6709
108.682
108.693
108.7041
108.7153
108.7264
108.7376
108.7487
108.7596
108.7708
108.782
108.7931
108.8042
108.8153
108.8265
108.8374
108.8486
108.8596
108.8711
108.8819
108.893
108.9041
108.9153
108.9262
108.9373
108.9485
108.9597
108.9707
108.9819
108.9929
109.0819
109.0929
109.1042
109.1152
109.1261
109.1372
109.1484
109.1594
109.1709
109.1817
109.1928
109.2039
109.2152
109.2261
109.2373
109.2492
109.2594
109.2707
109.2816
109.2927
109.3039
109.3151
109.326
109.3371
109.3484
109.3594
109.3705
109.3816
109.3927
109.4039
109.4149
109.426
109.4372
109.4482
109.4593
109.4706
109.4816
109.4927
109.5038
109.515
109.5261
109.537
109.5483
109.5593
109.5705
109.5816
109.5926
109.6037
109.6149
109.626
109.6369
109.6482
109.6592
109.6705
109.6815
109.6927
109.7037
109.7148
109.7258
109.7371
109.7484
109.7592
109.7703
109.7814
109.7926
109.8036
109.8147
109.8259
109.8369
109.8483
109.8591
109.8705
109.8813
109.8925
109.9036
109.9147
109.9262
109.9369
109.9481
109.9591
109.9704
109.9814
109.9923
110.0038
110.0147
110.0257
110.0368
110.048
110.0591
110.0702
110.0813
110.0924
110.1034
110.1146
110.1256
110.1367
110.148
110.1589
110.1702
110.1813
110.1924
110.2035
110.2145
110.2257
110.2369
110.2478
110.2589
110.2701
110.2812
110.2922
110.3034
110.3146
110.3255
110.3372
110.348
110.3589
110.3699
110.3811
110.3923
110.4033
110.4145
110.4256
110.4366
110.4477
110.459
110.47
110.4811
110.4922
110.5033
110.5146
110.5255
110.5373
110.5476
110.559
110.5701
110.5811
110.5921
110.6032
110.6142
110.6254
110.6365
110.6476
110.6586
110.6702
110.6811
110.692
110.7031
110.7144
110.7253
110.7365
110.7477
110.7589
110.7699
110.781
110.7921
110.8033
110.8143
110.8254
110.8365
110.8478
110.8589
110.8698
110.881
110.8918
110.903
110.9142
110.9253
110.9366
110.9476
110.9585
110.9697
110.9809
110.9919
111.0031
111.0142
111.0253
111.0363
111.0474
111.0585
111.0696
111.0809
111.0919
111.103
111.1142
111.1251
111.1364
111.1473
111.1584
111.1697
111.1808
111.1918
111.203
111.2143
111.2252
111.2365
111.2475
111.2584
111.2695
111.2807
111.2918
111.3029
111.314
111.325
111.3361
111.3474
111.3583
111.3695
111.3807
111.3917
111.4028
111.4139
111.425
111.4362
111.4472
111.4583
111.4694
111.4806
111.4916
111.5029
111.5141
111.525
111.5362
111.5472
111.5583
111.5694
111.5807
111.5916
111.6028
111.6138
111.6249
111.6362
111.6472
111.6582
111.6693
111.6805
111.6915
111.7029
111.7139
111.7251
111.7361
111.7472
111.7582
111.7693
111.7805
111.7916
111.8028
111.8138
111.8248
111.836
111.8472
111.8581
111.8693
111.8805
111.8914
111.9026
111.9139
111.9248
111.9359
111.9471
111.9581
111.9692
111.9803
111.9913
112.0027
112.0139
112.0247
112.0361
112.047
112.058
112.0696
112.0802
112.0913
112.1028
112.1136
112.1247
112.1358
112.1468
112.158
112.1691
112.1804
112.1912
112.2024
112.2136
112.2249
112.2363
112.2473
112.258
112.2693
112.2802
112.2912
112.3023
112.3135
112.3246
112.3356
112.3467
112.3579
112.3692
112.3803
112.3912
112.4024
112.4134
112.4245
112.4357
112.447
112.4579
112.4691
112.4802
112.4911
112.5022
112.5135
112.5244
112.5357
112.5467
112.5577
112.5694
112.5801
112.5911
112.6021
112.6133
112.6244
112.6355
112.6467
112.6577
112.6689
112.6804
112.6911
112.7023
112.7133
112.7244
112.7356
112.7467
112.7577
112.7689
112.78
112.791
112.8022
112.8132
112.8244
112.8354
112.8466
112.8576
112.8687
112.8799
112.891
112.9021
112.9131
112.9243
112.9355
112.9467
112.9577
112.9688
112.98
112.9909
113.0021
113.0132
113.0242
113.0352
113.0465
113.0576
113.0686
113.08
113.0908
113.1019
113.1135
113.1241
113.1353
113.1463
113.1575
113.1686
113.1797
113.1908
113.2021
113.2131
113.2243
113.2352
113.2463
113.2575
113.2686
113.2798
113.2908
113.3018
113.3131
113.3241
113.3352
113.3465
113.3573
113.3685
113.3798
113.3907
113.402
113.413
113.424
113.4352
113.4465
113.4573
113.4685
113.4798
113.4907
113.5019
113.5131
113.524
113.5352
113.5463
113.5573
113.5684
113.5796
113.5907
113.6017
113.6129
113.6241
113.6352
113.6461
113.6572
113.6685
113.6795
113.6906
113.7017
113.7128
113.7239
113.735
113.7462
113.7571
113.7686
113.7794
113.7905
113.8016
113.8126
113.8238
113.8349
113.8461
113.8571
113.8682
113.8793
113.8904
113.9016
113.9127
113.9238
113.935
113.946
113.9571
113.9683
113.9794
113.9904
114.0016
114.0128
114.0239
114.0349
114.0461
114.057
114.0682
114.0793
114.0905
114.1015
114.1125
114.1239
114.1347
114.146
114.157
114.168
114.1793
114.1903
114.2014
114.2126
114.2236
114.2348
114.2461
114.2569
114.2681
114.2792
114.2904
114.3014
114.3127
114.3236
114.3347
114.3459
114.3569
114.3679
114.379
114.3903
114.4014
114.4124
114.4235
114.4346
114.4458
114.4568
114.4679
114.4791
114.4901
114.5012
114.5126
114.5234
114.5346
114.5456
114.5569
114.5681
114.5791
114.5901
114.6013
114.6123
114.6234
114.6345
114.6456
114.6567
114.6679
114.679
114.6903
114.7012
114.7123
114.7233
114.7349
114.7455
114.7566
114.7678
114.7789
114.79
114.8011
114.8123
114.8233
114.8344
114.8455
114.8566
114.8679
114.8789
114.8899
114.9012
114.9122
114.9233
114.9346
114.9455
114.9565
114.9677
114.9788
114.9899
115.0009
115.0121
115.0233
115.0343
115.0455
115.0568
115.212
115.223
115.2343
115.2454
115.2564
115.2676
115.2793
115.2899
115.3009
115.3122
115.3231
115.3344
115.3452
115.3564
115.3675
115.3793
115.3897
115.4012
115.4119
115.423
115.4341
115.4452
115.4563
115.4674
115.4788
115.4901
115.5008
115.5119
115.5229
115.5341
115.5452
115.5564
115.5675
115.5789
115.5896
115.6008
115.6118
115.6229
115.6342
115.6452
115.6562
115.6673
115.6786
115.6895
115.7006
115.7117
115.7229
115.7339
115.745
115.7562
115.7673
115.7789
115.7895
115.8009
115.8119
115.8229
115.834
115.845
115.8562
115.8672
115.8783
115.8896
115.9006
115.9117
115.9229
115.9339
115.9451
115.9562
115.9672
115.9784
115.9893
116.0006
116.0117
116.0227
116.0338
116.0449
116.056
116.0674
116.0782
116.0893
116.1004
116.1116
116.123
116.1338
116.1449
116.1561
116.1671
116.1783
116.1893
116.2004
116.2115
116.2226
116.2338
116.2451
116.2559
116.2672
116.2781
116.2892
116.3005
116.3115
116.3226
116.3338
116.3449
116.3559
116.367
116.3781
116.3893
116.4004
116.4115
116.4227
116.4337
116.4448
116.4561
116.467
116.478
116.4896
116.5003
116.5114
116.5224
116.5337
116.5447
116.5558
116.5669
116.5781
116.5891
116.6002
116.6113
116.6224
116.6336
116.6447
116.6557
116.6669
116.678
116.6894
116.7001
116.7113
116.7224
116.7337
116.7446
116.7558
116.7669
116.7779
116.7892
116.8001
116.8112
116.8223
116.8337
116.8446
116.8556
116.8668
116.8778
116.8891
116.9002
116.9112
116.9225
116.9335
116.9445
116.9556
116.9668
116.9778
116.9895
117
117.0111
117.0222
117.0333
117.0445
117.0555
117.0668
117.0777
117.0889
117.1001
117.1111
117.1222
117.1334
117.1444
117.1556
117.1666
117.1777
117.1888
117.2001
117.2112
117.2223
117.2334
117.2443
117.2555
117.2666
117.2776
117.2888
117.2998
117.311
117.322
117.3333
117.3444
117.3555
117.3667
117.3776
117.3888
117.3999
117.4109
117.422
117.5442
117.5553
117.5665
117.5775
117.5887
117.5998
117.6108
117.622
117.633
117.6441
117.6552
117.6666
117.6775
117.6886
117.6997
117.7107
117.722
117.733
117.7442
117.7555
117.7663
117.7774
117.7887
117.7998
117.8107
117.8219
117.8329
117.8441
117.8554
117.8664
117.8775
117.8886
117.8997
117.9107
117.9217
117.9329
117.9442
117.9552
117.9663
117.9774
117.9885
117.9997
118.0106
118.0218
118.0328
118.0439
118.055
118.0664
118.0772
118.0884
118.0995
118.1106
118.1217
118.1328
118.1438
118.1551
118.1662
118.1772
118.1885
118.1994
118.2106
118.2216
118.2328
118.2439
118.2549
118.2661
118.2772
118.2884
118.2994
118.3105
118.3217
118.3328
118.3439
118.3549
118.366
118.3772
118.3882
118.3994
118.4105
118.4215
118.4327
118.4438
118.4548
118.466
118.4771
118.4889
118.4993
118.5103
118.5215
118.5325
118.5436
118.555
118.5661
118.5771
118.5881
118.5994
118.6106
118.6214
118.6326
118.6436
118.6549
118.6658
118.6772
118.688
118.6994
118.7104
118.7214
118.7325
118.7436
118.7548
118.7658
118.7768
118.7879
118.7992
118.8103
118.8214
118.8324
118.8436
118.8547
118.8658
118.8768
118.8881
118.8991
118.9104
118.9212
118.9324
118.9435
118.9547
118.9656
118.9769
118.9879
118.999
119.0102
119.0213
119.0324
119.0434
119.0545
119.0657
119.0768
119.0878
119.0992
119.1101
119.1213
119.1324
119.1434
119.1545
119.1656
119.1767
119.1881
119.1989
119.2101
119.2212
119.2322
119.2433
119.2545
119.2657
119.2768
119.2879
119.299
119.31
119.3211
119.3324
119.3433
119.3544
119.3656
119.3769
119.3881
119.3989
119.41
119.4211
119.4321
119.4432
119.4543
119.4654
119.4766
119.4888
119.4989
119.51
119.521
119.5324
119.5434
119.5542
119.5655
119.5765
119.588
119.5988
119.6099
119.6208
119.632
119.6431
119.6543
119.6655
119.6767
119.6879
119.6987
119.71
119.7209
119.732
119.7432
119.7542
119.7653
119.7764
119.7878
119.7993
119.8097
119.8208
119.8319
119.8431
119.8541
119.8652
119.8764
119.8875
119.8986
119.9097
119.9208
119.9321
119.9432
119.9544
119.9651
119.9763
119.9874
119.9988
120.0096
120.0209
120.0318
120.0429
120.0541
120.0653
120.0766
120.0874
120.0986
120.1097
120.1207
120.1318
120.1429
120.1541
120.1652
120.1763
120.1872
120.1986
120.2095
120.2206
120.2317
120.2428
120.254
120.265
120.2762
120.2873
120.2984
120.3095
120.3206
120.3316
120.3428
120.3539
120.3653
120.3762
120.3873
120.3986
120.4096
120.4205
120.4317
120.4427
120.4542
120.4652
120.476
120.4872
120.4985
120.5094
120.5206
120.5316
120.5427
120.5539
120.565
120.5761
120.5872
120.5984
120.6095
120.6205
120.6316
120.6426
120.6538
120.6648
120.6761
120.687
120.6982
120.7092
120.7204
120.7315
120.7427
120.7538
120.7648
120.7759
120.7871
120.798
120.8092
120.8208
120.8315
120.8427
120.8539
120.8648
120.8759
120.8869
120.8982
120.9092
120.9203
120.9315
120.9425
120.9537
120.9648
120.9758
120.9871
120.9982
121.0093
121.0204
121.0313
121.0428
121.0535
121.0646
121.0757
121.0871
121.098
121.1091
121.1203
121.1314
121.1424
121.1535
121.1646
121.1759
121.1872
121.1982
121.209
121.2204
121.2313
121.2424
121.2536
121.2647
121.2756
121.2868
121.2979
121.3089
121.3201
121.3312
121.3423
121.3535
121.3645
121.3756
121.3868
121.3979
121.4089
121.4201
121.4313
121.4423
121.4534
121.4647
121.4755
121.4868
121.4978
121.5089
121.52
121.5311
121.5422
121.5535
121.5645
121.5755
121.5866
121.5977
121.6089
121.6202
121.6311
121.6421
121.6532
121.6645
121.6754
121.6866
121.698
121.7089
121.72
121.7309
121.7422
121.7532
121.7644
121.7754
121.7865
121.7976
121.8087
121.8198
121.8309
121.8421
121.8531
121.8643
121.8754
121.8864
121.8976
121.9089
121.9198
121.9309
121.942
121.9533
121.9643
121.9753
121.9864
121.9976
122.0087
122.02
122.0308
122.042
122.0531
122.0642
122.0753
122.0865
122.0975
122.1086
122.1197
122.1308
122.1421
122.1531
122.1641
122.1755
122.1863
122.1975
122.2086
122.2196
122.2307
122.2418
122.2531
122.2641
122.2751
122.2864
122.2973
122.3086
122.3196
122.3307
122.3422
122.3529
122.3641
122.3751
122.3863
122.3975
122.4084
122.4195
122.4309
122.4417
122.453
122.464
122.475
122.4862
122.4973
122.5084
122.5196
122.5306
122.5417
122.5527
122.564
122.575
122.5862
122.5974
122.6084
122.6195
122.6306
122.6418
122.6528
122.6639
122.6749
122.6861
122.6972
122.7083
122.7195
122.7306
122.7416
122.7528
122.7639
122.775
122.786
122.7973
122.8082
122.8195
122.8305
122.8417
122.8526
122.8637
122.8748
122.886
122.8972
122.9083
122.9195
122.9304
122.9422
122.9528
122.9637
122.9751
122.986
122.9973
123.0082
123.0192
123.0304
123.0415
123.0526
123.0637
123.0749
123.086
123.0975
123.1081
123.1193
123.1304
123.1415
123.1526
123.1635
123.1748
123.1858
123.1974
123.208
123.2192
123.2303
123.2414
123.2526
123.2637
123.2746
123.286
123.2974
123.308
123.319
123.3302
123.3413
123.3524
123.3636
123.3746
123.3858
123.3976
123.408
123.4191
123.4301
123.4412
123.4524
123.4634
123.4746
123.4858
123.4968
123.5079
123.5191
123.5302
123.5411
123.5524
123.5636
123.5745
123.5858
123.5968
123.6078
123.6191
123.6301
123.6413
123.6523
123.6636
123.6745
123.6857
123.6969
123.7077
123.719
123.7301
123.7411
123.7524
123.7634
123.7745
123.7857
123.7969
123.8078
123.8189
123.83
123.8411
123.8522
123.8633
123.8744
123.8856
123.8967
123.9077
123.9187
123.9299
123.941
123.9521
123.9633
123.9743
123.9854
123.9966
124.0076
124.0187
124.0299
124.041
124.052
124.0632
124.0743
124.0854
124.0965
124.1076
124.1187
124.1298
124.1409
124.152
124.1632
124.1742
124.1853
124.1965
124.2075
124.2187
124.2298
124.2409
124.2519
124.2631
124.2741
124.2853
124.2963
124.3075
124.3186
124.3298
124.3407
124.3519
124.3632
124.3741
124.3853
124.3964
124.4074
124.4185
124.4296
124.4407
124.4518
124.4629
124.474
124.4852
124.4963
124.5075
124.5185
124.5296
124.5407
124.5518
124.5632
124.5741
124.5851
124.5963
124.6073
124.6184
124.6297
124.6407
124.6517
124.6631
124.674
124.6851
124.6962
124.7072
124.7184
124.7295
124.7406
124.7517
124.7628
124.7739
124.7853
124.7964
124.8072
124.8184
124.8297
124.8406
124.8517
124.8628
124.8738
124.885
124.8963
124.9073
124.9184
124.9294
124.9404
124.952
124.9627
124.9739
124.9851
124.9961
125.0074
125.0182
125.0293
125.0405
125.0521
125.0627
125.0738
125.085
125.0962
125.1071
125.1183
125.1296
125.1404
125.1515
125.1627
125.1738
125.185
125.196
125.207
125.2182
125.2296
125.2404
125.2516
125.2626
125.2736
125.285
125.2958
125.3069
125.3181
125.3294
125.3403
125.3514
125.3625
125.3735
125.3847
125.3961
125.4069
125.4181
125.4292
125.4403
125.4514
125.4625
125.4735
125.4846
125.4959
125.507
125.518
125.5292
125.5401
125.5514
125.5627
125.5735
125.5848
125.5958
125.6068
125.6179
125.6293
125.6401
125.6514
125.6624
125.6735
125.6846
125.6958
125.7067
125.7178
125.729
125.7401
125.7513
125.7625
125.7735
125.7845
125.7956
125.8067
125.94
125.9513
125.9623
125.9733
125.9844
125.9955
126.0067
126.0178
126.0289
126.0399
126.0512
126.0623
126.0735
126.0844
126.0955
126.1068
126.1178
126.1289
126.14
126.151
126.1622
